-8.09876113925085 -8.09876113925085 1.4144649633590132e-12
-8.09876113925085 -7.411582531485468 1.2262403082244154e-10
-8.09876113925085 -6.840237305249354 3.0138469522230265e-09
-8.09876113925085 -6.3282553512200845 3.691553147239843e-08
-8.09876113925085 -5.8540950560304035 2.818515478156859e-07
-8.09876113925085 -5.406654247970128 1.5126390518487192e-06
-8.09876113925085 -4.979260978545257 6.151631702477798e-06
-8.09876113925085 -4.567502072844396 1.9963582342187996e-05
-8.09876113925085 -4.168257066832499 5.369885244352876e-05
-8.09876113925085 -3.7792067534352225 0.00012326959696748197
-8.09876113925085 -3.3985582658596285 0.00024718218597517757
-8.09876113925085 -3.0248798839012845 0.0004412700372640114
-8.09876113925085 -2.6569959984428952 0.0007124920922215335
-8.09876113925085 -2.2939171418750837 0.00105439876976833
-8.09876113925085 -1.9347914722822965 0.0014461936365090541
-8.09876113925085 -1.578869894931614 0.0018556565604786806
-8.09876113925085 -1.225480109046289 0.0022446480089339162
-8.09876113925085 -0.8740066123570872 0.0025752812889249083
-8.09876113925085 -0.5238747138322762 0.002815190363285855
-8.09876113925085 -0.17453721459758154 0.0029411602861972837
-8.09876113925085 0.17453721459758323 0.0029411602861967243
-8.09876113925085 0.5238747138322778 0.0028151903632841688
-8.09876113925085 0.8740066123570885 0.002575281288922218
-8.09876113925085 1.2254801090462892 0.0022446480089306914
-8.09876113925085 1.578869894931614 0.001855656560475285
-8.09876113925085 1.9347914722822956 0.0014461936365058772
-8.09876113925085 2.2939171418750837 0.0010543987697656234
-8.09876113925085 2.656995998442896 0.0007124920922194447
-8.09876113925085 3.024879883901285 0.0004412700372626224
-8.09876113925085 3.398558265859627 0.00024718218597435525
-8.09876113925085 3.779206753435224 0.00012326959696698752
-8.09876113925085 4.168257066832501 5.3698852443322114e-05
-8.09876113925085 4.5675020728443965 1.996358234212828e-05
-8.09876113925085 4.9792609785452555 6.151631702436906e-06
-8.09876113925085 5.406654247970126 1.5126390517736712e-06
-8.09876113925085 5.854095056030399 2.8185154784220957e-07
-8.09876113925085 6.328255351220081 3.6915531785219855e-08
-8.09876113925085 6.840237305249354 3.013847136589015e-09
-8.09876113925085 7.411582531485466 1.226241384444763e-10
-8.09876113925085 8.098761139250847 1.4144720365395247e-12
-7.411582531485468 -8.09876113925085 1.2262403082735197e-10
-7.411582531485468 -7.411582531485468 8.156083571607852e-09
-7.411582531485468 -6.840237305249354 1.586453552078806e-07
-7.411582531485468 -6.3282553512200845 1.564954209392349e-06
-7.411582531485468 -5.8540950560304035 9.741515379000909e-06
-7.411582531485468 -5.406654247970128 4.3055983177391565e-05
-7.411582531485468 -4.979260978545257 0.00014553913033680456
-7.411582531485468 -4.567502072844396 0.0003961411665802568
-7.411582531485468 -4.168257066832499 0.0009020802864542497
-7.411582531485468 -3.7792067534352225 0.001770452455185021
-7.411582531485468 -3.3985582658596285 0.0030674619560509984
-7.411582531485468 -3.0248798839012845 0.004785588970115468
-7.411582531485468 -2.6569959984428952 0.006835728278258296
-7.411582531485468 -2.2939171418750837 0.009066911247848756
-7.411582531485468 -1.9347914722822965 0.011302216054751027
-7.411582531485468 -1.578869894931614 0.01337458769624547
-7.411582531485468 -1.225480109046289 0.0151506658188404
-7.411582531485468 -0.8740066123570872 0.016538987223031685
-7.411582531485468 -0.5238747138322762 0.017485718913015195
-7.411582531485468 -0.17453721459758154 0.017964165431398626
-7.411582531485468 0.17453721459758323 0.017964165431394237
-7.411582531485468 0.5238747138322778 0.017485718913002646
-7.411582531485468 0.8740066123570885 0.016538987223011888
-7.411582531485468 1.2254801090462892 0.015150665818814878
-7.411582531485468 1.578869894931614 0.01337458769621689
-7.411582531485468 1.9347914722822956 0.011302216054722106
-7.411582531485468 2.2939171418750837 0.009066911247822057
-7.411582531485468 2.656995998442896 0.006835728278235747
-7.411582531485468 3.024879883901285 0.004785588970098166
-7.411582531485468 3.398558265859627 0.003067461956039158
-7.411582531485468 3.779206753435224 0.0017704524551771402
-7.411582531485468 4.168257066832501 0.0009020802864503283
-7.411582531485468 4.5675020728443965 0.00039614116657895725
-7.411582531485468 4.9792609785452555 0.00014553913033579717
-7.411582531485468 5.406654247970126 4.305598317516162e-05
-7.411582531485468 5.854095056030399 9.741515379948755e-06
-7.411582531485468 6.328255351220081 1.5649542232199604e-06
-7.411582531485468 6.840237305249354 1.586453653434727e-07
-7.411582531485468 7.411582531485466 8.156091049819427e-09
-7.411582531485468 8.098761139250847 1.2262467146025604e-10
-6.840237305249354 -8.09876113925085 3.0138469521453067e-09
-6.840237305249354 -7.411582531485468 1.5864535520782554e-07
-6.840237305249354 -6.840237305249354 2.506720104480801e-06
-6.840237305249354 -6.3282553512200845 2.03684271204692e-05
-6.840237305249354 -5.8540950560304035 0.0001053996784980988
-6.840237305249354 -5.406654247970128 0.00039006030441304454
-6.840237305249354 -4.979260978545257 0.0011111243323600048
-6.840237305249354 -4.567502072844396 0.002564995351026589
-6.840237305249354 -4.168257066832499 0.0049872599212228185
-6.840237305249354 -3.7792067534352225 0.00841972663469292
-6.840237305249354 -3.3985582658596285 0.012652974808979815
-6.840237305249354 -3.0248798839012845 0.01728254938841453
-6.840237305249354 -2.6569959984428952 0.02184132422886788
-6.840237305249354 -2.2939171418750837 0.025933894146395076
-6.840237305249354 -1.9347914722822965 0.029316516650756387
-6.840237305249354 -1.578869894931614 0.03190889161468761
-6.840237305249354 -1.225480109046289 0.03375696413103089
-6.840237305249354 -0.8740066123570872 0.03497616638507191
-6.840237305249354 -0.5238747138322762 0.03569773647968316
-6.840237305249354 -0.17453721459758154 0.03602895674670404
-6.840237305249354 0.17453721459758323 0.03602895674669466
-6.840237305249354 0.5238747138322778 0.03569773647965467
-6.840237305249354 0.8740066123570885 0.034976166385025584
-6.840237305249354 1.2254801090462892 0.0337569641309683
-6.840237305249354 1.578869894931614 0.03190889161461236
-6.840237305249354 1.9347914722822956 0.029316516650674015
-6.840237305249354 2.2939171418750837 0.025933894146311868
-6.840237305249354 2.656995998442896 0.021841324228788365
-6.840237305249354 3.024879883901285 0.017282549388345145
-6.840237305249354 3.398558265859627 0.01265297480892556
-6.840237305249354 3.779206753435224 0.008419726634651611
-6.840237305249354 4.168257066832501 0.00498725992119891
-6.840237305249354 4.5675020728443965 0.002564995351017194
-6.840237305249354 4.9792609785452555 0.0011111243323514964
-6.840237305249354 5.406654247970126 0.00039006030439209005
-6.840237305249354 5.854095056030399 0.00010539967850848465
-6.840237305249354 6.328255351220081 2.036842730434088e-05
-6.840237305249354 6.840237305249354 2.5067202682106625e-06
-6.840237305249354 7.411582531485466 1.5864550400348457e-07
-6.840237305249354 8.098761139250847 3.0138630680389293e-09
-6.3282553512200845 -8.09876113925085 3.691553147244465e-08
-6.3282553512200845 -7.411582531485468 1.5649542093921539e-06
-6.3282553512200845 -6.840237305249354 2.0368427120458412e-05
-6.3282553512200845 -6.3282553512200845 0.00013792149227926333
-6.3282553512200845 -5.8540950560304035 0.0005990491063052089
-6.3282553512200845 -5.406654247970128 0.0018709423364725063
-6.3282553512200845 -4.979260978545257 0.004519273700261888
-6.3282553512200845 -4.567502072844396 0.008888923901317168
-6.3282553512200845 -4.168257066832499 0.014803189673710379
-6.3282553512200845 -3.7792067534352225 0.021534411585504294
-6.3282553512200845 -3.3985582658596285 0.028081821038742443
-6.3282553512200845 -3.0248798839012845 0.03356019875371826
-6.3282553512200845 -2.6569959984428952 0.037467868266176374
-6.3282553512200845 -2.2939171418750837 0.03973954651736674
-6.3282553512200845 -1.9347914722822965 0.040635069901698025
-6.3282553512200845 -1.578869894931614 0.04057190944179768
-6.3282553512200845 -1.225480109046289 0.03998380854300379
-6.3282553512200845 -0.8740066123570872 0.03923740072803088
-6.3282553512200845 -0.5238747138322762 0.03860059251186892
-6.3282553512200845 -0.17453721459758154 0.038242112180103295
-6.3282553512200845 0.17453721459758323 0.038242112180093074
-6.3282553512200845 0.5238747138322778 0.03860059251183655
-6.3282553512200845 0.8740066123570885 0.0392374007279751
-6.3282553512200845 1.2254801090462892 0.039983808542923965
-6.3282553512200845 1.578869894931614 0.04057190944169405
-6.3282553512200845 1.9347914722822956 0.04063506990157361
-6.3282553512200845 2.2939171418750837 0.0397395465172275
-6.3282553512200845 2.656995998442896 0.03746786826602816
-6.3282553512200845 3.024879883901285 0.03356019875357189
-6.3282553512200845 3.398558265859627 0.028081821038610687
-6.3282553512200845 3.779206753435224 0.021534411585388914
-6.3282553512200845 4.168257066832501 0.014803189673632481
-6.3282553512200845 4.5675020728443965 0.008888923901280512
-6.3282553512200845 4.9792609785452555 0.0045192737002248224
-6.3282553512200845 5.406654247970126 0.0018709423363697305
-6.3282553512200845 5.854095056030399 0.0005990491063647632
-6.3282553512200845 6.328255351220081 0.00013792149354179017
-6.3282553512200845 6.840237305249354 2.036842847007824e-05
-6.3282553512200845 7.411582531485466 1.5649556991237451e-06
-6.3282553512200845 8.098761139250847 3.6915731935331495e-08
-5.8540950560304035 -8.09876113925085 2.8185154781559876e-07
-5.8540950560304035 -7.411582531485468 9.74151537899251e-06
-5.8540950560304035 -6.840237305249354 0.00010539967849806247
-5.8540950560304035 -6.3282553512200845 0.0005990491063051124
-5.8540950560304035 -5.8540950560304035 0.0021958939032841085
-5.8540950560304035 -5.406654247970128 0.005810077255781453
-5.8540950560304035 -4.979260978545257 0.011927539071818335
-5.8540950560304035 -4.567502072844396 0.02000350026748041
-5.8540950560304035 -4.168257066832499 0.028511222546152
-5.8540950560304035 -3.7792067534352225 0.03566141165543078
-5.8540950560304035 -3.3985582658596285 0.04021557337383955
-5.8540950560304035 -3.0248798839012845 0.04186034892958508
-5.8540950560304035 -2.6569959984428952 0.04106263995070723
-5.8540950560304035 -2.2939171418750837 0.03867070283095073
-5.8540950560304035 -1.9347914722822965 0.035546044137313985
-5.8540950560304035 -1.578869894931614 0.03236007392049873
-5.8540950560304035 -1.225480109046289 0.02954547783173228
-5.8540950560304035 -0.8740066123570872 0.027336752884658505
-5.8540950560304035 -0.5238747138322762 0.025838201505778258
-5.8540950560304035 -0.17453721459758154 0.025085123556414766
-5.8540950560304035 0.17453721459758323 0.02508512355640723
-5.8540950560304035 0.5238747138322778 0.025838201505754447
-5.8540950560304035 0.8740066123570885 0.02733675288461589
-5.8540950560304035 1.2254801090462892 0.029545477831667756
-5.8540950560304035 1.578869894931614 0.03236007392040906
-5.8540950560304035 1.9347914722822956 0.035546044137196336
-5.8540950560304035 2.2939171418750837 0.03867070283080344
-5.8540950560304035 2.656995998442896 0.041062639950530444
-5.8540950560304035 3.024879883901285 0.041860348929386434
-5.8540950560304035 3.398558265859627 0.040215573373635245
-5.8540950560304035 3.779206753435224 0.03566141165522561
-5.8540950560304035 4.168257066832501 0.02851122254599062
-5.8540950560304035 4.5675020728443965 0.02000350026738944
-5.8540950560304035 4.9792609785452555 0.01192753907171534
-5.8540950560304035 5.406654247970126 0.005810077255457489
-5.8540950560304035 5.854095056030399 0.0021958939035039374
-5.8540950560304035 6.328255351220081 0.0005990491118442038
-5.8540950560304035 6.840237305249354 0.00010539968555463274
-5.8540950560304035 7.411582531485466 9.741524752538477e-06
-5.8540950560304035 8.098761139250847 2.8185309571056107e-07
-5.406654247970128 -8.09876113925085 1.51263905184733e-06
-5.406654247970128 -7.411582531485468 4.305598317737586e-05
-5.406654247970128 -6.840237305249354 0.000390060304412919
-5.406654247970128 -6.3282553512200845 0.0018709423364720445
-5.406654247970128 -5.8540950560304035 0.005810077255780835
-5.406654247970128 -5.406654247970128 0.013053154031092888
-5.406654247970128 -4.979260978545257 0.02279159423936556
-5.406654247970128 -4.567502072844396 0.03256728257137465
-5.406654247970128 -4.168257066832499 0.039639697361607405
-5.406654247970128 -3.7792067534352225 0.042475904255257546
-5.406654247970128 -3.3985582658596285 0.0412198980595041
-5.406654247970128 -3.0248798839012845 0.03714605820042488
-5.406654247970128 -2.6569959984428952 0.03179714426108149
-5.406654247970128 -2.2939171418750837 0.026393362888475328
-5.406654247970128 -1.9347914722822965 0.02164622474425914
-5.406654247970128 -1.578869894931614 0.0178392647454089
-5.406654247970128 -1.225480109046289 0.014993094231007252
-5.406654247970128 -0.8740066123570872 0.013010894917855634
-5.406654247970128 -0.5238747138322762 0.011771417723618019
-5.406654247970128 -0.17453721459758154 0.011177674231495696
-5.406654247970128 0.17453721459758323 0.011177674231491736
-5.406654247970128 0.5238747138322778 0.011771417723605798
-5.406654247970128 0.8740066123570885 0.013010894917833032
-5.406654247970128 1.2254801090462892 0.014993094230970918
-5.406654247970128 1.578869894931614 0.01783926474535476
-5.406654247970128 1.9347914722822956 0.021646224744181368
-5.406654247970128 2.2939171418750837 0.02639336288836689
-5.406654247970128 2.656995998442896 0.03179714426093403
-5.406654247970128 3.024879883901285 0.037146058200234644
-5.406654247970128 3.398558265859627 0.041219898059278164
-5.406654247970128 3.779206753435224 0.042475904254996755
-5.406654247970128 4.168257066832501 0.03963969736136837
-5.406654247970128 4.5675020728443965 0.03256728257121587
-5.406654247970128 4.9792609785452555 0.02279159423916053
-5.406654247970128 5.406654247970126 0.013053154030356121
-5.406654247970128 5.854095056030399 0.005810077256365764
-5.406654247970128 6.328255351220081 0.0018709423539049874
-5.406654247970128 6.840237305249354 0.00039006033073576534
-5.406654247970128 7.411582531485466 4.305602495079857e-05
-5.406654247970128 8.098761139250847 1.5126474318575285e-06
-4.979260978545257 -8.09876113925085 6.151631702480315e-06
-4.979260978545257 -7.411582531485468 0.00014553913033678336
-4.979260978545257 -6.840237305249354 0.0011111243323596296
-4.979260978545257 -6.3282553512200845 0.004519273700260778
-4.979260978545257 -5.8540950560304035 0.01192753907181641
-4.979260978545257 -5.406654247970128 0.022791594239363604
-4.979260978545257 -4.979260978545257 0.03385076465405026
-4.979260978545257 -4.567502072844396 0.04115042704879704
-4.979260978545257 -4.168257066832499 0.042637796954051
-4.979260978545257 -3.7792067534352225 0.03895477664599137
-4.979260978545257 -3.3985582658596285 0.03232457023193586
-4.979260978545257 -3.0248798839012845 0.02502391361151215
-4.979260978545257 -2.6569959984428952 0.018525157717816203
-4.979260978545257 -2.2939171418750837 0.013420736094998728
-4.979260978545257 -1.9347914722822965 0.009721065056574376
-4.979260978545257 -1.578869894931614 0.0071803414904027
-4.979260978545257 -1.225480109046289 0.005504506094559728
-4.979260978545257 -0.8740066123570872 0.004446122789954877
-4.979260978545257 -0.5238747138322762 0.0038293329379569217
-4.979260978545257 -0.17453721459758154 0.00354621434915239
-4.979260978545257 0.17453721459758323 0.003546214349151056
-4.979260978545257 0.5238747138322778 0.0038293329379525663
-4.979260978545257 0.8740066123570885 0.004446122789946495
-4.979260978545257 1.2254801090462892 0.005504506094545198
-4.979260978545257 1.578869894931614 0.0071803414903789786
-4.979260978545257 1.9347914722822956 0.009721065056536561
-4.979260978545257 2.2939171418750837 0.013420736094938974
-4.979260978545257 2.656995998442896 0.018525157717723534
-4.979260978545257 3.024879883901285 0.02502391361137482
-4.979260978545257 3.398558265859627 0.032324570231746765
-4.979260978545257 3.779206753435224 0.038954776645737814
-4.979260978545257 4.168257066832501 0.0426377969537781
-4.979260978545257 4.5675020728443965 0.04115042704858148
-4.979260978545257 4.9792609785452555 0.03385076465373374
-4.979260978545257 5.406654247970126 0.022791594238063574
-4.979260978545257 5.854095056030399 0.01192753907302155
-4.979260978545257 6.328255351220081 0.004519273742627179
-4.979260978545257 6.840237305249354 0.0011111244078175109
-4.979260978545257 7.411582531485466 0.00014553927247388116
-4.979260978545257 8.098761139250847 6.151666021528648e-06
-4.567502072844396 -8.09876113925085 1.9963582342185207e-05
-4.567502072844396 -7.411582531485468 0.00039614116658013356
-4.567502072844396 -6.840237305249354 0.0025649953510257814
-4.567502072844396 -6.3282553512200845 0.008888923901314374
-4.567502072844396 -5.8540950560304035 0.020003500267475126
-4.567502072844396 -5.406654247970128 0.03256728257136928
-4.567502072844396 -4.979260978545257 0.041150427048793604
-4.567502072844396 -4.567502072844396 0.042492994798798533
-4.567502072844396 -4.168257066832499 0.0373576076135989
-4.567502072844396 -3.7792067534352225 0.02895288827132444
-4.567502072844396 -3.3985582658596285 0.020403030752103177
-4.567502072844396 -3.0248798839012845 0.013454058983265493
-4.567502072844396 -2.6569959984428952 0.008529260420160785
-4.567502072844396 -2.2939171418750837 0.005335092997390192
-4.567502072844396 -1.9347914722822965 0.0033748503218592866
-4.567502072844396 -1.578869894931614 0.0022098798226945966
-4.567502072844396 -1.225480109046289 0.0015299429440913579
-4.567502072844396 -0.8740066123570872 0.0011408164043586891
-4.567502072844396 -0.5238747138322762 0.0009298760225723486
-4.567502072844396 -0.17453721459758154 0.000837258658124147
-4.567502072844396 0.17453721459758323 0.0008372586581237633
-4.567502072844396 0.5238747138322778 0.0009298760225710755
-4.567502072844396 0.8740066123570885 0.001140816404356217
-4.567502072844396 1.2254801090462892 0.0015299429440869465
-4.567502072844396 1.578869894931614 0.002209879822686812
-4.567502072844396 1.9347914722822956 0.003374850321845249
-4.567502072844396 2.2939171418750837 0.005335092997364612
-4.567502072844396 2.656995998442896 0.008529260420114933
-4.567502072844396 3.024879883901285 0.013454058983186284
-4.567502072844396 3.398558265859627 0.020403030751975734
-4.567502072844396 3.779206753435224 0.028952888271125125
-4.567502072844396 4.168257066832501 0.03735760761334619
-4.567502072844396 4.5675020728443965 0.04249299479856101
-4.567502072844396 4.9792609785452555 0.041150427048394556
-4.567502072844396 5.406654247970126 0.03256728256949403
-4.567502072844396 5.854095056030399 0.0200035002695011
-4.567502072844396 6.328255351220081 0.008888923985058556
-4.567502072844396 6.840237305249354 0.0025649955261165727
-4.567502072844396 7.411582531485466 0.0003961415555499224
-4.567502072844396 8.098761139250847 1.9963694356752927e-05
-4.168257066832499 -8.09876113925085 5.369885244350728e-05
-4.168257066832499 -7.411582531485468 0.0009020802864538524
-4.168257066832499 -6.840237305249354 0.004987259921220749
-4.168257066832499 -6.3282553512200845 0.014803189673704368
-4.168257066832499 -5.8540950560304035 0.028511222546142204
-4.168257066832499 -5.406654247970128 0.03963969736159736
-4.168257066832499 -4.979260978545257 0.042637796954043156
-4.168257066832499 -4.567502072844396 0.03735760761359538
-4.168257066832499 -4.168257066832499 0.027779872093225026
-4.168257066832499 -3.7792067534352225 0.018169121027541268
-4.168257066832499 -3.3985582658596285 0.010793121328192075
-4.168257066832499 -3.0248798839012845 0.006004467026370821
-4.168257066832499 -2.6569959984428952 0.0032217875407628124
-4.168257066832499 -2.2939171418750837 0.0017167238965472883
-4.168257066832499 -1.9347914722822965 0.0009345031749954357
-4.168257066832499 -1.578869894931614 0.0005343164332782214
-4.168257066832499 -1.225480109046289 0.0003292310562841428
-4.168257066832499 -0.8740066123570872 0.00022378576250499247
-4.168257066832499 -0.5238747138322762 0.0001710040118541794
-4.168257066832499 -0.17453721459758154 0.00014895265242910783
-4.168257066832499 0.17453721459758323 0.00014895265242903597
-4.168257066832499 0.5238747138322778 0.00017100401185392717
-4.168257066832499 0.8740066123570885 0.00022378576250449913
-4.168257066832499 1.2254801090462892 0.00032923105628313585
-4.168257066832499 1.578869894931614 0.0005343164332762357
-4.168257066832499 1.9347914722822956 0.0009345031749913441
-4.168257066832499 2.2939171418750837 0.0017167238965384694
-4.168257066832499 2.656995998442896 0.0032217875407442044
-4.168257066832499 3.024879883901285 0.006004467026332912
-4.168257066832499 3.398558265859627 0.010793121328119963
-4.168257066832499 3.779206753435224 0.018169121027408978
-4.168257066832499 4.168257066832501 0.02777987209302687
-4.168257066832499 4.5675020728443965 0.03735760761337451
-4.168257066832499 4.9792609785452555 0.04263779695361584
-4.168257066832499 5.406654247970126 0.03963969735929441
-4.168257066832499 5.854095056030399 0.02851122254903361
-4.168257066832499 6.328255351220081 0.014803189813741834
-4.168257066832499 6.840237305249354 0.004987260263116809
-4.168257066832499 7.411582531485466 0.0009020811761765368
-4.168257066832499 8.098761139250847 5.369915518944715e-05
-3.7792067534352225 -8.09876113925085 0.00012326959696739833
-3.7792067534352225 -7.411582531485468 0.0017704524551840084
-3.7792067534352225 -6.840237305249354 0.008419726634688447
-3.7792067534352225 -6.3282553512200845 0.021534411585493747
-3.7792067534352225 -5.8540950560304035 0.035661411655414976
-3.7792067534352225 -5.406654247970128 0.04247590425524163
-3.7792067534352225 -4.979260978545257 0.038954776645979336
-3.7792067534352225 -4.567502072844396 0.028952888271318467
-3.7792067534352225 -4.168257066832499 0.018169121027539377
-3.7792067534352225 -3.7792067534352225 0.009983010681437289
-3.7792067534352225 -3.3985582658596285 0.004964124731352023
-3.7792067534352225 -3.0248798839012845 0.002308114570466214
-3.7792067534352225 -2.6569959984428952 0.0010359260213430083
-3.7792067534352225 -2.2939171418750837 0.00046392036496548886
-3.7792067534352225 -1.9347914722822965 0.00021414020448558147
-3.7792067534352225 -1.578869894931614 0.0001053711899669168
-3.7792067534352225 -1.225480109046289 5.701162555733117e-05
-3.7792067534352225 -0.8740066123570872 3.4945471321304215e-05
-3.7792067534352225 -0.5238747138322762 2.484031235647752e-05
-3.7792067534352225 -0.17453721459758154 2.0851273313418465e-05
-3.7792067534352225 0.17453721459758323 2.085127331339983e-05
-3.7792067534352225 0.5238747138322778 2.484031235643914e-05
-3.7792067534352225 0.8740066123570885 3.494547132122553e-05
-3.7792067534352225 1.2254801090462892 5.7011625557146875e-05
-3.7792067534352225 1.578869894931614 0.00010537118996652397
-3.7792067534352225 1.9347914722822956 0.00021414020448460612
-3.7792067534352225 2.2939171418750837 0.00046392036496288786
-3.7792067534352225 2.656995998442896 0.001035926021336396
-3.7792067534352225 3.024879883901285 0.0023081145704504777
-3.7792067534352225 3.398558265859627 0.004964124731316698
-3.7792067534352225 3.779206753435224 0.009983010681360524
-3.7792067534352225 4.168257066832501 0.01816912102740308
-3.7792067534352225 4.5675020728443965 0.028952888271137893
-3.7792067534352225 4.9792609785452555 0.0389547766455771
-3.7792067534352225 5.406654247970126 0.0424759042527553
-3.7792067534352225 5.854095056030399 0.03566141165903506
-3.7792067534352225 6.328255351220081 0.021534411789911324
-3.7792067534352225 6.840237305249354 0.008419727213968628
-3.7792067534352225 7.411582531485466 0.0017704542079644689
-3.7792067534352225 8.098761139250847 0.00012327029474980036
-3.3985582658596285 -8.09876113925085 0.00024718218597497856
-3.3985582658596285 -7.411582531485468 0.0030674619560489545
-3.3985582658596285 -6.840237305249354 0.012652974808972
-3.3985582658596285 -6.3282553512200845 0.028081821038725613
-3.3985582658596285 -5.8540950560304035 0.0402155733738169
-3.3985582658596285 -5.406654247970128 0.041219898059482604
-3.3985582658596285 -4.979260978545257 0.032324570231921694
-3.3985582658596285 -4.567502072844396 0.020403030752095735
-3.3985582658596285 -4.168257066832499 0.010793121328189062
-3.3985582658596285 -3.7792067534352225 0.004964124731351268
-3.3985582658596285 -3.3985582658596285 0.0020525867098354703
-3.3985582658596285 -3.0248798839012845 0.0007898092780082925
-3.3985582658596285 -2.6569959984428952 0.0002924456226317117
-3.3985582658596285 -2.2939171418750837 0.00010817576984722087
-3.3985582658596285 -1.9347914722822965 4.1428622317637665e-05
-3.3985582658596285 -1.578869894931614 1.712189607671039e-05
-3.3985582658596285 -1.225480109046289 7.915961017226497e-06
-3.3985582658596285 -0.8740066123570872 4.266077455936078e-06
-3.3985582658596285 -0.5238747138322762 2.760483936712716e-06
-3.3985582658596285 -0.17453721459758154 2.2069870121954695e-06
-3.3985582658596285 0.17453721459758323 2.2069870121932253e-06
-3.3985582658596285 0.5238747138322778 2.7604839367078077e-06
-3.3985582658596285 0.8740066123570885 4.266077455926301e-06
-3.3985582658596285 1.2254801090462892 7.9159610172043e-06
-3.3985582658596285 1.578869894931614 1.712189607664962e-05
-3.3985582658596285 1.9347914722822956 4.1428622317437854e-05
-3.3985582658596285 2.2939171418750837 0.00010817576984657975
-3.3985582658596285 2.656995998442896 0.00029244562262972735
-3.3985582658596285 3.024879883901285 0.0007898092780024816
-3.3985582658596285 3.398558265859627 0.002052586709819879
-3.3985582658596285 3.779206753435224 0.004964124731311122
-3.3985582658596285 4.168257066832501 0.010793121328104505
-3.3985582658596285 4.5675020728443965 0.020403030751962266
-3.3985582658596285 4.9792609785452555 0.03232457023157851
-3.3985582658596285 5.406654247970126 0.04121989805705398
-3.3985582658596285 5.854095056030399 0.04021557337790271
-3.3985582658596285 6.328255351220081 0.028081821306073614
-3.3985582658596285 6.840237305249354 0.012652975682147669
-3.3985582658596285 7.411582531485466 0.003067465002577293
-3.3985582658596285 8.098761139250847 0.00024718358997127083
-3.0248798839012845 -8.09876113925085 0.00044127003726361055
-3.0248798839012845 -7.411582531485468 0.0047855889701118245
-3.0248798839012845 -6.840237305249354 0.017282549388401854
-3.0248798839012845 -6.3282553512200845 0.03356019875369464
-3.0248798839012845 -5.8540950560304035 0.041860348929556805
-3.0248798839012845 -5.406654247970128 0.03714605820040151
-3.0248798839012845 -4.979260978545257 0.02502391361149831
-3.0248798839012845 -4.567502072844396 0.013454058983258866
-3.0248798839012845 -4.168257066832499 0.006004467026368397
-3.0248798839012845 -3.7792067534352225 0.0023081145704655476
-3.0248798839012845 -3.3985582658596285 0.0007898092780081354
-3.0248798839012845 -3.0248798839012845 0.0002495810185303623
-3.0248798839012845 -2.6569959984428952 7.536304143816838e-05
-3.0248798839012845 -2.2939171418750837 2.2727219169664545e-05
-3.0248798839012845 -1.9347914722822965 7.1097278343231e-06
-3.0248798839012845 -1.578869894931614 2.4413880937738742e-06
-3.0248798839012845 -1.225480109046289 9.555145970688198e-07
-3.0248798839012845 -0.8740066123570872 4.5388116540771643e-07
-3.0248798839012845 -0.5238747138322762 2.680816804335773e-07
-3.0248798839012845 -0.17453721459758154 2.0544759044891076e-07
-3.0248798839012845 0.17453721459758323 2.054475904492688e-07
-3.0248798839012845 0.5238747138322778 2.680816804336903e-07
-3.0248798839012845 0.8740066123570885 4.5388116540838886e-07
-3.0248798839012845 1.2254801090462892 9.555145970694973e-07
-3.0248798839012845 1.578869894931614 2.4413880937666744e-06
-3.0248798839012845 1.9347914722822956 7.109727834284668e-06
-3.0248798839012845 2.2939171418750837 2.2727219169528955e-05
-3.0248798839012845 2.656995998442896 7.536304143765008e-05
-3.0248798839012845 3.024879883901285 0.0002495810185284357
-3.0248798839012845 3.398558265859627 0.000789809278001823
-3.0248798839012845 3.779206753435224 0.0023081145704459383
-3.0248798839012845 4.168257066832501 0.0060044670263192735
-3.0248798839012845 4.5675020728443965 0.013454058983166942
-3.0248798839012845 4.9792609785452555 0.025023913611225634
-3.0248798839012845 5.406654247970126 0.03714605819819961
-3.0248798839012845 5.854095056030399 0.041860348933812394
-3.0248798839012845 6.328255351220081 0.0335601990739911
-3.0248798839012845 6.840237305249354 0.01728255058413896
-3.0248798839012845 7.411582531485466 0.004785593735902856
-3.0248798839012845 8.098761139250847 0.00044127255097421725
-2.6569959984428952 -8.09876113925085 0.0007124920922208284
-2.6569959984428952 -7.411582531485468 0.00683572827825239
-2.6569959984428952 -6.840237305249354 0.02184132422884965
-2.6569959984428952 -6.3282553512200845 0.037467868266145565
-2.6569959984428952 -5.8540950560304035 0.041062639950674586
-2.6569959984428952 -5.406654247970128 0.03179714426105783
-2.6569959984428952 -4.979260978545257 0.018525157717803813
-2.6569959984428952 -4.567502072844396 0.008529260420155605
-2.6569959984428952 -4.168257066832499 0.0032217875407611713
-2.6569959984428952 -3.7792067534352225 0.001035926021342519
-2.6569959984428952 -3.3985582658596285 0.0002924456226315831
-2.6569959984428952 -3.0248798839012845 7.536304143815035e-05
-2.6569959984428952 -2.6569959984428952 1.8280084295959804e-05
-2.6569959984428952 -2.2939171418750837 4.399858953061381e-06
-2.6569959984428952 -1.9347914722822965 1.0796108574388146e-06
-2.6569959984428952 -1.578869894931614 2.930801833739455e-07
-2.6569959984428952 -1.225480109046289 8.86140742209442e-08
-2.6569959984428952 -0.8740066123570872 3.391849308407292e-08
-2.6569959984428952 -0.5238747138322762 1.6197088718254638e-08
-2.6569959984428952 -0.17453721459758154 1.1198825700064203e-08
-2.6569959984428952 0.17453721459758323 1.1198825700176822e-08
-2.6569959984428952 0.5238747138322778 1.619708871848233e-08
-2.6569959984428952 0.8740066123570885 3.391849308414416e-08
-2.6569959984428952 1.2254801090462892 8.861407422106764e-08
-2.6569959984428952 1.578869894931614 2.930801833732214e-07
-2.6569959984428952 1.9347914722822956 1.0796108574326468e-06
-2.6569959984428952 2.2939171418750837 4.399858953037763e-06
-2.6569959984428952 2.656995998442896 1.8280084295834298e-05
-2.6569959984428952 3.024879883901285 7.536304143756696e-05
-2.6569959984428952 3.398558265859627 0.0002924456226291787
-2.6569959984428952 3.779206753435224 0.0010359260213333753
-2.6569959984428952 4.168257066832501 0.0032217875407337276
-2.6569959984428952 4.5675020728443965 0.008529260420094734
-2.6569959984428952 4.9792609785452555 0.018525157717596625
-2.6569959984428952 5.406654247970126 0.03179714425916272
-2.6569959984428952 5.854095056030399 0.04106263995485068
-2.6569959984428952 6.328255351220081 0.037467868624489135
-2.6569959984428952 6.840237305249354 0.021841325743301936
-2.6569959984428952 7.411582531485466 0.00683573510130982
-2.6569959984428952 8.098761139250847 0.0007124961609769959
-2.2939171418750837 -8.09876113925085 0.0010543987697672335
-2.2939171418750837 -7.411582531485468 0.00906691124783986
-2.2939171418750837 -6.840237305249354 0.025933894146370366
-2.2939171418750837 -6.3282553512200845 0.0397395465173288
-2.2939171418750837 -5.8540950560304035 0.038670702830915074
-2.2939171418750837 -5.406654247970128 0.026393362888452353
-2.2939171418750837 -4.979260978545257 0.013420736094987973
-2.2939171418750837 -4.567502072844396 0.005335092997386171
-2.2939171418750837 -4.168257066832499 0.001716723896546173
-2.2939171418750837 -3.7792067534352225 0.0004639203649652025
-2.2939171418750837 -3.3985582658596285 0.00010817576984715083
-2.2939171418750837 -3.0248798839012845 2.2727219169663173e-05
-2.2939171418750837 -2.6569959984428952 4.399858953062602e-06
-2.2939171418750837 -2.2939171418750837 8.476894510557771e-07
-2.2939171418750837 -1.9347914722822965 1.6281973138234252e-07
-2.2939171418750837 -1.578869894931614 3.736325673833616e-08
-2.2939171418750837 -1.225480109046289 9.443162143726333e-09
-2.2939171418750837 -0.8740066123570872 3.737747154825626e-09
-2.2939171418750837 -0.5238747138322762 1.7818335304159298e-09
-2.2939171418750837 -0.17453721459758154 1.3648756293623237e-09
-2.2939171418750837 0.17453721459758323 1.3648756293712883e-09
-2.2939171418750837 0.5238747138322778 1.7818335304413323e-09
-2.2939171418750837 0.8740066123570885 3.737747154818246e-09
-2.2939171418750837 1.2254801090462892 9.443162143565677e-09
-2.2939171418750837 1.578869894931614 3.7363256737868463e-08
-2.2939171418750837 1.9347914722822956 1.6281973138166082e-07
-2.2939171418750837 2.2939171418750837 8.476894510515374e-07
-2.2939171418750837 2.656995998442896 4.399858953031001e-06
-2.2939171418750837 3.024879883901285 2.272721916948265e-05
-2.2939171418750837 3.398558265859627 0.00010817576984626725
-2.2939171418750837 3.779206753435224 0.0004639203649609796
-2.2939171418750837 4.168257066832501 0.001716723896530972
-2.2939171418750837 4.5675020728443965 0.005335092997346356
-2.2939171418750837 4.9792609785452555 0.013420736094833718
-2.2939171418750837 5.406654247970126 0.0263933628868703
-2.2939171418750837 5.854095056030399 0.038670702834847644
-2.2939171418750837 6.328255351220081 0.03973954689807274
-2.2939171418750837 6.840237305249354 0.02593389594791087
-2.2939171418750837 7.411582531485466 0.009066920315419889
-2.2939171418750837 8.098761139250847 0.001054404803541686
-1.9347914722822965 -8.09876113925085 0.0014461936365074515
-1.9347914722822965 -7.411582531485468 0.011302216054738624
-1.9347914722822965 -6.840237305249354 0.02931651665072416
-1.9347914722822965 -6.3282553512200845 0.04063506990165394
-1.9347914722822965 -5.8540950560304035 0.035546044137276696
-1.9347914722822965 -5.406654247970128 0.021646224744237597
-1.9347914722822965 -4.979260978545257 0.009721065056565448
-1.9347914722822965 -4.567502072844396 0.0033748503218563315
-1.9347914722822965 -4.168257066832499 0.0009345031749947066
-1.9347914722822965 -3.7792067534352225 0.00021414020448545595
-1.9347914722822965 -3.3985582658596285 4.1428622317612214e-05
-1.9347914722822965 -3.0248798839012845 7.1097278343208525e-06
-1.9347914722822965 -2.6569959984428952 1.0796108574391812e-06
-1.9347914722822965 -2.2939171418750837 1.6281973138304492e-07
-1.9347914722822965 -1.9347914722822965 2.1324354206007323e-08
-1.9347914722822965 -1.578869894931614 3.5965447756023984e-09
-1.9347914722822965 -1.225480109046289 3.236520369789879e-10
-1.9347914722822965 -0.8740066123570872 9.827885812859499e-11
-1.9347914722822965 -0.5238747138322762 1.0065135305200048e-11
-1.9347914722822965 -0.17453721459758154 2.3465221329743668e-11
-1.9347914722822965 0.17453721459758323 2.3465221321913173e-11
-1.9347914722822965 0.5238747138322778 1.0065135300320927e-11
-1.9347914722822965 0.8740066123570885 9.827885813801935e-11
-1.9347914722822965 1.2254801090462892 3.2365203699279926e-10
-1.9347914722822965 1.578869894931614 3.596544775725076e-09
-1.9347914722822965 1.9347914722822956 2.1324354206050432e-08
-1.9347914722822965 2.2939171418750837 1.628197313815361e-07
-1.9347914722822965 2.656995998442896 1.0796108574321868e-06
-1.9347914722822965 3.024879883901285 7.109727834267756e-06
-1.9347914722822965 3.398558265859627 4.142862231726824e-05
-1.9347914722822965 3.779206753435224 0.00021414020448346288
-1.9347914722822965 4.168257066832501 0.0009345031749862104
-1.9347914722822965 4.5675020728443965 0.0033748503218302066
-1.9347914722822965 4.9792609785452555 0.009721065056451223
-1.9347914722822965 5.406654247970126 0.021646224742933557
-1.9347914722822965 5.854095056030399 0.0355460441408906
-1.9347914722822965 6.328255351220081 0.040635070291552604
-1.9347914722822965 6.840237305249354 0.02931651869036962
-1.9347914722822965 7.411582531485466 0.011302227375945459
-1.9347914722822965 8.098761139250847 0.0014462019266469886
-1.578869894931614 -8.09876113925085 0.0018556565604765586
-1.578869894931614 -7.411582531485468 0.013374587696229201
-1.578869894931614 -6.840237305249354 0.03190889161464837
-1.578869894931614 -6.3282553512200845 0.04057190944174841
-1.578869894931614 -5.8540950560304035 0.03236007392046018
-1.578869894931614 -5.406654247970128 0.017839264745388123
-1.578869894931614 -4.979260978545257 0.007180341490394903
-1.578869894931614 -4.567502072844396 0.0022098798226922994
-1.578869894931614 -4.168257066832499 0.0005343164332776448
-1.578869894931614 -3.7792067534352225 0.00010537118996682076
-1.578869894931614 -3.3985582658596285 1.7121896076693987e-05
-1.578869894931614 -3.0248798839012845 2.441388093767948e-06
-1.578869894931614 -2.6569959984428952 2.930801833737738e-07
-1.578869894931614 -2.2939171418750837 3.736325673837943e-08
-1.578869894931614 -1.9347914722822965 3.5965447757092817e-09
-1.578869894931614 -1.578869894931614 8.562892378326611e-10
-1.578869894931614 -1.225480109046289 1.2890944195823035e-10
-1.578869894931614 -0.8740066123570872 1.38342721673207e-10
-1.578869894931614 -0.5238747138322762 8.056624541792233e-11
-1.578869894931614 -0.17453721459758154 9.160425957840217e-11
-1.578869894931614 0.17453721459758323 9.160425955770923e-11
-1.578869894931614 0.5238747138322778 8.056624541091458e-11
-1.578869894931614 0.8740066123570885 1.383427216680936e-10
-1.578869894931614 1.2254801090462892 1.2890944194445678e-10
-1.578869894931614 1.578869894931614 8.562892378432114e-10
-1.578869894931614 1.9347914722822956 3.596544775595732e-09
-1.578869894931614 2.2939171418750837 3.7363256738001765e-08
-1.578869894931614 2.656995998442896 2.930801833727852e-07
-1.578869894931614 3.024879883901285 2.441388093753162e-06
-1.578869894931614 3.398558265859627 1.7121896076540664e-05
-1.578869894931614 3.779206753435224 0.0001053711899658174
-1.578869894931614 4.168257066832501 0.0005343164332727019
-1.578869894931614 4.5675020728443965 0.002209879822674584
-1.578869894931614 4.9792609785452555 0.0071803414903091325
-1.578869894931614 5.406654247970126 0.017839264744309417
-1.578869894931614 5.854095056030399 0.03236007392374942
-1.578869894931614 6.328255351220081 0.04057190983151038
-1.578869894931614 6.840237305249354 0.031908893837432846
-1.578869894931614 7.411582531485466 0.01337460111082072
-1.578869894931614 8.098761139250847 0.0018556672128167556
-1.225480109046289 -8.09876113925085 0.0022446480089311897
-1.225480109046289 -7.411582531485468 0.015150665818820208
-1.225480109046289 -6.840237305249354 0.03375696413098487
-1.225480109046289 -6.3282553512200845 0.03998380854294988
-1.225480109046289 -5.8540950560304035 0.029545477831692816
-1.225480109046289 -5.406654247970128 0.01499309423098737
-1.225480109046289 -4.979260978545257 0.005504506094552632
-1.225480109046289 -4.567502072844396 0.0015299429440893998
-1.225480109046289 -4.168257066832499 0.0003292310562836977
-1.225480109046289 -3.7792067534352225 5.701162555725168e-05
-1.225480109046289 -3.3985582658596285 7.915961017220141e-06
-1.225480109046289 -3.0248798839012845 9.555145970681774e-07
-1.225480109046289 -2.6569959984428952 8.861407422055795e-08
-1.225480109046289 -2.2939171418750837 9.443162143521383e-09
-1.225480109046289 -1.9347914722822965 3.2365203699607955e-10
-1.225480109046289 -1.578869894931614 1.289094419336458e-10
-1.225480109046289 -1.225480109046289 4.222046303285046e-11
-1.225480109046289 -0.8740066123570872 5.131895371996207e-11
-1.225480109046289 -0.5238747138322762 6.675483223520666e-11
-1.225480109046289 -0.17453721459758154 6.261844882666021e-11
-1.225480109046289 0.17453721459758323 6.261844882176899e-11
-1.225480109046289 0.5238747138322778 6.675483222849245e-11
-1.225480109046289 0.8740066123570885 5.1318953727711394e-11
-1.225480109046289 1.2254801090462892 4.222046304570017e-11
-1.225480109046289 1.578869894931614 1.2890944193555213e-10
-1.225480109046289 1.9347914722822956 3.2365203698259924e-10
-1.225480109046289 2.2939171418750837 9.443162143455122e-09
-1.225480109046289 2.656995998442896 8.861407422103778e-08
-1.225480109046289 3.024879883901285 9.555145970622386e-07
-1.225480109046289 3.398558265859627 7.915961017142975e-06
-1.225480109046289 3.779206753435224 5.70116255567023e-05
-1.225480109046289 4.168257066832501 0.00032923105628060716
-1.225480109046289 4.5675020728443965 0.001529942944076856
-1.225480109046289 4.9792609785452555 0.005504506094486012
-1.225480109046289 5.406654247970126 0.014993094230077778
-1.225480109046289 5.854095056030399 0.02954547783469591
-1.225480109046289 6.328255351220081 0.03998380892742881
-1.225480109046289 6.840237305249354 0.03375696648482644
-1.225480109046289 7.411582531485466 0.015150681030445586
-1.225480109046289 8.098761139250847 0.0022446609085585217
-0.8740066123570872 -8.09876113925085 0.002575281288921573
-0.8740066123570872 -7.411582531485468 0.01653898722300781
-0.8740066123570872 -6.840237305249354 0.03497616638501974
-0.8740066123570872 -6.3282553512200845 0.03923740072797255
-0.8740066123570872 -5.8540950560304035 0.02733675288461837
-0.8740066123570872 -5.406654247970128 0.013010894917836382
-0.8740066123570872 -4.979260978545257 0.004446122789948178
-0.8740066123570872 -4.567502072844396 0.0011408164043569479
-0.8740066123570872 -4.168257066832499 0.00022378576250465748
-0.8740066123570872 -3.7792067534352225 3.494547132124051e-05
-0.8740066123570872 -3.3985582658596285 4.2660774559333335e-06
-0.8740066123570872 -3.0248798839012845 4.538811654090309e-07
-0.8740066123570872 -2.6569959984428952 3.391849308414873e-08
-0.8740066123570872 -2.2939171418750837 3.7377471547795056e-09
-0.8740066123570872 -1.9347914722822965 9.827885812460025e-11
-0.8740066123570872 -1.578869894931614 1.3834272168222227e-10
-0.8740066123570872 -1.225480109046289 5.131895372484697e-11
-0.8740066123570872 -0.8740066123570872 7.413990013852704e-11
-0.8740066123570872 -0.5238747138322762 6.015729606777348e-11
-0.8740066123570872 -0.17453721459758154 6.730416340441731e-11
-0.8740066123570872 0.17453721459758323 6.730416340179244e-11
-0.8740066123570872 0.5238747138322778 6.015729607249566e-11
-0.8740066123570872 0.8740066123570885 7.413990013313464e-11
-0.8740066123570872 1.2254801090462892 5.1318953730287965e-11
-0.8740066123570872 1.578869894931614 1.3834272167715282e-10
-0.8740066123570872 1.9347914722822956 9.82788581339059e-11
-0.8740066123570872 2.2939171418750837 3.737747154748889e-09
-0.8740066123570872 2.656995998442896 3.391849308386072e-08
-0.8740066123570872 3.024879883901285 4.5388116540446467e-07
-0.8740066123570872 3.398558265859627 4.266077455890305e-06
-0.8740066123570872 3.779206753435224 3.494547132090207e-05
-0.8740066123570872 4.168257066832501 0.00022378576250247113
-0.8740066123570872 4.5675020728443965 0.001140816404347491
-0.8740066123570872 4.9792609785452555 0.004446122789894103
-0.8740066123570872 5.406654247970126 0.013010894917045488
-0.8740066123570872 5.854095056030399 0.027336752887397026
-0.8740066123570872 6.328255351220081 0.03923740110554227
-0.8740066123570872 6.840237305249354 0.034976168825660944
-0.8740066123570872 7.411582531485466 0.016539003841212357
-0.8740066123570872 8.098761139250847 0.002575296100810339
-0.5238747138322762 -8.09876113925085 0.0028151903632821595
-0.5238747138322762 -7.411582531485468 0.017485718912988207
-0.5238747138322762 -6.840237305249354 0.03569773647962502
-0.5238747138322762 -6.3282553512200845 0.03860059251180606
-0.5238747138322762 -5.8540950560304035 0.025838201505736087
-0.5238747138322762 -5.406654247970128 0.011771417723598503
-0.5238747138322762 -4.979260978545257 0.003829332937950331
-0.5238747138322762 -4.567502072844396 0.0009298760225707488
-0.5238747138322762 -4.168257066832499 0.00017100401185388025
-0.5238747138322762 -3.7792067534352225 2.4840312356429834e-05
-0.5238747138322762 -3.3985582658596285 2.7604839367087115e-06
-0.5238747138322762 -3.0248798839012845 2.680816804343269e-07
-0.5238747138322762 -2.6569959984428952 1.6197088718295266e-08
-0.5238747138322762 -2.2939171418750837 1.7818335304015445e-09
-0.5238747138322762 -1.9347914722822965 1.006513531069557e-11
-0.5238747138322762 -1.578869894931614 8.056624541524801e-11
-0.5238747138322762 -1.225480109046289 6.675483223589029e-11
-0.5238747138322762 -0.8740066123570872 6.0157296069684e-11
-0.5238747138322762 -0.5238747138322762 6.741258997658495e-11
-0.5238747138322762 -0.17453721459758154 6.397911443472264e-11
-0.5238747138322762 0.17453721459758323 6.397911443674115e-11
-0.5238747138322762 0.5238747138322778 6.741258997643211e-11
-0.5238747138322762 0.8740066123570885 6.01572960549057e-11
-0.5238747138322762 1.2254801090462892 6.675483223220118e-11
-0.5238747138322762 1.578869894931614 8.056624542380538e-11
-0.5238747138322762 1.9347914722822956 1.0065135306128459e-11
-0.5238747138322762 2.2939171418750837 1.7818335303772699e-09
-0.5238747138322762 2.656995998442896 1.6197088718063172e-08
-0.5238747138322762 3.024879883901285 2.6808168043109256e-07
-0.5238747138322762 3.398558265859627 2.7604839366783555e-06
-0.5238747138322762 3.779206753435224 2.4840312356169402e-05
-0.5238747138322762 4.168257066832501 0.0001710040118521898
-0.5238747138322762 4.5675020728443965 0.0009298760225630578
-0.5238747138322762 4.9792609785452555 0.0038293329379036223
-0.5238747138322762 5.406654247970126 0.011771417722882227
-0.5238747138322762 5.854095056030399 0.025838201508363006
-0.5238747138322762 6.328255351220081 0.03860059288342286
-0.5238747138322762 6.840237305249354 0.035697738971825516
-0.5238747138322762 7.411582531485466 0.017485736491329174
-0.5238747138322762 8.098761139250847 0.0028152065638255863
-0.17453721459758154 -8.09876113925085 0.0029411602861931395
-0.17453721459758154 -7.411582531485468 0.017964165431368497
-0.17453721459758154 -6.840237305249354 0.03602895674664009
-0.17453721459758154 -6.3282553512200845 0.03824211218003426
-0.17453721459758154 -5.8540950560304035 0.025085123556368685
-0.17453721459758154 -5.406654247970128 0.01117767423147472
-0.17453721459758154 -4.979260978545257 0.0035462143491454875
-0.17453721459758154 -4.567502072844396 0.0008372586581224702
-0.17453721459758154 -4.168257066832499 0.00014895265242879344
-0.17453721459758154 -3.7792067534352225 2.085127331338031e-05
-0.17453721459758154 -3.3985582658596285 2.206987012192496e-06
-0.17453721459758154 -3.0248798839012845 2.0544759044875276e-07
-0.17453721459758154 -2.6569959984428952 1.1198825700057132e-08
-0.17453721459758154 -2.2939171418750837 1.3648756293162706e-09
-0.17453721459758154 -1.9347914722822965 2.3465221320634245e-11
-0.17453721459758154 -1.578869894931614 9.160425957749194e-11
-0.17453721459758154 -1.225480109046289 6.261844881693698e-11
-0.17453721459758154 -0.8740066123570872 6.730416340449381e-11
-0.17453721459758154 -0.5238747138322762 6.397911444781319e-11
-0.17453721459758154 -0.17453721459758154 6.545406959937947e-11
-0.17453721459758154 0.17453721459758323 6.545406961355127e-11
-0.17453721459758154 0.5238747138322778 6.397911443871048e-11
-0.17453721459758154 0.8740066123570885 6.730416340639529e-11
-0.17453721459758154 1.2254801090462892 6.261844881789786e-11
-0.17453721459758154 1.578869894931614 9.160425957168243e-11
-0.17453721459758154 1.9347914722822956 2.3465221326902603e-11
-0.17453721459758154 2.2939171418750837 1.3648756292530771e-09
-0.17453721459758154 2.656995998442896 1.1198825699810859e-08
-0.17453721459758154 3.024879883901285 2.054475904464309e-07
-0.17453721459758154 3.398558265859627 2.2069870121682653e-06
-0.17453721459758154 3.779206753435224 2.0851273313146035e-05
-0.17453721459758154 4.168257066832501 0.0001489526524273299
-0.17453721459758154 4.5675020728443965 0.0008372586581156217
-0.17453721459758154 4.9792609785452555 0.0035462143491023284
-0.17453721459758154 5.406654247970126 0.011177674230794897
-0.17453721459758154 5.854095056030399 0.025085123558919578
-0.17453721459758154 6.328255351220081 0.0382421125482877
-0.17453721459758154 6.840237305249354 0.03602895926257331
-0.17453721459758154 7.411582531485466 0.017964183495230168
-0.17453721459758154 8.098761139250847 0.0029411772162342377
0.17453721459758323 -8.09876113925085 0.002941160286192111
0.17453721459758323 -7.411582531485468 0.01796416543136158
0.17453721459758323 -6.840237305249354 0.03602895674662488
0.17453721459758323 -6.3282553512200845 0.038242112180016996
0.17453721459758323 -5.8540950560304035 0.025085123556356337
0.17453721459758323 -5.406654247970128 0.011177674231468638
0.17453721459758323 -4.979260978545257 0.003546214349143313
0.17453721459758323 -4.567502072844396 0.000837258658121957
0.17453721459758323 -4.168257066832499 0.00014895265242871044
0.17453721459758323 -3.7792067534352225 2.0851273313366e-05
0.17453721459758323 -3.3985582658596285 2.2069870121943154e-06
0.17453721459758323 -3.0248798839012845 2.0544759044813662e-07
0.17453721459758323 -2.6569959984428952 1.1198825700166019e-08
0.17453721459758323 -2.2939171418750837 1.3648756293759643e-09
0.17453721459758323 -1.9347914722822965 2.3465221328951695e-11
0.17453721459758323 -1.578869894931614 9.160425958829669e-11
0.17453721459758323 -1.225480109046289 6.26184488151565e-11
0.17453721459758323 -0.8740066123570872 6.73041634011899e-11
0.17453721459758323 -0.5238747138322762 6.397911443476979e-11
0.17453721459758323 -0.17453721459758154 6.545406960167238e-11
0.17453721459758323 0.17453721459758323 6.545406960589477e-11
0.17453721459758323 0.5238747138322778 6.3979114449116e-11
0.17453721459758323 0.8740066123570885 6.730416341369357e-11
0.17453721459758323 1.2254801090462892 6.261844882079894e-11
0.17453721459758323 1.578869894931614 9.16042595653042e-11
0.17453721459758323 1.9347914722822956 2.346522132173623e-11
0.17453721459758323 2.2939171418750837 1.3648756292975195e-09
0.17453721459758323 2.656995998442896 1.1198825699991444e-08
0.17453721459758323 3.024879883901285 2.0544759044636447e-07
0.17453721459758323 3.398558265859627 2.206987012164978e-06
0.17453721459758323 3.779206753435224 2.0851273313137778e-05
0.17453721459758323 4.168257066832501 0.0001489526524272398
0.17453721459758323 4.5675020728443965 0.000837258658115014
0.17453721459758323 4.9792609785452555 0.003546214349100332
0.17453721459758323 5.406654247970126 0.01117767423078932
0.17453721459758323 5.854095056030399 0.025085123558908004
0.17453721459758323 6.328255351220081 0.0382421125482713
0.17453721459758323 6.840237305249354 0.0360289592625597
0.17453721459758323 7.411582531485466 0.01796418349522411
0.17453721459758323 8.098761139250847 0.00294117721623337
0.5238747138322778 -8.09876113925085 0.002815190363279304
0.5238747138322778 -7.411582531485468 0.01748571891296846
0.5238747138322778 -6.840237305249354 0.035697736479580966
0.5238747138322778 -6.3282553512200845 0.038600592511754094
0.5238747138322778 -5.8540950560304035 0.025838201505698162
0.5238747138322778 -5.406654247970128 0.011771417723579388
0.5238747138322778 -4.979260978545257 0.003829332937943526
0.5238747138322778 -4.567502072844396 0.0009298760225689167
0.5238747138322778 -4.168257066832499 0.00017100401185354732
0.5238747138322778 -3.7792067534352225 2.4840312356383532e-05
0.5238747138322778 -3.3985582658596285 2.760483936703493e-06
0.5238747138322778 -3.0248798839012845 2.680816804331485e-07
0.5238747138322778 -2.6569959984428952 1.6197088718303594e-08
0.5238747138322778 -2.2939171418750837 1.7818335303971865e-09
0.5238747138322778 -1.9347914722822965 1.0065135307647823e-11
0.5238747138322778 -1.578869894931614 8.05662454202966e-11
0.5238747138322778 -1.225480109046289 6.67548322229935e-11
0.5238747138322778 -0.8740066123570872 6.015729607004632e-11
0.5238747138322778 -0.5238747138322762 6.741258996317371e-11
0.5238747138322778 -0.17453721459758154 6.397911445112156e-11
0.5238747138322778 0.17453721459758323 6.39791144474743e-11
0.5238747138322778 0.5238747138322778 6.741258996237522e-11
0.5238747138322778 0.8740066123570885 6.015729606723166e-11
0.5238747138322778 1.2254801090462892 6.675483221885224e-11
0.5238747138322778 1.578869894931614 8.05662454180903e-11
0.5238747138322778 1.9347914722822956 1.0065135304704516e-11
0.5238747138322778 2.2939171418750837 1.7818335303913193e-09
0.5238747138322778 2.656995998442896 1.6197088718172052e-08
0.5238747138322778 3.024879883901285 2.6808168042943163e-07
0.5238747138322778 3.398558265859627 2.760483936668585e-06
0.5238747138322778 3.779206753435224 2.484031235610483e-05
0.5238747138322778 4.168257066832501 0.0001710040118518427
0.5238747138322778 4.5675020728443965 0.0009298760225612745
0.5238747138322778 4.9792609785452555 0.0038293329378972065
0.5238747138322778 5.406654247970126 0.011771417722864736
0.5238747138322778 5.854095056030399 0.025838201508326726
0.5238747138322778 6.328255351220081 0.03860059288337319
0.5238747138322778 6.840237305249354 0.03569773897178487
0.5238747138322778 7.411582531485466 0.017485736491311667
0.5238747138322778 8.098761139250847 0.0028152065638233086
0.8740066123570885 -8.09876113925085 0.0025752812889174477
0.8740066123570885 -7.411582531485468 0.016538987222977482
0.8740066123570885 -6.840237305249354 0.03497616638494904
0.8740066123570885 -6.3282553512200845 0.03923740072788563
0.8740066123570885 -5.8540950560304035 0.027336752884552347
0.8740066123570885 -5.406654247970128 0.013010894917801967
0.8740066123570885 -4.979260978545257 0.004446122789935258
0.8740066123570885 -4.567502072844396 0.001140816404353353
0.8740066123570885 -4.168257066832499 0.00022378576250393158
0.8740066123570885 -3.7792067534352225 3.4945471321133995e-05
0.8740066123570885 -3.3985582658596285 4.266077455914684e-06
0.8740066123570885 -3.0248798839012845 4.53881165407368e-07
0.8740066123570885 -2.6569959984428952 3.391849308405878e-08
0.8740066123570885 -2.2939171418750837 3.737747154760502e-09
0.8740066123570885 -1.9347914722822965 9.827885812216673e-11
0.8740066123570885 -1.578869894931614 1.3834272165927993e-10
0.8740066123570885 -1.225480109046289 5.131895371461089e-11
0.8740066123570885 -0.8740066123570872 7.413990015487739e-11
0.8740066123570885 -0.5238747138322762 6.015729606465127e-11
0.8740066123570885 -0.17453721459758154 6.730416341397826e-11
0.8740066123570885 0.17453721459758323 6.730416339573146e-11
0.8740066123570885 0.5238747138322778 6.015729607940152e-11
0.8740066123570885 0.8740066123570885 7.41399001363634e-11
0.8740066123570885 1.2254801090462892 5.131895372348345e-11
0.8740066123570885 1.578869894931614 1.383427216602667e-10
0.8740066123570885 1.9347914722822956 9.827885813111867e-11
0.8740066123570885 2.2939171418750837 3.737747154556551e-09
0.8740066123570885 2.656995998442896 3.391849308304725e-08
0.8740066123570885 3.024879883901285 4.538811654001844e-07
0.8740066123570885 3.398558265859627 4.266077455869152e-06
0.8740066123570885 3.779206753435224 3.494547132075229e-05
0.8740066123570885 4.168257066832501 0.00022378576250172032
0.8740066123570885 4.5675020728443965 0.0011408164043441524
0.8740066123570885 4.9792609785452555 0.004446122789882139
0.8740066123570885 5.406654247970126 0.013010894917013271
0.8740066123570885 5.854095056030399 0.027336752887334153
0.8740066123570885 6.328255351220081 0.03923740110546001
0.8740066123570885 6.840237305249354 0.03497616882559443
0.8740066123570885 7.411582531485466 0.016539003841184695
0.8740066123570885 8.098761139250847 0.0025752961008069127
1.2254801090462892 -8.09876113925085 0.0022446480089263064
1.2254801090462892 -7.411582531485468 0.015150665818781927
1.2254801090462892 -6.840237305249354 0.0337569641308909
1.2254801090462892 -6.3282553512200845 0.03998380854282871
1.2254801090462892 -5.8540950560304035 0.029545477831595564
1.2254801090462892 -5.406654247970128 0.014993094230933262
1.2254801090462892 -4.979260978545257 0.005504506094530925
1.2254801090462892 -4.567502072844396 0.001529942944082807
1.2254801090462892 -4.168257066832499 0.0003292310562822492
1.2254801090462892 -3.7792067534352225 5.701162555698322e-05
1.2254801090462892 -3.3985582658596285 7.915961017181743e-06
1.2254801090462892 -3.0248798839012845 9.555145970649434e-07
1.2254801090462892 -2.6569959984428952 8.861407422078981e-08
1.2254801090462892 -2.2939171418750837 9.443162143535999e-09
1.2254801090462892 -1.9347914722822965 3.236520369987373e-10
1.2254801090462892 -1.578869894931614 1.2890944195642808e-10
1.2254801090462892 -1.225480109046289 4.2220463041793326e-11
1.2254801090462892 -0.8740066123570872 5.1318953719396303e-11
1.2254801090462892 -0.5238747138322762 6.67548322206472e-11
1.2254801090462892 -0.17453721459758154 6.261844882824832e-11
1.2254801090462892 0.17453721459758323 6.261844881315002e-11
1.2254801090462892 0.5238747138322778 6.675483223694338e-11
1.2254801090462892 0.8740066123570885 5.131895372608726e-11
1.2254801090462892 1.2254801090462892 4.22204630417081e-11
1.2254801090462892 1.578869894931614 1.2890944192653113e-10
1.2254801090462892 1.9347914722822956 3.2365203698454513e-10
1.2254801090462892 2.2939171418750837 9.443162143490861e-09
1.2254801090462892 2.656995998442896 8.861407421968142e-08
1.2254801090462892 3.024879883901285 9.555145970517623e-07
1.2254801090462892 3.398558265859627 7.915961017097845e-06
1.2254801090462892 3.779206753435224 5.7011625556405606e-05
1.2254801090462892 4.168257066832501 0.00032923105627907887
1.2254801090462892 4.5675020728443965 0.001529942944070774
1.2254801090462892 4.9792609785452555 0.005504506094465834
1.2254801090462892 5.406654247970126 0.014993094230026975
1.2254801090462892 5.854095056030399 0.029545477834603616
1.2254801090462892 6.328255351220081 0.03998380892731462
1.2254801090462892 6.840237305249354 0.033756966484738124
1.2254801090462892 7.411582531485466 0.015150681030410016
1.2254801090462892 8.098761139250847 0.002244660908554088
1.578869894931614 -8.09876113925085 0.0018556565604715605
1.578869894931614 -7.411582531485468 0.013374587696187025
1.578869894931614 -6.840237305249354 0.03190889161453702
1.578869894931614 -6.3282553512200845 0.040571909441593994
1.578869894931614 -5.8540950560304035 0.032360073920326485
1.578869894931614 -5.406654247970128 0.017839264745307948
1.578869894931614 -4.979260978545257 0.007180341490359699
1.578869894931614 -4.567502072844396 0.0022098798226805687
1.578869894931614 -4.168257066832499 0.0005343164332745834
1.578869894931614 -3.7792067534352225 0.00010537118996617276
1.578869894931614 -3.3985582658596285 1.712189607658424e-05
1.578869894931614 -3.0248798839012845 2.441388093755993e-06
1.578869894931614 -2.6569959984428952 2.9308018337100795e-07
1.578869894931614 -2.2939171418750837 3.736325673811614e-08
1.578869894931614 -1.9347914722822965 3.596544775678853e-09
1.578869894931614 -1.578869894931614 8.562892378544381e-10
1.578869894931614 -1.225480109046289 1.2890944194844615e-10
1.578869894931614 -0.8740066123570872 1.3834272165886474e-10
1.578869894931614 -0.5238747138322762 8.056624541895289e-11
1.578869894931614 -0.17453721459758154 9.160425955307237e-11
1.578869894931614 0.17453721459758323 9.160425956448409e-11
1.578869894931614 0.5238747138322778 8.056624539796203e-11
1.578869894931614 0.8740066123570885 1.3834272164808523e-10
1.578869894931614 1.2254801090462892 1.289094419241219e-10
1.578869894931614 1.578869894931614 8.562892377697847e-10
1.578869894931614 1.9347914722822956 3.596544775668387e-09
1.578869894931614 2.2939171418750837 3.736325673804432e-08
1.578869894931614 2.656995998442896 2.9308018337038194e-07
1.578869894931614 3.024879883901285 2.4413880937301288e-06
1.578869894931614 3.398558265859627 1.7121896076430434e-05
1.578869894931614 3.779206753435224 0.00010537118996519228
1.578869894931614 4.168257066832501 0.0005343164332697812
1.578869894931614 4.5675020728443965 0.0022098798226638985
1.578869894931614 4.9792609785452555 0.007180341490276309
1.578869894931614 5.406654247970126 0.017839264744233682
1.578869894931614 5.854095056030399 0.03236007392362279
1.578869894931614 6.328255351220081 0.040571909831363814
1.578869894931614 6.840237305249354 0.031908893837327985
1.578869894931614 7.411582531485466 0.013374601110780466
1.578869894931614 8.098761139250847 0.0018556672128118748
1.9347914722822956 -8.09876113925085 0.0014461936365029347
1.9347914722822956 -7.411582531485468 0.011302216054696248
1.9347914722822956 -6.840237305249354 0.029316516650602628
1.9347914722822956 -6.3282553512200845 0.0406350699014702
1.9347914722822956 -5.8540950560304035 0.03554604413710238
1.9347914722822956 -5.406654247970128 0.021646224744122387
1.9347914722822956 -4.979260978545257 0.009721065056509265
1.9347914722822956 -4.567502072844396 0.0033748503218353917
1.9347914722822956 -4.168257066832499 0.0009345031749884006
1.9347914722822956 -3.7792067534352225 0.00021414020448389998
1.9347914722822956 -3.3985582658596285 4.142862231729015e-05
1.9347914722822956 -3.0248798839012845 7.109727834254931e-06
1.9347914722822956 -2.6569959984428952 1.079610857427101e-06
1.9347914722822956 -2.2939171418750837 1.6281973138099177e-07
1.9347914722822956 -1.9347914722822965 2.1324354205563653e-08
1.9347914722822956 -1.578869894931614 3.5965447756027276e-09
1.9347914722822956 -1.225480109046289 3.2365203696051243e-10
1.9347914722822956 -0.8740066123570872 9.827885813346568e-11
1.9347914722822956 -0.5238747138322762 1.0065135306413172e-11
1.9347914722822956 -0.17453721459758154 2.346522132672611e-11
1.9347914722822956 0.17453721459758323 2.3465221327118827e-11
1.9347914722822956 0.5238747138322778 1.0065135305875803e-11
1.9347914722822956 0.8740066123570885 9.827885812680459e-11
1.9347914722822956 1.2254801090462892 3.236520369365885e-10
1.9347914722822956 1.578869894931614 3.5965447755384606e-09
1.9347914722822956 1.9347914722822956 2.1324354205545905e-08
1.9347914722822956 2.2939171418750837 1.628197313796397e-07
1.9347914722822956 2.656995998442896 1.079610857420805e-06
1.9347914722822956 3.024879883901285 7.1097278341978905e-06
1.9347914722822956 3.398558265859627 4.142862231692492e-05
1.9347914722822956 3.779206753435224 0.00021414020448194468
1.9347914722822956 4.168257066832501 0.0009345031749803554
1.9347914722822956 4.5675020728443965 0.0033748503218108033
1.9347914722822956 4.9792609785452555 0.009721065056398552
1.9347914722822956 5.406654247970126 0.02164622474282415
1.9347914722822956 5.854095056030399 0.035546044140724015
1.9347914722822956 6.328255351220081 0.04063507029137643
1.9347914722822956 6.840237305249354 0.02931651869025362
1.9347914722822956 7.411582531485466 0.011302227375904769
1.9347914722822956 8.098761139250847 0.0014462019266423254
2.2939171418750837 -8.09876113925085 0.0010543987697634166
2.2939171418750837 -7.411582531485468 0.009066911247800758
2.2939171418750837 -6.840237305249354 0.025933894146246538
2.2939171418750837 -6.3282553512200845 0.03973954651712309
2.2939171418750837 -5.8540950560304035 0.03867070283069856
2.2939171418750837 -5.406654247970128 0.026393362888292422
2.2939171418750837 -4.979260978545257 0.013420736094899828
2.2939171418750837 -4.567502072844396 0.005335092997348733
2.2939171418750837 -4.168257066832499 0.0017167238965331711
2.2939171418750837 -3.7792067534352225 0.0004639203649614352
2.2939171418750837 -3.3985582658596285 0.00010817576984619702
2.2939171418750837 -3.0248798839012845 2.272721916941788e-05
2.2939171418750837 -2.6569959984428952 4.399858953011708e-06
2.2939171418750837 -2.2939171418750837 8.476894510453239e-07
2.2939171418750837 -1.9347914722822965 1.628197313806778e-07
2.2939171418750837 -1.578869894931614 3.736325673818022e-08
2.2939171418750837 -1.225480109046289 9.443162143348732e-09
2.2939171418750837 -0.8740066123570872 3.737747154809061e-09
2.2939171418750837 -0.5238747138322762 1.7818335304506993e-09
2.2939171418750837 -0.17453721459758154 1.3648756293644485e-09
2.2939171418750837 0.17453721459758323 1.3648756292982728e-09
2.2939171418750837 0.5238747138322778 1.7818335303554764e-09
2.2939171418750837 0.8740066123570885 3.7377471546510635e-09
2.2939171418750837 1.2254801090462892 9.443162143409467e-09
2.2939171418750837 1.578869894931614 3.736325673759401e-08
2.2939171418750837 1.9347914722822956 1.6281973137965322e-07
2.2939171418750837 2.2939171418750837 8.476894510371994e-07
2.2939171418750837 2.656995998442896 4.3998589529765114e-06
2.2939171418750837 3.024879883901285 2.2727219169256258e-05
2.2939171418750837 3.398558265859627 0.00010817576984532325
2.2939171418750837 3.779206753435224 0.00046392036495735973
2.2939171418750837 4.168257066832501 0.0017167238965187868
2.2939171418750837 4.5675020728443965 0.005335092997311019
2.2939171418750837 4.9792609785452555 0.013420736094750724
2.2939171418750837 5.406654247970126 0.026393362886717387
2.2939171418750837 5.854095056030399 0.0386707028346395
2.2939171418750837 6.328255351220081 0.039739546897874574
2.2939171418750837 6.840237305249354 0.025933895947792378
2.2939171418750837 7.411582531485466 0.009066920315382249
2.2939171418750837 8.098761139250847 0.001054404803537886
2.656995998442896 -8.09876113925085 0.0007124920922179425
2.656995998442896 -7.411582531485468 0.00683572827821926
2.656995998442896 -6.840237305249354 0.02184132422873222
2.656995998442896 -6.3282553512200845 0.03746786826592696
2.656995998442896 -5.8540950560304035 0.04106263995041608
2.656995998442896 -5.406654247970128 0.03179714426084248
2.656995998442896 -4.979260978545257 0.018525157717668845
2.656995998442896 -4.567502072844396 0.008529260420089549
2.656995998442896 -4.168257066832499 0.003221787540734449
2.656995998442896 -3.7792067534352225 0.0010359260213332613
2.656995998442896 -3.3985582658596285 0.00029244562262876155
2.656995998442896 -3.0248798839012845 7.536304143735023e-05
2.656995998442896 -2.6569959984428952 1.8280084295751136e-05
2.656995998442896 -2.2939171418750837 4.399858953012831e-06
2.656995998442896 -1.9347914722822965 1.0796108574293401e-06
2.656995998442896 -1.578869894931614 2.930801833723315e-07
2.656995998442896 -1.225480109046289 8.861407422076292e-08
2.656995998442896 -0.8740066123570872 3.391849308389853e-08
2.656995998442896 -0.5238747138322762 1.619708871830239e-08
2.656995998442896 -0.17453721459758154 1.1198825700139569e-08
2.656995998442896 0.17453721459758323 1.1198825699886035e-08
2.656995998442896 0.5238747138322778 1.619708871810267e-08
2.656995998442896 0.8740066123570885 3.391849308355069e-08
2.656995998442896 1.2254801090462892 8.86140742196141e-08
2.656995998442896 1.578869894931614 2.930801833679014e-07
2.656995998442896 1.9347914722822956 1.0796108574190226e-06
2.656995998442896 2.2939171418750837 4.3998589529758025e-06
2.656995998442896 2.656995998442896 1.8280084295613514e-05
2.656995998442896 3.024879883901285 7.53630414368466e-05
2.656995998442896 3.398558265859627 0.00029244562262654484
2.656995998442896 3.779206753435224 0.0010359260213246037
2.656995998442896 4.168257066832501 0.0032217875407082063
2.656995998442896 4.5675020728443965 0.008529260420031402
2.656995998442896 4.9792609785452555 0.01852515771746779
2.656995998442896 5.406654247970126 0.03179714425895599
2.656995998442896 5.854095056030399 0.0410626399546023
2.656995998442896 6.328255351220081 0.037467868624278367
2.656995998442896 6.840237305249354 0.021841325743189595
2.656995998442896 7.411582531485466 0.00683573510127784
2.656995998442896 8.098761139250847 0.0007124961609741321
3.024879883901285 -8.09876113925085 0.00044127003726163823
3.024879883901285 -7.411582531485468 0.004785588970086262
3.024879883901285 -6.840237305249354 0.01728254938830048
3.024879883901285 -6.3282553512200845 0.03356019875348024
3.024879883901285 -5.8540950560304035 0.04186034892926845
3.024879883901285 -5.406654247970128 0.03714605820012762
3.024879883901285 -4.979260978545257 0.025023913611301386
3.024879883901285 -4.567502072844396 0.013454058983146394
3.024879883901285 -4.168257066832499 0.006004467026315082
3.024879883901285 -3.7792067534352225 0.0023081145704435574
3.024879883901285 -3.3985582658596285 0.0007898092780000272
3.024879883901285 -3.0248798839012845 0.00024958101852759127
3.024879883901285 -2.6569959984428952 7.53630414373058e-05
3.024879883901285 -2.2939171418750837 2.2727219169412153e-05
3.024879883901285 -1.9347914722822965 7.1097278342536e-06
3.024879883901285 -1.578869894931614 2.4413880937509882e-06
3.024879883901285 -1.225480109046289 9.555145970599897e-07
3.024879883901285 -0.8740066123570872 4.5388116540426276e-07
3.024879883901285 -0.5238747138322762 2.6808168043143407e-07
3.024879883901285 -0.17453721459758154 2.054475904457459e-07
3.024879883901285 0.17453721459758323 2.054475904460343e-07
3.024879883901285 0.5238747138322778 2.6808168042912257e-07
3.024879883901285 0.8740066123570885 4.53881165400922e-07
3.024879883901285 1.2254801090462892 9.555145970544097e-07
3.024879883901285 1.578869894931614 2.441388093729019e-06
3.024879883901285 1.9347914722822956 7.1097278341929e-06
3.024879883901285 2.2939171418750837 2.2727219169249875e-05
3.024879883901285 2.656995998442896 7.536304143680096e-05
3.024879883901285 3.024879883901285 0.00024958101852596393
3.024879883901285 3.398558265859627 0.0007898092779943512
3.024879883901285 3.779206753435224 0.0023081145704251646
3.024879883901285 4.168257066832501 0.0060044670262680245
3.024879883901285 4.5675020728443965 0.01345405898305851
3.024879883901285 4.9792609785452555 0.025023913611035994
3.024879883901285 5.406654247970126 0.03714605819793667
3.024879883901285 5.854095056030399 0.04186034893353678
3.024879883901285 6.328255351220081 0.033560199073785484
3.024879883901285 6.840237305249354 0.017282550584041833
3.024879883901285 7.411582531485466 0.004785593735878409
3.024879883901285 8.098761139250847 0.00044127255097230867
3.398558265859627 -8.09876113925085 0.00024718218597380356
3.398558265859627 -7.411582531485468 0.0030674619560315036
3.398558265859627 -6.840237305249354 0.01265297480889242
3.398558265859627 -6.3282553512200845 0.02808182103853378
3.398558265859627 -5.8540950560304035 0.040215573373521996
3.398558265859627 -5.406654247970128 0.04121989805916037
3.398558265859627 -4.979260978545257 0.03232457023165278
3.398558265859627 -4.567502072844396 0.020403030751915765
3.398558265859627 -4.168257066832499 0.010793121328088053
3.398558265859627 -3.7792067534352225 0.0049641247313019846
3.398558265859627 -3.3985582658596285 0.0020525867098137728
3.398558265859627 -3.0248798839012845 0.0007898092779994401
3.398558265859627 -2.6569959984428952 0.00029244562262832423
3.398558265859627 -2.2939171418750837 0.0001081757698459806
3.398558265859627 -1.9347914722822965 4.142862231718056e-05
3.398558265859627 -1.578869894931614 1.7121896076516842e-05
3.398558265859627 -1.225480109046289 7.915961017131277e-06
3.398558265859627 -0.8740066123570872 4.266077455884352e-06
3.398558265859627 -0.5238747138322762 2.7604839366769392e-06
3.398558265859627 -0.17453721459758154 2.20698701216111e-06
3.398558265859627 0.17453721459758323 2.206987012160644e-06
3.398558265859627 0.5238747138322778 2.76048393666643e-06
3.398558265859627 0.8740066123570885 4.2660774558666085e-06
3.398558265859627 1.2254801090462892 7.915961017095556e-06
3.398558265859627 1.578869894931614 1.7121896076413094e-05
3.398558265859627 1.9347914722822956 4.142862231690237e-05
3.398558265859627 2.2939171418750837 0.00010817576984525163
3.398558265859627 2.656995998442896 0.0002924456226264538
3.398558265859627 3.024879883901285 0.0007898092779942047
3.398558265859627 3.398558265859627 0.002052586709799407
3.398558265859627 3.779206753435224 0.0049641247312638866
3.398558265859627 4.168257066832501 0.010793121328007211
3.398558265859627 4.5675020728443965 0.020403030751788433
3.398558265859627 4.9792609785452555 0.03232457023131872
3.398558265859627 5.406654247970126 0.04121989805674422
3.398558265859627 5.854095056030399 0.04021557337762161
3.398558265859627 6.328255351220081 0.02808182130589153
3.398558265859627 6.840237305249354 0.012652975682071587
3.398558265859627 7.411582531485466 0.0030674650025608024
3.398558265859627 8.098761139250847 0.0002471835899702237
3.779206753435224 -8.09876113925085 0.0001232695969667503
3.779206753435224 -7.411582531485468 0.0017704524551728164
3.779206753435224 -6.840237305249354 0.008419726634629492
3.779206753435224 -6.3282553512200845 0.02153441158533053
3.779206753435224 -5.8540950560304035 0.03566141165512645
3.779206753435224 -5.406654247970128 0.04247590425487648
3.779206753435224 -4.979260978545257 0.03895477664562499
3.779206753435224 -4.567502072844396 0.0289528882710401
3.779206753435224 -4.168257066832499 0.018169121027355083
3.779206753435224 -3.7792067534352225 0.009983010681330997
3.779206753435224 -3.3985582658596285 0.004964124731296605
3.779206753435224 -3.0248798839012845 0.0023081145704392913
3.779206753435224 -2.6569959984428952 0.0010359260213304697
3.779206753435224 -2.2939171418750837 0.00046392036495976693
3.779206753435224 -1.9347914722822965 0.00021414020448293252
3.779206753435224 -1.578869894931614 0.00010537118996561124
3.779206753435224 -1.225480109046289 5.701162555658896e-05
3.779206753435224 -0.8740066123570872 3.49454713208317e-05
3.779206753435224 -0.5238747138322762 2.4840312356117502e-05
3.779206753435224 -0.17453721459758154 2.085127331309936e-05
3.779206753435224 0.17453721459758323 2.0851273313085357e-05
3.779206753435224 0.5238747138322778 2.484031235607442e-05
3.779206753435224 0.8740066123570885 3.494547132071666e-05
3.779206753435224 1.2254801090462892 5.701162555633882e-05
3.779206753435224 1.578869894931614 0.0001053711899650701
3.779206753435224 1.9347914722822956 0.00021414020448177188
3.779206753435224 2.2939171418750837 0.0004639203649570116
3.779206753435224 2.656995998442896 0.0010359260213240482
3.779206753435224 3.024879883901285 0.002308114570424404
3.779206753435224 3.398558265859627 0.004964124731263185
3.779206753435224 3.779206753435224 0.00998301068125788
3.779206753435224 4.168257066832501 0.018169121027225447
3.779206753435224 4.5675020728443965 0.028952888270868508
3.779206753435224 4.9792609785452555 0.038954776645234855
3.779206753435224 5.406654247970126 0.042475904252405494
3.779206753435224 5.854095056030399 0.03566141165875963
3.779206753435224 6.328255351220081 0.021534411789756118
3.779206753435224 6.840237305249354 0.008419727213912232
3.779206753435224 7.411582531485466 0.001770454207953921
3.779206753435224 8.098761139250847 0.000123270294749222
4.168257066832501 -8.09876113925085 5.369885244322905e-05
4.168257066832501 -7.411582531485468 0.0009020802864481381
4.168257066832501 -6.840237305249354 0.004987259921185742
4.168257066832501 -6.3282553512200845 0.014803189673592832
4.168257066832501 -5.8540950560304035 0.028511222545912353
4.168257066832501 -5.406654247970128 0.0396396973612567
4.168257066832501 -4.979260978545257 0.04263779695365501
4.168257066832501 -4.567502072844396 0.03735760761323728
4.168257066832501 -4.168257066832499 0.027779872092945503
4.168257066832501 -3.7792067534352225 0.018169121027349654
4.168257066832501 -3.3985582658596285 0.010793121328073077
4.168257066832501 -3.0248798839012845 0.0060044670263020425
4.168257066832501 -2.6569959984428952 0.003221787540724546
4.168257066832501 -2.2939171418750837 0.0017167238965263639
4.168257066832501 -1.9347914722822965 0.0009345031749838195
4.168257066832501 -1.578869894931614 0.0005343164332713982
4.168257066832501 -1.225480109046289 0.00032923105627982713
4.168257066832501 -0.8740066123570872 0.00022378576250198074
4.168257066832501 -0.5238747138322762 0.00017100401185181813
4.168257066832501 -0.17453721459758154 0.0001489526524269978
4.168257066832501 0.17453721459758323 0.00014895265242693555
4.168257066832501 0.5238747138322778 0.0001710040118515654
4.168257066832501 0.8740066123570885 0.00022378576250140235
4.168257066832501 1.2254801090462892 0.0003292310562786575
4.168257066832501 1.578869894931614 0.0005343164332691852
4.168257066832501 1.9347914722822956 0.0009345031749794213
4.168257066832501 2.2939171418750837 0.0017167238965172882
4.168257066832501 2.656995998442896 0.0032217875407060978
4.168257066832501 3.024879883901285 0.006004467026265177
4.168257066832501 3.398558265859627 0.010793121328003842
4.168257066832501 3.779206753435224 0.01816912102722285
4.168257066832501 4.168257066832501 0.027779872092755474
4.168257066832501 4.5675020728443965 0.037357607613027616
4.168257066832501 4.9792609785452555 0.042637796953241935
4.168257066832501 5.406654247970126 0.039639697358968815
4.168257066832501 5.854095056030399 0.028511222548814313
4.168257066832501 6.328255351220081 0.014803189813635303
4.168257066832501 6.840237305249354 0.004987260263083863
4.168257066832501 7.411582531485466 0.0009020811761712206
4.168257066832501 8.098761139250847 5.3699155189191984e-05
4.5675020728443965 -8.09876113925085 1.99635823420935e-05
4.5675020728443965 -7.411582531485468 0.00039614116657803693
4.5675020728443965 -6.840237305249354 0.002564995351010524
4.5675020728443965 -6.3282553512200845 0.008888923901256889
4.5675020728443965 -5.8540950560304035 0.020003500267335352
4.5675020728443965 -5.406654247970128 0.03256728257112519
4.5675020728443965 -4.979260978545257 0.041150427048465055
4.5675020728443965 -4.567502072844396 0.042492994798439765
4.5675020728443965 -4.168257066832499 0.0373576076132671
4.5675020728443965 -3.7792067534352225 0.02895288827105467
4.5675020728443965 -3.3985582658596285 0.020403030751903996
4.5675020728443965 -3.0248798839012845 0.013454058983128299
4.5675020728443965 -2.6569959984428952 0.008529260420070331
4.5675020728443965 -2.2939171418750837 0.00533509299733157
4.5675020728443965 -1.9347914722822965 0.0033748503218211778
4.5675020728443965 -1.578869894931614 0.0022098798226689352
4.5675020728443965 -1.225480109046289 0.001529942944072984
4.5675020728443965 -0.8740066123570872 0.0011408164043447899
4.5675020728443965 -0.5238747138322762 0.0009298760225607958
4.5675020728443965 -0.17453721459758154 0.0008372586581136479
4.5675020728443965 0.17453721459758323 0.0008372586581132711
4.5675020728443965 0.5238747138322778 0.0009298760225595658
4.5675020728443965 0.8740066123570885 0.0011408164043422604
4.5675020728443965 1.2254801090462892 0.0015299429440686681
4.5675020728443965 1.578869894931614 0.002209879822661075
4.5675020728443965 1.9347914722822956 0.003374850321807007
4.5675020728443965 2.2939171418750837 0.005335092997306014
4.5675020728443965 2.656995998442896 0.00852926042002473
4.5675020728443965 3.024879883901285 0.013454058983050701
4.5675020728443965 3.398558265859627 0.020403030751780352
4.5675020728443965 3.779206753435224 0.02895288827086131
4.5675020728443965 4.168257066832501 0.037357607613023425
4.5675020728443965 4.5675020728443965 0.04249299479821474
4.5675020728443965 4.9792609785452555 0.04115042704807897
4.5675020728443965 5.406654247970126 0.032567282569261224
4.5675020728443965 5.854095056030399 0.020003500269368167
4.5675020728443965 6.328255351220081 0.008888923985004125
4.5675020728443965 6.840237305249354 0.0025649955261024637
4.5675020728443965 7.411582531485466 0.0003961415555480684
4.5675020728443965 8.098761139250847 1.9963694356686564e-05
4.9792609785452555 -8.09876113925085 6.151631702425781e-06
4.9792609785452555 -7.411582531485468 0.00014553913033545318
4.9792609785452555 -6.840237305249354 0.001111124332348635
4.9792609785452555 -6.3282553512200845 0.004519273700213127
4.9792609785452555 -5.8540950560304035 0.011927539071683917
4.9792609785452555 -5.406654247970128 0.022791594239098698
4.9792609785452555 -4.979260978545257 0.033850764653640314
4.9792609785452555 -4.567502072844396 0.04115042704827985
4.9792609785452555 -4.168257066832499 0.04263779695349646
4.9792609785452555 -3.7792067534352225 0.03895477664546787
4.9792609785452555 -3.3985582658596285 0.03232457023148806
4.9792609785452555 -3.0248798839012845 0.02502391361115565
4.9792609785452555 -2.6569959984428952 0.018525157717544746
4.9792609785452555 -2.2939171418750837 0.013420736094796649
4.9792609785452555 -1.9347914722822965 0.009721065056425157
4.9792609785452555 -1.578869894931614 0.007180341490290487
4.9792609785452555 -1.225480109046289 0.00550450609447214
4.9792609785452555 -0.8740066123570872 0.004446122789883206
4.9792609785452555 -0.5238747138322762 0.0038293329378946833
4.9792609785452555 -0.17453721459758154 0.003546214349094212
4.9792609785452555 0.17453721459758323 0.0035462143490929488
4.9792609785452555 0.5238747138322778 0.003829332937890016
4.9792609785452555 0.8740066123570885 0.0044461227898747804
4.9792609785452555 1.2254801090462892 0.005504506094457861
4.9792609785452555 1.578869894931614 0.0071803414902668755
4.9792609785452555 1.9347914722822956 0.009721065056387364
4.9792609785452555 2.2939171418750837 0.013420736094737111
4.9792609785452555 2.656995998442896 0.018525157717451793
4.9792609785452555 3.024879883901285 0.02502391361101929
4.9792609785452555 3.398558265859627 0.032324570231303584
4.9792609785452555 3.779206753435224 0.03895477664522198
4.9792609785452555 4.168257066832501 0.04263779695323205
4.9792609785452555 4.5675020728443965 0.041150427048074666
4.9792609785452555 4.9792609785452555 0.03385076465333332
4.9792609785452555 5.406654247970126 0.022791594237806183
4.9792609785452555 5.854095056030399 0.011927539072892939
4.9792609785452555 6.328255351220081 0.004519273742581186
4.9792609785452555 6.840237305249354 0.0011111244078068222
4.9792609785452555 7.411582531485466 0.00014553927247262842
4.9792609785452555 8.098761139250847 6.151666021489205e-06
5.406654247970126 -8.09876113925085 1.5126390517713925e-06
5.406654247970126 -7.411582531485468 4.305598317504679e-05
5.406654247970126 -6.840237305249354 0.00039006030439112284
5.406654247970126 -6.3282553512200845 0.0018709423363651037
5.406654247970126 -5.8540950560304035 0.005810077255442624
5.406654247970126 -5.406654247970128 0.013053154030321732
5.406654247970126 -4.979260978545257 0.022791594238002047
5.406654247970126 -4.567502072844396 0.03256728256940548
5.406654247970126 -4.168257066832499 0.039639697359186946
5.406654247970126 -3.7792067534352225 0.04247590425264031
5.406654247970126 -3.3985582658596285 0.041219898056942574
5.406654247970126 -3.0248798839012845 0.03714605819809898
5.406654247970126 -2.6569959984428952 0.03179714425907608
5.406654247970126 -2.2939171418750837 0.026393362886799207
5.406654247970126 -1.9347914722822965 0.021646224742876256
5.406654247970126 -1.578869894931614 0.017839264744263325
5.406654247970126 -1.225480109046289 0.01499309423004024
5.406654247970126 -0.8740066123570872 0.013010894917014371
5.406654247970126 -0.5238747138322762 0.01177141772285548
5.406654247970126 -0.17453721459758154 0.011177674230770578
5.406654247970126 0.17453721459758323 0.011177674230766599
5.406654247970126 0.5238747138322778 0.011771417722842807
5.406654247970126 0.8740066123570885 0.013010894916991329
5.406654247970126 1.2254801090462892 0.014993094230004314
5.406654247970126 1.578869894931614 0.017839264744209243
5.406654247970126 1.9347914722822956 0.02164622474279815
5.406654247970126 2.2939171418750837 0.026393362886689642
5.406654247970126 2.656995998442896 0.03179714425892721
5.406654247970126 3.024879883901285 0.03714605819790887
5.406654247970126 3.398558265859627 0.04121989805672046
5.406654247970126 3.779206753435224 0.042475904252386336
5.406654247970126 4.168257066832501 0.03963969735895548
5.406654247970126 4.5675020728443965 0.032567282569253696
5.406654247970126 4.9792609785452555 0.02279159423780299
5.406654247970126 5.406654247970126 0.013053154029588992
5.406654247970126 5.854095056030399 0.005810077256029466
5.406654247970126 6.328255351220081 0.001870942353798731
5.406654247970126 6.840237305249354 0.0003900603307140611
5.406654247970126 7.411582531485466 4.305602494847601e-05
5.406654247970126 8.098761139250847 1.5126474317828538e-06
5.854095056030399 -8.09876113925085 2.8185154784199204e-07
5.854095056030399 -7.411582531485468 9.741515379920736e-06
5.854095056030399 -6.840237305249354 0.00010539967850821679
5.854095056030399 -6.3282553512200845 0.000599049106363282
5.854095056030399 -5.8540950560304035 0.002195893903498479
5.854095056030399 -5.406654247970128 0.005810077256350953
5.854095056030399 -4.979260978545257 0.011927539072990259
5.854095056030399 -4.567502072844396 0.020003500269448006
5.854095056030399 -4.168257066832499 0.028511222548957906
5.854095056030399 -3.7792067534352225 0.03566141165894072
5.854095056030399 -3.3985582658596285 0.04021557337779632
5.854095056030399 -3.0248798839012845 0.04186034893370146
5.854095056030399 -2.6569959984428952 0.041062639954741374
5.854095056030399 -2.2939171418750837 0.038670702834745496
5.854095056030399 -1.9347914722822965 0.035546044140797976
5.854095056030399 -1.578869894931614 0.03236007392366709
5.854095056030399 -1.225480109046289 0.029545477834623607
5.854095056030399 -0.8740066123570872 0.02733675288733274
5.854095056030399 -0.5238747138322762 0.02583820150830551
5.854095056030399 -0.17453721459758154 0.025085123558867446
5.854095056030399 0.17453721459758323 0.02508512355885894
5.854095056030399 0.5238747138322778 0.02583820150827977
5.854095056030399 0.8740066123570885 0.027336752887287777
5.854095056030399 1.2254801090462892 0.029545477834557996
5.854095056030399 1.578869894931614 0.03236007392357785
5.854095056030399 1.9347914722822956 0.03554604414068003
5.854095056030399 2.2939171418750837 0.03867070283459713
5.854095056030399 2.656995998442896 0.04106263995456315
5.854095056030399 3.024879883901285 0.041860348933502656
5.854095056030399 3.398558265859627 0.040215573377593995
5.854095056030399 3.779206753435224 0.035661411658739844
5.854095056030399 4.168257066832501 0.028511222548801597
5.854095056030399 4.5675020728443965 0.020003500269361495
5.854095056030399 4.9792609785452555 0.011927539072890379
5.854095056030399 5.406654247970126 0.005810077256028851
5.854095056030399 5.854095056030399 0.002195893903719349
5.854095056030399 6.328255351220081 0.000599049111902708
5.854095056030399 6.840237305249354 0.00010539968556484675
5.854095056030399 7.411582531485466 9.741524753469138e-06
5.854095056030399 8.098761139250847 2.8185309573660484e-07
6.328255351220081 -8.09876113925085 3.691553178465459e-08
6.328255351220081 -7.411582531485468 1.5649542232145582e-06
6.328255351220081 -6.840237305249354 2.0368427304289644e-05
6.328255351220081 -6.3282553512200845 0.00013792149354147318
6.328255351220081 -5.8540950560304035 0.0005990491118427747
6.328255351220081 -5.406654247970128 0.0018709423539004526
6.328255351220081 -4.979260978545257 0.004519273742615824
6.328255351220081 -4.567502072844396 0.008888923985035626
6.328255351220081 -4.168257066832499 0.014803189813703013
6.328255351220081 -3.7792067534352225 0.021534411789854952
6.328255351220081 -3.3985582658596285 0.02808182130600074
6.328255351220081 -3.0248798839012845 0.03356019907390385
6.328255351220081 -2.6569959984428952 0.03746786862439177
6.328255351220081 -2.2939171418750837 0.03973954689797037
6.328255351220081 -1.9347914722822965 0.040635070291449374
6.328255351220081 -1.578869894931614 0.0405719098314103
6.328255351220081 -1.225480109046289 0.0399838089273334
6.328255351220081 -0.8740066123570872 0.03923740110545188
6.328255351220081 -0.5238747138322762 0.03860059288333856
6.328255351220081 -0.17453721459758154 0.0382421125482088
6.328255351220081 0.17453721459758323 0.038242112548197565
6.328255351220081 0.5238747138322778 0.03860059288330424
6.328255351220081 0.8740066123570885 0.03923740110539336
6.328255351220081 1.2254801090462892 0.039983808927251854
6.328255351220081 1.578869894931614 0.040571909831307144
6.328255351220081 1.9347914722822956 0.04063507029132499
6.328255351220081 2.2939171418750837 0.039739546897829624
6.328255351220081 2.656995998442896 0.03746786862424174
6.328255351220081 3.024879883901285 0.03356019907375652
6.328255351220081 3.398558265859627 0.028081821305869906
6.328255351220081 3.779206753435224 0.021534411789742268
6.328255351220081 4.168257066832501 0.014803189813627673
6.328255351220081 4.5675020728443965 0.008888923985000465
6.328255351220081 4.9792609785452555 0.004519273742579969
6.328255351220081 5.406654247970126 0.0018709423537984044
6.328255351220081 5.854095056030399 0.0005990491119026009
6.328255351220081 6.328255351220081 0.000137921494804087
6.328255351220081 6.840237305249354 2.0368428653921066e-05
6.328255351220081 7.411582531485466 1.5649557129462183e-06
6.328255351220081 8.098761139250847 3.691573224758706e-08
6.840237305249354 -8.09876113925085 3.013847136548794e-09
6.840237305249354 -7.411582531485468 1.5864536534252544e-07
6.840237305249354 -6.840237305249354 2.5067202682035313e-06
6.840237305249354 -6.3282553512200845 2.036842847003345e-05
6.840237305249354 -5.8540950560304035 0.00010539968555440225
6.840237305249354 -5.406654247970128 0.0003900603307348838
6.840237305249354 -4.979260978545257 0.0011111244078148346
6.840237305249354 -4.567502072844396 0.0025649955261103077
6.840237305249354 -4.168257066832499 0.004987260263104277
6.840237305249354 -3.7792067534352225 0.008419727213947119
6.840237305249354 -3.3985582658596285 0.012652975682115509
6.840237305249354 -3.0248798839012845 0.01728255058409565
6.840237305249354 -2.6569959984428952 0.021841325743247635
6.840237305249354 -2.2939171418750837 0.025933895947847518
6.840237305249354 -1.9347914722822965 0.029316518690299203
6.840237305249354 -1.578869894931614 0.031908893837357705
6.840237305249354 -1.225480109046289 0.03375696648474913
6.840237305249354 -0.8740066123570872 0.03497616882558388
6.840237305249354 -0.5238747138322762 0.03569773897175035
6.840237305249354 -0.17453721459758154 0.03602895926250076
6.840237305249354 0.17453721459758323 0.03602895926249091
6.840237305249354 0.5238747138322778 0.035697738971721016
6.840237305249354 0.8740066123570885 0.03497616882553625
6.840237305249354 1.2254801090462892 0.03375696648468584
6.840237305249354 1.578869894931614 0.031908893837282785
6.840237305249354 1.9347914722822956 0.02931651869021736
6.840237305249354 2.2939171418750837 0.025933895947763363
6.840237305249354 2.656995998442896 0.021841325743167352
6.840237305249354 3.024879883901285 0.017282550584026064
6.840237305249354 3.398558265859627 0.012652975682061562
6.840237305249354 3.779206753435224 0.00841972721390656
6.840237305249354 4.168257066832501 0.0049872602630810035
6.840237305249354 4.5675020728443965 0.0025649955261011796
6.840237305249354 4.9792609785452555 0.0011111244078064902
6.840237305249354 5.406654247970126 0.0003900603307140134
6.840237305249354 5.854095056030399 0.00010539968556481203
6.840237305249354 6.328255351220081 2.0368428653910204e-05
6.840237305249354 6.840237305249354 2.506720431929468e-06
6.840237305249354 7.411582531485466 1.5864551413776902e-07
6.840237305249354 8.098761139250847 3.0138632524906966e-09
7.411582531485466 -8.09876113925085 1.2262413843993718e-10
7.411582531485466 -7.411582531485468 8.1560910496036e-09
7.411582531485466 -6.840237305249354 1.5864550400237506e-07
7.411582531485466 -6.3282553512200845 1.5649556991197565e-06
7.411582531485466 -5.8540950560304035 9.741524752515282e-06
7.411582531485466 -5.406654247970128 4.305602495068828e-05
7.411582531485466 -4.979260978545257 0.00014553927247354986
7.411582531485466 -4.567502072844396 0.00039614155554905237
7.411582531485466 -4.168257066832499 0.0009020811761744486
7.411582531485466 -3.7792067534352225 0.0017704542079603988
7.411582531485466 -3.3985582658596285 0.003067465002570181
7.411582531485466 -3.0248798839012845 0.00478559373589162
7.411582531485466 -2.6569959984428952 0.006835735101293646
7.411582531485466 -2.2939171418750837 0.009066920315398883
7.411582531485466 -1.9347914722822965 0.011302227375919826
7.411582531485466 -1.578869894931614 0.013374601110790885
7.411582531485466 -1.225480109046289 0.015150681030413058
7.411582531485466 -0.8740066123570872 0.01653900384117861
7.411582531485466 -0.5238747138322762 0.017485736491295294
7.411582531485466 -0.17453721459758154 0.017964183495196268
7.411582531485466 0.17453721459758323 0.017964183495191424
7.411582531485466 0.5238747138322778 0.01748573649128171
7.411582531485466 0.8740066123570885 0.016539003841158455
7.411582531485466 1.2254801090462892 0.015150681030387551
7.411582531485466 1.578869894931614 0.013374601110762349
7.411582531485466 1.9347914722822956 0.011302227375891401
7.411582531485466 2.2939171418750837 0.00906692031537266
7.411582531485466 2.656995998442896 0.006835735101270915
7.411582531485466 3.024879883901285 0.004785593735874158
7.411582531485466 3.398558265859627 0.0030674650025584674
7.411582531485466 3.779206753435224 0.0017704542079528265
7.411582531485466 4.168257066832501 0.0009020811761707596
7.411582531485466 4.5675020728443965 0.0003961415555478555
7.411582531485466 4.9792609785452555 0.00014553927247252548
7.411582531485466 5.406654247970126 4.305602494845807e-05
7.411582531485466 5.854095056030399 9.741524753467268e-06
7.411582531485466 6.328255351220081 1.5649557129451707e-06
7.411582531485466 6.840237305249354 1.586455141370998e-07
7.411582531485466 7.411582531485466 8.156098527557519e-09
7.411582531485466 8.098761139250847 1.2262477908251484e-10
8.098761139250847 -8.09876113925085 1.4144720360736774e-12
8.098761139250847 -7.411582531485468 1.2262467144320994e-10
8.098761139250847 -6.840237305249354 3.013863067932117e-09
8.098761139250847 -6.3282553512200845 3.691573193493478e-08
8.098761139250847 -5.8540950560304035 2.8185309570989223e-07
8.098761139250847 -5.406654247970128 1.5126474318536507e-06
8.098761139250847 -4.979260978545257 6.1516660215178245e-06
8.098761139250847 -4.567502072844396 1.996369435671363e-05
8.098761139250847 -4.168257066832499 5.369915518933394e-05
8.098761139250847 -3.7792067534352225 0.00012327029474956206
8.098761139250847 -3.3985582658596285 0.0002471835899707711
8.098761139250847 -3.0248798839012845 0.0004412725509733053
8.098761139250847 -2.6569959984428952 0.0007124961609755143
8.098761139250847 -2.2939171418750837 0.0010544048035394469
8.098761139250847 -1.9347914722822965 0.0014462019266439157
8.098761139250847 -1.578869894931614 0.0018556672128131012
8.098761139250847 -1.225480109046289 0.002244660908554365
8.098761139250847 -0.8740066123570872 0.002575296100805705
8.098761139250847 -0.5238747138322762 0.002815206563820584
8.098761139250847 -0.17453721459758154 0.0029411772162291692
8.098761139250847 0.17453721459758323 0.002941177216228607
8.098761139250847 0.5238747138322778 0.00281520656381894
8.098761139250847 0.8740066123570885 0.0025752961008031205
8.098761139250847 1.2254801090462892 0.0022446609085511634
8.098761139250847 1.578869894931614 0.0018556672128097096
8.098761139250847 1.9347914722822956 0.001446201926640854
8.098761139250847 2.2939171418750837 0.0010544048035368739
8.098761139250847 2.656995998442896 0.0007124961609734712
8.098761139250847 3.024879883901285 0.00044127255097198726
8.098761139250847 3.398558265859627 0.0002471835899700375
8.098761139250847 3.779206753435224 0.00012327029474914073
8.098761139250847 4.168257066832501 5.3699155189171025e-05
8.098761139250847 4.5675020728443965 1.9963694356675935e-05
8.098761139250847 4.9792609785452555 6.151666021482272e-06
8.098761139250847 5.406654247970126 1.5126474317803451e-06
8.098761139250847 5.854095056030399 2.8185309573591255e-07
8.098761139250847 6.328255351220081 3.691573224740631e-08
8.098761139250847 6.840237305249354 3.0138632523560416e-09
8.098761139250847 7.411582531485466 1.2262477908387077e-10
8.098761139250847 8.098761139250847 1.4144791104329824e-12
