-8.09876113925085 -8.09876113925085 1.528745271426291e-12
-8.09876113925085 -7.411582531485468 1.3984363759751302e-10
-8.09876113925085 -6.840237305249354 3.5690823712119857e-09
-8.09876113925085 -6.3282553512200845 4.5004046771556255e-08
-8.09876113925085 -5.8540950560304035 3.5176144200935697e-07
-8.09876113925085 -5.406654247970128 1.9249791808956904e-06
-8.09876113925085 -4.979260978545257 7.958609348619586e-06
-8.09876113925085 -4.567502072844396 2.619408923363998e-05
-8.09876113925085 -4.168257066832499 7.131709421664346e-05
-8.09876113925085 -3.7792067534352225 0.00016543440070024734
-8.09876113925085 -3.3985582658596285 0.00033473636260310713
-8.09876113925085 -3.0248798839012845 0.0006022192346472879
-8.09876113925085 -2.6569959984428952 0.0009788154497451006
-8.09876113925085 -2.2939171418750837 0.0014566262250313262
-8.09876113925085 -1.9347914722822965 0.0020071556872105567
-8.09876113925085 -1.578869894931614 0.002585132421939341
-8.09876113925085 -1.225480109046289 0.0031362303841862135
-8.09876113925085 -0.8740066123570872 0.0036059743374170406
-8.09876113925085 -0.5238747138322762 0.003947505363035347
-8.09876113925085 -0.17453721459758154 0.0041270485860728035
-8.09876113925085 0.17453721459758323 0.00412704858607223
-8.09876113925085 0.5238747138322778 0.003947505363033621
-8.09876113925085 0.8740066123570885 0.0036059743374142286
-8.09876113925085 1.2254801090462892 0.003136230384182835
-8.09876113925085 1.578869894931614 0.002585132421935781
-8.09876113925085 1.9347914722822956 0.0020071556872072378
-8.09876113925085 2.2939171418750837 0.001456626225028548
-8.09876113925085 2.656995998442896 0.0009788154497429812
-8.09876113925085 3.024879883901285 0.000602219234645926
-8.09876113925085 3.398558265859627 0.00033473636260234846
-8.09876113925085 3.779206753435224 0.00016543440069977255
-8.09876113925085 4.168257066832501 7.13170942164649e-05
-8.09876113925085 4.5675020728443965 2.619408923360862e-05
-8.09876113925085 4.9792609785452555 7.958609348573641e-06
-8.09876113925085 5.406654247970126 1.924979180779885e-06
-8.09876113925085 5.854095056030399 3.5176144205179994e-07
-8.09876113925085 6.328255351220081 4.500404724388923e-08
-8.09876113925085 6.840237305249354 3.5690826367936056e-09
-8.09876113925085 7.411582531485466 1.3984378291241964e-10
-8.09876113925085 8.098761139250847 1.5287538989733085e-12
-7.411582531485468 -8.09876113925085 1.3984363760511964e-10
-7.411582531485468 -7.411582531485468 1.0055590278472814e-08
-7.411582531485468 -6.840237305249354 2.0605126803039685e-07
-7.411582531485468 -6.3282553512200845 2.1134773561702504e-06
-7.411582531485468 -5.8540950560304035 1.3569383606874142e-05
-7.411582531485468 -5.406654247970128 6.151471972400863e-05
-7.411582531485468 -4.979260978545257 0.0002123923258096114
-7.411582531485468 -4.567502072844396 0.0005886013053797429
-7.411582531485468 -4.168257066832499 0.0013611155018874875
-7.411582531485468 -3.7792067534352225 0.002706871669077442
-7.411582531485468 -3.3985582658596285 0.004743391323558683
-7.411582531485468 -3.0248798839012845 0.00747252671073578
-7.411582531485468 -2.6569959984428952 0.01076252419408901
-7.411582531485468 -2.2939171418750837 0.014375486450761499
-7.411582531485468 -1.9347914722822965 0.01802378183023147
-7.411582531485468 -1.578869894931614 0.021429202926475606
-7.411582531485468 -1.225480109046289 0.02436440227344584
-7.411582531485468 -0.8740066123570872 0.026669245022633337
-7.411582531485468 -0.5238747138322762 0.028246226659216923
-7.411582531485468 -0.17453721459758154 0.029044809988885253
-7.411582531485468 0.17453721459758323 0.029044809988879462
-7.411582531485468 0.5238747138322778 0.028246226659200395
-7.411582531485468 0.8740066123570885 0.02666924502260725
-7.411582531485468 1.2254801090462892 0.024364402273412373
-7.411582531485468 1.578869894931614 0.021429202926438375
-7.411582531485468 1.9347914722822956 0.018023781830194097
-7.411582531485468 2.2939171418750837 0.014375486450727597
-7.411582531485468 2.656995998442896 0.010762524194060777
-7.411582531485468 3.024879883901285 0.007472526710714618
-7.411582531485468 3.398558265859627 0.004743391323544749
-7.411582531485468 3.779206753435224 0.002706871669067906
-7.411582531485468 4.168257066832501 0.0013611155018831821
-7.411582531485468 4.5675020728443965 0.0005886013053788487
-7.411582531485468 4.9792609785452555 0.00021239232580826662
-7.411582531485468 5.406654247970126 6.151471971995371e-05
-7.411582531485468 5.854095056030399 1.3569383608656745e-05
-7.411582531485468 6.328255351220081 2.113477380494694e-06
-7.411582531485468 6.840237305249354 2.0605128488057756e-07
-7.411582531485468 7.411582531485466 1.0055601767307617e-08
-7.411582531485468 8.098761139250847 1.398445026011159e-10
-6.840237305249354 -8.09876113925085 3.5690823711282953e-09
-6.840237305249354 -7.411582531485468 2.0605126803042435e-07
-6.840237305249354 -6.840237305249354 3.4578001586642836e-06
-6.840237305249354 -6.3282553512200845 2.937445340941575e-05
-6.840237305249354 -5.8540950560304035 0.00015740754500534454
-6.840237305249354 -5.406654247970128 0.0005993318857180225
-6.840237305249354 -4.979260978545257 0.0017481395630267477
-6.840237305249354 -4.567502072844396 0.004116975300454718
-6.840237305249354 -4.168257066832499 0.008142315608663433
-6.840237305249354 -3.7792067534352225 0.013948106242141857
-6.840237305249354 -3.3985582658596285 0.02122455737537
-6.840237305249354 -3.0248798839012845 0.02930214447227248
-6.840237305249354 -2.6569959984428952 0.0373700697551217
-6.840237305249354 -2.2939171418750837 0.044714061376022206
-6.840237305249354 -1.9347914722822965 0.05086903512105258
-6.840237305249354 -1.578869894931614 0.055653770578900766
-6.840237305249354 -1.225480109046289 0.05911525182762313
-6.840237305249354 -0.8740066123570872 0.061432765778929456
-6.840237305249354 -0.5238747138322762 0.06282298869555213
-6.840237305249354 -0.17453721459758154 0.063467485724078
-6.840237305249354 0.17453721459758323 0.06346748572406403
-6.840237305249354 0.5238747138322778 0.06282298869550962
-6.840237305249354 0.8740066123570885 0.06143276577886044
-6.840237305249354 1.2254801090462892 0.05911525182753081
-6.840237305249354 1.578869894931614 0.05565377057879086
-6.840237305249354 1.9347914722822956 0.05086903512093344
-6.840237305249354 2.2939171418750837 0.04471406137590392
-6.840237305249354 2.656995998442896 0.03737006975500971
-6.840237305249354 3.024879883901285 0.02930214447217665
-6.840237305249354 3.398558265859627 0.021224557375297652
-6.840237305249354 3.779206753435224 0.013948106242085496
-6.840237305249354 4.168257066832501 0.0081423156086336
-6.840237305249354 4.5675020728443965 0.004116975300446852
-6.840237305249354 4.9792609785452555 0.001748139563014155
-6.840237305249354 5.406654247970126 0.0005993318856762638
-6.840237305249354 5.854095056030399 0.00015740754502685327
-6.840237305249354 6.328255351220081 2.9374453763464774e-05
-6.840237305249354 6.840237305249354 3.457800455282192e-06
-6.840237305249354 7.411582531485466 2.0605151539095132e-07
-6.840237305249354 8.098761139250847 3.56910558432493e-09
-6.3282553512200845 -8.09876113925085 4.500404677162393e-08
-6.3282553512200845 -7.411582531485468 2.113477356170296e-06
-6.3282553512200845 -6.840237305249354 2.9374453409402343e-05
-6.3282553512200845 -6.3282553512200845 0.00020870213252543156
-6.3282553512200845 -5.8540950560304035 0.000941156862473335
-6.3282553512200845 -5.406654247970128 0.003030199371827104
-6.3282553512200845 -4.979260978545257 0.00750649567874444
-6.3282553512200845 -4.567502072844396 0.015081527164630971
-6.3282553512200845 -4.168257066832499 0.025573892555020416
-6.3282553512200845 -3.7792067534352225 0.037781626182324175
-6.3282553512200845 -3.3985582658596285 0.049924672492064864
-6.3282553512200845 -3.0248798839012845 0.06034249608035729
-6.3282553512200845 -2.6569959984428952 0.06801923123157548
-6.3282553512200845 -2.2939171418750837 0.07272955045084892
-6.3282553512200845 -1.9347914722822965 0.0748695058919555
-6.3282553512200845 -1.578869894931614 0.07516105699496964
-6.3282553512200845 -1.225480109046289 0.07438742273068065
-6.3282553512200845 -0.8740066123570872 0.07322790937745965
-6.3282553512200845 -0.5238747138322762 0.07218814347770078
-6.3282553512200845 -0.17453721459758154 0.07159092014066425
-6.3282553512200845 0.17453721459758323 0.07159092014064783
-6.3282553512200845 0.5238747138322778 0.07218814347764871
-6.3282553512200845 0.8740066123570885 0.07322790937737002
-6.3282553512200845 1.2254801090462892 0.07438742273055361
-6.3282553512200845 1.578869894931614 0.07516105699480617
-6.3282553512200845 1.9347914722822956 0.07486950589176102
-6.3282553512200845 2.2939171418750837 0.07272955045063456
-6.3282553512200845 2.656995998442896 0.06801923123134937
-6.3282553512200845 3.024879883901285 0.06034249608013789
-6.3282553512200845 3.398558265859627 0.04992467249187357
-6.3282553512200845 3.779206753435224 0.03778162618215334
-6.3282553512200845 4.168257066832501 0.02557389255491417
-6.3282553512200845 4.5675020728443965 0.015081527164595331
-6.3282553512200845 4.9792609785452555 0.007506495678685739
-6.3282553512200845 5.406654247970126 0.0030301993716086977
-6.3282553512200845 5.854095056030399 0.000941156862605189
-6.3282553512200845 6.328255351220081 0.0002087021351156878
-6.3282553512200845 6.840237305249354 2.9374456007449612e-05
-6.3282553512200845 7.411582531485466 2.1134799761614495e-06
-6.3282553512200845 8.098761139250847 4.500434945621466e-08
-5.8540950560304035 -8.09876113925085 3.517614420093004e-07
-5.8540950560304035 -7.411582531485468 1.3569383606864473e-05
-5.8540950560304035 -6.840237305249354 0.0001574075450053006
-5.8540950560304035 -6.3282553512200845 0.0009411568624732126
-5.8540950560304035 -5.8540950560304035 0.003588597798125664
-5.8540950560304035 -5.406654247970128 0.009802083058133047
-5.8540950560304035 -4.979260978545257 0.020659721116174094
-5.8540950560304035 -4.567502072844396 0.03542353599663627
-5.8540950560304035 -4.168257066832499 0.051447152598489115
-5.8540950560304035 -3.7792067534352225 0.06538976113580199
-5.8540950560304035 -3.3985582658596285 0.07475908386896007
-5.8540950560304035 -3.0248798839012845 0.07873393367719385
-5.8540950560304035 -2.6569959984428952 0.07800648620198573
-5.8540950560304035 -2.2939171418750837 0.07408088810448817
-5.8540950560304035 -1.9347914722822965 0.06856991675663189
-5.8540950560304035 -1.578869894931614 0.06277650189749746
-5.8540950560304035 -1.225480109046289 0.05756912460881885
-5.8540950560304035 -0.8740066123570872 0.05343827321694474
-5.8540950560304035 -0.5238747138322762 0.05061661032807245
-5.8540950560304035 -0.17453721459758154 0.04919328709487363
-5.8540950560304035 0.17453721459758323 0.04919328709486078
-5.8540950560304035 0.5238747138322778 0.050616610328031844
-5.8540950560304035 0.8740066123570885 0.05343827321687226
-5.8540950560304035 1.2254801090462892 0.057569124608709984
-5.8540950560304035 1.578869894931614 0.06277650189734736
-5.8540950560304035 1.9347914722822956 0.0685699167564366
-5.8540950560304035 2.2939171418750837 0.07408088810424698
-5.8540950560304035 2.656995998442896 0.07800648620169888
-5.8540950560304035 3.024879883901285 0.07873393367687705
-5.8540950560304035 3.398558265859627 0.07475908386864408
-5.8540950560304035 3.779206753435224 0.0653897611354795
-5.8540950560304035 4.168257066832501 0.05144715259825433
-5.8540950560304035 4.5675020728443965 0.03542353599653795
-5.8540950560304035 4.9792609785452555 0.020659721116002432
-5.8540950560304035 5.406654247970126 0.009802083057409977
-5.8540950560304035 5.854095056030399 0.003588597798637541
-5.8540950560304035 6.328255351220081 0.0009411568743986635
-5.8540950560304035 6.840237305249354 0.00015740755923328872
-5.8540950560304035 7.411582531485466 1.3569400820474735e-05
-5.8540950560304035 8.098761139250847 3.51763866632665e-07
-5.406654247970128 -8.09876113925085 1.9249791808941878e-06
-5.406654247970128 -7.411582531485468 6.15147197239939e-05
-5.406654247970128 -6.840237305249354 0.0005993318857178825
-5.406654247970128 -6.3282553512200845 0.003030199371826521
-5.406654247970128 -5.8540950560304035 0.009802083058132228
-5.406654247970128 -5.406654247970128 0.022758010506466805
-5.406654247970128 -4.979260978545257 0.04083082305229772
-5.406654247970128 -4.567502072844396 0.0596887248933867
-5.406654247970128 -4.168257066832499 0.07406822686108192
-5.406654247970128 -3.7792067534352225 0.08068630770059965
-5.406654247970128 -3.3985582658596285 0.07941084182948983
-5.406654247970128 -3.0248798839012845 0.07242786556897474
-5.406654247970128 -2.6569959984428952 0.06263461706768135
-5.406654247970128 -2.2939171418750837 0.05243859300975899
-5.406654247970128 -1.9347914722822965 0.043314155823874975
-5.406654247970128 -1.578869894931614 0.035902785488326754
-5.406654247970128 -1.225480109046289 0.03031085230608325
-5.406654247970128 -0.8740066123570872 0.026390837016407664
-5.406654247970128 -0.5238747138322762 0.02392879735600427
-5.406654247970128 -0.17453721459758154 0.022746393474445663
-5.406654247970128 0.17453721459758323 0.022746393474438555
-5.406654247970128 0.5238747138322778 0.023928797355982415
-5.406654247970128 0.8740066123570885 0.026390837016367383
-5.406654247970128 1.2254801090462892 0.03031085230601894
-5.406654247970128 1.578869894931614 0.03590278548823172
-5.406654247970128 1.9347914722822956 0.04331415582373957
-5.406654247970128 2.2939171418750837 0.052438593009572744
-5.406654247970128 2.656995998442896 0.06263461706743041
-5.406654247970128 3.024879883901285 0.07242786556865626
-5.406654247970128 3.398558265859627 0.07941084182912249
-5.406654247970128 3.779206753435224 0.08068630770017028
-5.406654247970128 4.168257066832501 0.0740682268607163
-5.406654247970128 4.5675020728443965 0.05968872489320215
-5.406654247970128 4.9792609785452555 0.04083082305194209
-5.406654247970128 5.406654247970126 0.022758010504757755
-5.406654247970128 5.854095056030399 0.009802083059549625
-5.406654247970128 6.328255351220081 0.0030301994108248836
-5.406654247970128 6.840237305249354 0.0005993319407877897
-5.406654247970128 7.411582531485466 6.15147991390205e-05
-5.406654247970128 8.098761139250847 1.924992703035882e-06
-4.979260978545257 -8.09876113925085 7.958609348623023e-06
-4.979260978545257 -7.411582531485468 0.00021239232580960642
-4.979260978545257 -6.840237305249354 0.0017481395630263375
-4.979260978545257 -6.3282553512200845 0.007506495678743136
-4.979260978545257 -5.8540950560304035 0.020659721116171648
-4.979260978545257 -5.406654247970128 0.040830823052295025
-4.979260978545257 -4.979260978545257 0.062352343965286765
-4.979260978545257 -4.567502072844396 0.07758443824259383
-4.979260978545257 -4.168257066832499 0.08199016872672996
-4.979260978545257 -3.7792067534352225 0.07617745712567969
-4.979260978545257 -3.3985582658596285 0.06412562640177512
-4.979260978545257 -3.0248798839012845 0.05025402440399052
-4.979260978545257 -2.6569959984428952 0.0375915756777602
-4.979260978545257 -2.2939171418750837 0.027472616848884905
-4.979260978545257 -1.9347914722822965 0.020043859742437522
-4.979260978545257 -1.578869894931614 0.014892138540214267
-4.979260978545257 -1.225480109046289 0.011468766683514995
-4.979260978545257 -0.8740066123570872 0.009294806995935977
-4.979260978545257 -0.5238747138322762 0.008023088576077687
-4.979260978545257 -0.17453721459758154 0.0074380453341578515
-4.979260978545257 0.17453721459758323 0.0074380453341553925
-4.979260978545257 0.5238747138322778 0.008023088576069653
-4.979260978545257 0.8740066123570885 0.009294806995920536
-4.979260978545257 1.2254801090462892 0.011468766683488348
-4.979260978545257 1.578869894931614 0.014892138540171025
-4.979260978545257 1.9347914722822956 0.02004385974236911
-4.979260978545257 2.2939171418750837 0.02747261684877813
-4.979260978545257 2.656995998442896 0.03759157567759621
-4.979260978545257 3.024879883901285 0.050254024403751485
-4.979260978545257 3.398558265859627 0.06412562640145535
-4.979260978545257 3.779206753435224 0.07617745712524637
-4.979260978545257 4.168257066832501 0.08199016872629539
-4.979260978545257 4.5675020728443965 0.07758443824232714
-4.979260978545257 4.9792609785452555 0.06235234396472023
-4.979260978545257 5.406654247970126 0.04083082304918393
-4.979260978545257 5.854095056030399 0.02065972111918951
-4.979260978545257 6.328255351220081 0.007506495776534504
-4.979260978545257 6.840237305249354 0.0017481397257380232
-4.979260978545257 7.411582531485466 0.00021239260382495658
-4.979260978545257 8.098761139250847 7.958666105615909e-06
-4.567502072844396 -8.09876113925085 2.6194089233640056e-05
-4.567502072844396 -7.411582531485468 0.0005886013053796425
-4.567502072844396 -6.840237305249354 0.004116975300453887
-4.567502072844396 -6.3282553512200845 0.015081527164627634
-4.567502072844396 -5.8540950560304035 0.03542353599662922
-4.567502072844396 -5.406654247970128 0.05968872489337925
-4.567502072844396 -4.979260978545257 0.07758443824258877
-4.567502072844396 -4.567502072844396 0.08203609214800622
-4.567502072844396 -4.168257066832499 0.07358169441906752
-4.567502072844396 -3.7792067534352225 0.05800838698495579
-4.567502072844396 -3.3985582658596285 0.04147774719823259
-4.567502072844396 -3.0248798839012845 0.027692502877703987
-4.567502072844396 -2.6569959984428952 0.017741546496246124
-4.567502072844396 -2.2939171418750837 0.01119602967963015
-4.567502072844396 -1.9347914722822965 0.007134406694516457
-4.567502072844396 -1.578869894931614 0.004699432150620725
-4.567502072844396 -1.225480109046289 0.0032685868262267146
-4.567502072844396 -0.8740066123570872 0.0024455467967220016
-4.567502072844396 -0.5238747138322762 0.001997809860049469
-4.567502072844396 -0.17453721459758154 0.001800812370056937
-4.567502072844396 0.17453721459758323 0.0018008123700562083
-4.567502072844396 0.5238747138322778 0.001997809860047045
-4.567502072844396 0.8740066123570885 0.0024455467967173087
-4.567502072844396 1.2254801090462892 0.003268586826218393
-4.567502072844396 1.578869894931614 0.004699432150606117
-4.567502072844396 1.9347914722822956 0.007134406694490272
-4.567502072844396 2.2939171418750837 0.011196029679582952
-4.567502072844396 2.656995998442896 0.017741546496162348
-4.567502072844396 3.024879883901285 0.027692502877561614
-4.567502072844396 3.398558265859627 0.04147774719800995
-4.567502072844396 3.779206753435224 0.058008386984604726
-4.567502072844396 4.168257066832501 0.07358169441865166
-4.567502072844396 4.5675020728443965 0.08203609214769725
-4.567502072844396 4.9792609785452555 0.07758443824185614
-4.567502072844396 5.406654247970126 0.0596887248887752
-4.567502072844396 5.854095056030399 0.035423536001844225
-4.567502072844396 6.328255351220081 0.015081527363035585
-4.567502072844396 6.840237305249354 0.00411697568764816
-4.567502072844396 7.411582531485466 0.0005886020845111636
-4.567502072844396 8.098761139250847 2.6194278356356848e-05
-4.168257066832499 -8.09876113925085 7.13170942166329e-05
-4.168257066832499 -7.411582531485468 0.0013611155018871152
-4.168257066832499 -6.840237305249354 0.008142315608661141
-4.168257066832499 -6.3282553512200845 0.025573892555012846
-4.168257066832499 -5.8540950560304035 0.05144715259847575
-4.168257066832499 -5.406654247970128 0.07406822686106748
-4.168257066832499 -4.979260978545257 0.08199016872671804
-4.168257066832499 -4.567502072844396 0.07358169441906193
-4.168257066832499 -4.168257066832499 0.05583814621122235
-4.168257066832499 -3.7792067534352225 0.03715582758104422
-4.168257066832499 -3.3985582658596285 0.0223989721448451
-4.168257066832499 -3.0248798839012845 0.012618159555990983
-4.168257066832499 -2.6569959984428952 0.0068427510573964324
-4.168257066832499 -2.2939171418750837 0.0036788124537714072
-4.168257066832499 -1.9347914722822965 0.002017405849321856
-4.168257066832499 -1.578869894931614 0.0011603810938805436
-4.168257066832499 -1.225480109046289 0.0007183261013971535
-4.168257066832499 -0.8740066123570872 0.0004899291804304712
-4.168257066832499 -0.5238747138322762 0.00037521300173379345
-4.168257066832499 -0.17453721459758154 0.0003271895073419154
-4.168257066832499 0.17453721459758323 0.0003271895073417772
-4.168257066832499 0.5238747138322778 0.0003752130017333059
-4.168257066832499 0.8740066123570885 0.0004899291804295223
-4.168257066832499 1.2254801090462892 0.0007183261013952188
-4.168257066832499 1.578869894931614 0.0011603810938767354
-4.168257066832499 1.9347914722822956 0.00201740584931404
-4.168257066832499 2.2939171418750837 0.003678812453754718
-4.168257066832499 2.656995998442896 0.006842751057361534
-4.168257066832499 3.024879883901285 0.012618159555921032
-4.168257066832499 3.398558265859627 0.02239897214471564
-4.168257066832499 3.779206753435224 0.03715582758080535
-4.168257066832499 4.168257066832501 0.055838146210887285
-4.168257066832499 4.5675020728443965 0.07358169441876276
-4.168257066832499 4.9792609785452555 0.08199016872591673
-4.168257066832499 5.406654247970126 0.07406822685529223
-4.168257066832499 5.854095056030399 0.05144715260609496
-4.168257066832499 6.328255351220081 0.025573892894161638
-4.168257066832499 6.840237305249354 0.008142316380981271
-4.168257066832499 7.411582531485466 0.001361117320267019
-4.168257066832499 8.098761139250847 7.131761442514651e-05
-3.7792067534352225 -8.09876113925085 0.00016543440070018267
-3.7792067534352225 -7.411582531485468 0.0027068716690764145
-3.7792067534352225 -6.840237305249354 0.01394810624213659
-3.7792067534352225 -6.3282553512200845 0.03778162618231044
-3.7792067534352225 -5.8540950560304035 0.06538976113577967
-3.7792067534352225 -5.406654247970128 0.0806863077005759
-3.7792067534352225 -4.979260978545257 0.07617745712566067
-3.7792067534352225 -4.567502072844396 0.058008386984946106
-3.7792067534352225 -4.168257066832499 0.03715582758104111
-3.7792067534352225 -3.7792067534352225 0.020773558017924333
-3.7792067534352225 -3.3985582658596285 0.010484037281048419
-3.7792067534352225 -3.0248798839012845 0.004936500763655569
-3.7792067534352225 -2.6569959984428952 0.0022393866203505013
-3.7792067534352225 -2.2939171418750837 0.0010118929375462196
-3.7792067534352225 -1.9347914722822965 0.00047055248835317187
-3.7792067534352225 -1.578869894931614 0.000232931660065137
-3.7792067534352225 -1.225480109046289 0.00012661830699596798
-3.7792067534352225 -0.8740066123570872 7.787654601484403e-05
-3.7792067534352225 -0.5238747138322762 5.548153309401461e-05
-3.7792067534352225 -0.17453721459758154 4.6623456485108655e-05
-3.7792067534352225 0.17453721459758323 4.662345648507082e-05
-3.7792067534352225 0.5238747138322778 5.548153309393957e-05
-3.7792067534352225 0.8740066123570885 7.787654601469309e-05
-3.7792067534352225 1.2254801090462892 0.00012661830699561044
-3.7792067534352225 1.578869894931614 0.0002329316600643761
-3.7792067534352225 1.9347914722822956 0.00047055248835127587
-3.7792067534352225 2.2939171418750837 0.0010118929375411837
-3.7792067534352225 2.656995998442896 0.002239386620337796
-3.7792067534352225 3.024879883901285 0.0049365007636258664
-3.7792067534352225 3.398558265859627 0.010484037280983544
-3.7792067534352225 3.779206753435224 0.020773558017782735
-3.7792067534352225 4.168257066832501 0.037155827580805184
-3.7792067534352225 4.5675020728443965 0.05800838698469272
-3.7792067534352225 4.9792609785452555 0.07617745712489292
-3.7792067534352225 5.406654247970126 0.08068630769422785
-3.7792067534352225 5.854095056030399 0.06538976114551101
-3.7792067534352225 6.328255351220081 0.037781626686692174
-3.7792067534352225 6.840237305249354 0.013948107574543544
-3.7792067534352225 7.411582531485466 0.0027068753131599616
-3.7792067534352225 8.098761139250847 0.00016543561781901209
-3.3985582658596285 -8.09876113925085 0.0003347363626029406
-3.3985582658596285 -7.411582531485468 0.004743391323556529
-3.3985582658596285 -6.840237305249354 0.021224557375360577
-3.3985582658596285 -6.3282553512200845 0.049924672492042264
-3.3985582658596285 -5.8540950560304035 0.07475908386892696
-3.3985582658596285 -5.406654247970128 0.07941084182945639
-3.3985582658596285 -4.979260978545257 0.06412562640175216
-3.3985582658596285 -4.567502072844396 0.04147774719821998
-3.3985582658596285 -4.168257066832499 0.022398972144839793
-3.3985582658596285 -3.7792067534352225 0.01048403728104707
-3.3985582658596285 -3.3985582658596285 0.004400059959050308
-3.3985582658596285 -3.0248798839012845 0.0017146579634864112
-3.3985582658596285 -2.6569959984428952 0.0006417318393501535
-3.3985582658596285 -2.2939171418750837 0.0002395155115835421
-3.3985582658596285 -1.9347914722822965 9.241151564618247e-05
-3.3985582658596285 -1.578869894931614 3.8420474185762916e-05
-3.3985582658596285 -1.225480109046289 1.7845696634755994e-05
-3.3985582658596285 -0.8740066123570872 9.649659188253106e-06
-3.3985582658596285 -0.5238747138322762 6.257890338414539e-06
-3.3985582658596285 -0.17453721459758154 5.008440188773081e-06
-3.3985582658596285 0.17453721459758323 5.008440188768433e-06
-3.3985582658596285 0.5238747138322778 6.257890338404771e-06
-3.3985582658596285 0.8740066123570885 9.64965918823496e-06
-3.3985582658596285 1.2254801090462892 1.7845696634715157e-05
-3.3985582658596285 1.578869894931614 3.842047418564541e-05
-3.3985582658596285 1.9347914722822956 9.241151564578918e-05
-3.3985582658596285 2.2939171418750837 0.00023951551158228114
-3.3985582658596285 2.656995998442896 0.000641731839346274
-3.3985582658596285 3.024879883901285 0.0017146579634752226
-3.3985582658596285 3.398558265859627 0.004400059959021096
-3.3985582658596285 3.779206753435224 0.01048403728097165
-3.3985582658596285 4.168257066832501 0.022398972144690527
-3.3985582658596285 4.5675020728443965 0.04147774719802707
-3.3985582658596285 4.9792609785452555 0.06412562640108732
-3.3985582658596285 5.406654247970126 0.07941084182316098
-3.3985582658596285 5.854095056030399 0.07475908388009807
-3.3985582658596285 6.328255351220081 0.04992467316224579
-3.3985582658596285 6.840237305249354 0.021224559414897322
-3.3985582658596285 7.411582531485466 0.004743397750485156
-3.3985582658596285 8.098761139250847 0.00033473884316144773
-3.0248798839012845 -8.09876113925085 0.0006022192346469307
-3.0248798839012845 -7.411582531485468 0.007472526710731812
-3.0248798839012845 -6.840237305249354 0.029302144472256552
-3.0248798839012845 -6.3282553512200845 0.06034249608032469
-3.0248798839012845 -5.8540950560304035 0.07873393367715169
-3.0248798839012845 -5.406654247970128 0.07242786556893774
-3.0248798839012845 -4.979260978545257 0.05025402440396773
-3.0248798839012845 -4.567502072844396 0.02769250287769261
-3.0248798839012845 -4.168257066832499 0.012618159555986701
-3.0248798839012845 -3.7792067534352225 0.0049365007636543775
-3.0248798839012845 -3.3985582658596285 0.0017146579634861117
-3.0248798839012845 -3.0248798839012845 0.0005487482251204271
-3.0248798839012845 -2.6569959984428952 0.00016748438371160697
-3.0248798839012845 -2.2939171418750837 5.0961481284716096e-05
-3.0248798839012845 -1.9347914722822965 1.6060742208788463e-05
-3.0248798839012845 -1.578869894931614 5.54758362475168e-06
-3.0248798839012845 -1.225480109046289 2.1814708444994796e-06
-3.0248798839012845 -0.8740066123570872 1.0396615695598814e-06
-3.0248798839012845 -0.5238747138322762 6.155262522798905e-07
-3.0248798839012845 -0.17453721459758154 4.722228604109602e-07
-3.0248798839012845 0.17453721459758323 4.7222286041167826e-07
-3.0248798839012845 0.5238747138322778 6.155262522801768e-07
-3.0248798839012845 0.8740066123570885 1.0396615695618467e-06
-3.0248798839012845 1.2254801090462892 2.1814708445020355e-06
-3.0248798839012845 1.578869894931614 5.547583624738217e-06
-3.0248798839012845 1.9347914722822956 1.606074220871134e-05
-3.0248798839012845 2.2939171418750837 5.096148128444689e-05
-3.0248798839012845 2.656995998442896 0.00016748438371058297
-3.0248798839012845 3.024879883901285 0.0005487482251166649
-3.0248798839012845 3.398558265859627 0.0017146579634740962
-3.0248798839012845 3.779206753435224 0.004936500763616969
-3.0248798839012845 4.168257066832501 0.012618159555898496
-3.0248798839012845 4.5675020728443965 0.0276925028775564
-3.0248798839012845 4.9792609785452555 0.05025402440343294
-3.0248798839012845 5.406654247970126 0.07242786556315718
-3.0248798839012845 5.854095056030399 0.07873393368895634
-3.0248798839012845 6.328255351220081 0.06034249689416778
-3.0248798839012845 6.840237305249354 0.029302147302034846
-3.0248798839012845 7.411582531485466 0.00747253689038212
-3.0248798839012845 8.098761139250847 0.0006022237247327514
-2.6569959984428952 -8.09876113925085 0.0009788154497444457
-2.6569959984428952 -7.411582531485468 0.01076252419408233
-2.6569959984428952 -6.840237305249354 0.037370069755098205
-2.6569959984428952 -6.3282553512200845 0.06801923123153182
-2.6569959984428952 -5.8540950560304035 0.07800648620193595
-2.6569959984428952 -5.406654247970128 0.06263461706764328
-2.6569959984428952 -4.979260978545257 0.037591575677739436
-2.6569959984428952 -4.567502072844396 0.017741546496237118
-2.6569959984428952 -4.168257066832499 0.006842751057393507
-2.6569959984428952 -3.7792067534352225 0.002239386620349587
-2.6569959984428952 -3.3985582658596285 0.0006417318393499022
-2.6569959984428952 -3.0248798839012845 0.00016748438371157057
-2.6569959984428952 -2.6569959984428952 4.106285569934321e-05
-2.6569959984428952 -2.2939171418750837 9.971641141534498e-06
-2.6569959984428952 -1.9347914722822965 2.4650636453626496e-06
-2.6569959984428952 -1.578869894931614 6.729962283423928e-07
-2.6569959984428952 -1.225480109046289 2.0446322051680953e-07
-2.6569959984428952 -0.8740066123570872 7.846358700000609e-08
-2.6569959984428952 -0.5238747138322762 3.755318679253501e-08
-2.6569959984428952 -0.17453721459758154 2.5972805316468454e-08
-2.6569959984428952 0.17453721459758323 2.597280531671911e-08
-2.6569959984428952 0.5238747138322778 3.755318679304596e-08
-2.6569959984428952 0.8740066123570885 7.846358700018291e-08
-2.6569959984428952 1.2254801090462892 2.044632205171874e-07
-2.6569959984428952 1.578869894931614 6.729962283411055e-07
-2.6569959984428952 1.9347914722822956 2.465063645350096e-06
-2.6569959984428952 2.2939171418750837 9.971641141487503e-06
-2.6569959984428952 2.656995998442896 4.106285569909358e-05
-2.6569959984428952 3.024879883901285 0.00016748438371042368
-2.6569959984428952 3.398558265859627 0.0006417318393452771
-2.6569959984428952 3.779206753435224 0.0022393866203319424
-2.6569959984428952 4.168257066832501 0.00684275105734354
-2.6569959984428952 4.5675020728443965 0.017741546496144893
-2.6569959984428952 4.9792609785452555 0.037591575677329
-2.6569959984428952 5.406654247970126 0.0626346170626149
-2.6569959984428952 5.854095056030399 0.07800648621366348
-2.6569959984428952 6.328255351220081 0.0680192321525108
-2.6569959984428952 6.840237305249354 0.037370073379120704
-2.6569959984428952 7.411582531485466 0.010762538922496921
-2.6569959984428952 8.098761139250847 0.000978822785419068
-2.2939171418750837 -8.09876113925085 0.0014566262250303
-2.2939171418750837 -7.411582531485468 0.01437548645075108
-2.2939171418750837 -6.840237305249354 0.044714061375989586
-2.2939171418750837 -6.3282553512200845 0.07272955045079398
-2.2939171418750837 -5.8540950560304035 0.07408088810443285
-2.2939171418750837 -5.406654247970128 0.052438593009721396
-2.2939171418750837 -4.979260978545257 0.02747261684886653
-2.2939171418750837 -4.567502072844396 0.011196029679623033
-2.2939171418750837 -4.168257066832499 0.003678812453769386
-2.2939171418750837 -3.7792067534352225 0.0010118929375456797
-2.2939171418750837 -3.3985582658596285 0.00023951551158340356
-2.2939171418750837 -3.0248798839012845 5.096148128471482e-05
-2.2939171418750837 -2.6569959984428952 9.971641141537142e-06
-2.2939171418750837 -2.2939171418750837 1.9379030661170418e-06
-2.2939171418750837 -1.9347914722822965 3.749949369293233e-07
-2.2939171418750837 -1.578869894931614 8.648666587273049e-08
-2.2939171418750837 -1.225480109046289 2.198709894417426e-08
-2.2939171418750837 -0.8740066123570872 8.719763456426018e-09
-2.2939171418750837 -0.5238747138322762 4.179924790638341e-09
-2.2939171418750837 -0.17453721459758154 3.2028809764074287e-09
-2.2939171418750837 0.17453721459758323 3.2028809764272293e-09
-2.2939171418750837 0.5238747138322778 4.179924790691235e-09
-2.2939171418750837 0.8740066123570885 8.719763456408363e-09
-2.2939171418750837 1.2254801090462892 2.198709894381319e-08
-2.2939171418750837 1.578869894931614 8.648666587171172e-08
-2.2939171418750837 1.9347914722822956 3.7499493692795986e-07
-2.2939171418750837 2.2939171418750837 1.937903066108674e-06
-2.2939171418750837 2.656995998442896 9.971641141473901e-06
-2.2939171418750837 3.024879883901285 5.096148128435763e-05
-2.2939171418750837 3.398558265859627 0.00023951551158169534
-2.2939171418750837 3.779206753435224 0.0010118929375374567
-2.2939171418750837 4.168257066832501 0.003678812453741392
-2.2939171418750837 4.5675020728443965 0.011196029679561485
-2.2939171418750837 4.9792609785452555 0.027472616848558534
-2.2939171418750837 5.406654247970126 0.05243859300548747
-2.2939171418750837 5.854095056030399 0.07408088811559274
-2.2939171418750837 6.328255351220081 0.0727295514387758
-2.2939171418750837 6.840237305249354 0.04471406572736575
-2.2939171418750837 7.411582531485466 0.014375506198474337
-2.2939171418750837 8.098761139250847 0.0014566371889406051
-1.9347914722822965 -8.09876113925085 0.002007155687209026
-1.9347914722822965 -7.411582531485468 0.01802378183021656
-1.9347914722822965 -6.840237305249354 0.05086903512100875
-1.9347914722822965 -6.3282553512200845 0.07486950589189037
-1.9347914722822965 -5.8540950560304035 0.06856991675657306
-1.9347914722822965 -5.406654247970128 0.04331415582383918
-1.9347914722822965 -4.979260978545257 0.02004385974242212
-1.9347914722822965 -4.567502072844396 0.007134406694511183
-1.9347914722822965 -4.168257066832499 0.002017405849320527
-1.9347914722822965 -3.7792067534352225 0.0004705524883529447
-1.9347914722822965 -3.3985582658596285 9.241151564613494e-05
-1.9347914722822965 -3.0248798839012845 1.6060742208784367e-05
-1.9347914722822965 -2.6569959984428952 2.465063645363567e-06
-1.9347914722822965 -2.2939171418750837 3.749949369308721e-07
-1.9347914722822965 -1.9347914722822965 4.9518648891280726e-08
-1.9347914722822965 -1.578869894931614 8.389940492249052e-09
-1.9347914722822965 -1.225480109046289 7.664009179439107e-10
-1.9347914722822965 -0.8740066123570872 2.3229677030839563e-10
-1.9347914722822965 -0.5238747138322762 2.5574393500648392e-11
-1.9347914722822965 -0.17453721459758154 5.701407762573165e-11
-1.9347914722822965 0.17453721459758323 5.7014077607380073e-11
-1.9347914722822965 0.5238747138322778 2.5574393489047772e-11
-1.9347914722822965 0.8740066123570885 2.3229677033058842e-10
-1.9347914722822965 1.2254801090462892 7.6640091797119e-10
-1.9347914722822965 1.578869894931614 8.389940492524703e-09
-1.9347914722822965 1.9347914722822956 4.951864889138006e-08
-1.9347914722822965 2.2939171418750837 3.7499493692770866e-07
-1.9347914722822965 2.656995998442896 2.465063645349813e-06
-1.9347914722822965 3.024879883901285 1.6060742208679826e-05
-1.9347914722822965 3.398558265859627 9.241151564546598e-05
-1.9347914722822965 3.779206753435224 0.0004705524883490337
-1.9347914722822965 4.168257066832501 0.00201740584930474
-1.9347914722822965 4.5675020728443965 0.007134406694470167
-1.9347914722822965 4.9792609785452555 0.02004385974219246
-1.9347914722822965 5.406654247970126 0.04331415582032475
-1.9347914722822965 5.854095056030399 0.06856991676691865
-1.9347914722822965 6.328255351220081 0.0748695069116923
-1.9347914722822965 6.840237305249354 0.05086904008565424
-1.9347914722822965 7.411582531485466 0.018023806667634645
-1.9347914722822965 8.098761139250847 0.0020071708491445238
-1.578869894931614 -8.09876113925085 0.0025851324219373236
-1.578869894931614 -7.411582531485468 0.021429202926455778
-1.578869894931614 -6.840237305249354 0.05565377057884658
-1.578869894931614 -6.3282553512200845 0.0751610569948957
-1.578869894931614 -5.8540950560304035 0.06277650189743575
-1.578869894931614 -5.406654247970128 0.03590278548829165
-1.578869894931614 -4.979260978545257 0.014892138540200597
-1.578869894931614 -4.567502072844396 0.004699432150616568
-1.578869894931614 -4.168257066832499 0.001160381093879472
-1.578869894931614 -3.7792067534352225 0.00023293166006495806
-1.578869894931614 -3.3985582658596285 3.842047418573139e-05
-1.578869894931614 -3.0248798839012845 5.547583624739342e-06
-1.578869894931614 -2.6569959984428952 6.729962283420863e-07
-1.578869894931614 -2.2939171418750837 8.648666587282376e-08
-1.578869894931614 -1.9347914722822965 8.389940492495067e-09
-1.578869894931614 -1.578869894931614 2.0002391893370785e-09
-1.578869894931614 -1.225480109046289 3.084868695807899e-10
-1.578869894931614 -0.8740066123570872 3.272631442519127e-10
-1.578869894931614 -0.5238747138322762 1.947300170598398e-10
-1.578869894931614 -0.17453721459758154 2.1967731336326193e-10
-1.578869894931614 0.17453721459758323 2.196773133169643e-10
-1.578869894931614 0.5238747138322778 1.9473001704416587e-10
-1.578869894931614 0.8740066123570885 3.272631442403854e-10
-1.578869894931614 1.2254801090462892 3.0848686954669784e-10
-1.578869894931614 1.578869894931614 2.0002391893604707e-09
-1.578869894931614 1.9347914722822956 8.389940492243357e-09
-1.578869894931614 2.2939171418750837 8.648666587205196e-08
-1.578869894931614 2.656995998442896 6.729962283404229e-07
-1.578869894931614 3.024879883901285 5.547583624711015e-06
-1.578869894931614 3.398558265859627 3.842047418543057e-05
-1.578869894931614 3.779206753435224 0.00023293166006297614
-1.578869894931614 4.168257066832501 0.0011603810938702202
-1.578869894931614 4.5675020728443965 0.004699432150588354
-1.578869894931614 4.9792609785452555 0.014892138540027203
-1.578869894931614 5.406654247970126 0.03590278548536766
-1.578869894931614 5.854095056030399 0.06277650190691883
-1.578869894931614 6.328255351220081 0.07516105802091179
-1.578869894931614 6.840237305249354 0.055653776023168046
-1.578869894931614 7.411582531485466 0.021429232532010022
-1.578869894931614 8.098761139250847 0.002585152006751847
-1.225480109046289 -8.09876113925085 0.0031362303841836157
-1.225480109046289 -7.411582531485468 0.024364402273421012
-1.225480109046289 -6.840237305249354 0.059115251827558696
-1.225480109046289 -6.3282553512200845 0.0743874227305987
-1.225480109046289 -5.8540950560304035 0.05756912460875485
-1.225480109046289 -5.406654247970128 0.03031085230604928
-1.225480109046289 -4.979260978545257 0.011468766683502394
-1.225480109046289 -4.567502072844396 0.0032685868262231285
-1.225480109046289 -4.168257066832499 0.0007183261013963193
-1.225480109046289 -3.7792067534352225 0.00012661830699581673
-1.225480109046289 -3.3985582658596285 1.7845696634745796e-05
-1.225480109046289 -3.0248798839012845 2.18147084449852e-06
-1.225480109046289 -2.6569959984428952 2.044632205160023e-07
-1.225480109046289 -2.2939171418750837 2.1987098943715692e-08
-1.225480109046289 -1.9347914722822965 7.664009179789825e-10
-1.225480109046289 -1.578869894931614 3.0848686952123365e-10
-1.225480109046289 -1.225480109046289 1.017654008815492e-10
-1.225480109046289 -0.8740066123570872 1.2552472131228064e-10
-1.225480109046289 -0.5238747138322762 1.6072330008801425e-10
-1.225480109046289 -0.17453721459758154 1.519677679676076e-10
-1.225480109046289 0.17453721459758323 1.519677679555439e-10
-1.225480109046289 0.5238747138322778 1.607233000722107e-10
-1.225480109046289 0.8740066123570885 1.2552472133149183e-10
-1.225480109046289 1.2254801090462892 1.0176540091194431e-10
-1.225480109046289 1.578869894931614 3.084868695274415e-10
-1.225480109046289 1.9347914722822956 7.664009179525189e-10
-1.225480109046289 2.2939171418750837 2.1987098943604747e-08
-1.225480109046289 2.656995998442896 2.0446322051726497e-07
-1.225480109046289 3.024879883901285 2.1814708444870244e-06
-1.225480109046289 3.398558265859627 1.784569663459208e-05
-1.225480109046289 3.779206753435224 0.00012661830699472535
-1.225480109046289 4.168257066832501 0.0007183261013904966
-1.225480109046289 4.5675020728443965 0.0032685868262029437
-1.225480109046289 4.9792609785452555 0.01146876668336709
-1.225480109046289 5.406654247970126 0.030310852303572756
-1.225480109046289 5.854095056030399 0.05756912461746057
-1.225480109046289 6.328255351220081 0.07438742374779986
-1.225480109046289 6.840237305249354 0.05911525762109143
-1.225480109046289 7.411582531485466 0.024364436001346516
-1.225480109046289 8.098761139250847 0.0031362541983389037
-0.8740066123570872 -8.09876113925085 0.003605974337413875
-0.8740066123570872 -7.411582531485468 0.026669245022603847
-0.8740066123570872 -6.840237305249354 0.06143276577885586
-0.8740066123570872 -6.3282553512200845 0.07322790937737009
-0.8740066123570872 -5.8540950560304035 0.053438273216879204
-0.8740066123570872 -5.406654247970128 0.02639083701637451
-0.8740066123570872 -4.979260978545257 0.009294806995923938
-0.8740066123570872 -4.567502072844396 0.0024455467967187676
-0.8740066123570872 -4.168257066832499 0.0004899291804298425
-0.8740066123570872 -3.7792067534352225 7.787654601472134e-05
-0.8740066123570872 -3.3985582658596285 9.649659188249425e-06
-0.8740066123570872 -3.0248798839012845 1.0396615695631511e-06
-0.8740066123570872 -2.6569959984428952 7.846358700021772e-08
-0.8740066123570872 -2.2939171418750837 8.719763456329556e-09
-0.8740066123570872 -1.9347914722822965 2.322967702987571e-10
-0.8740066123570872 -1.578869894931614 3.2726314427242203e-10
-0.8740066123570872 -1.225480109046289 1.2552472132373652e-10
-0.8740066123570872 -0.8740066123570872 1.781295647439814e-10
-0.8740066123570872 -0.5238747138322762 1.4672646647494334e-10
-0.8740066123570872 -0.17453721459758154 1.6315651076877794e-10
-0.8740066123570872 0.17453721459758323 1.6315651076156596e-10
-0.8740066123570872 0.5238747138322778 1.46726466486284e-10
-0.8740066123570872 0.8740066123570885 1.7812956473152931e-10
-0.8740066123570872 1.2254801090462892 1.2552472133518144e-10
-0.8740066123570872 1.578869894931614 3.2726314426045283e-10
-0.8740066123570872 1.9347914722822956 2.3229677032073786e-10
-0.8740066123570872 2.2939171418750837 8.719763456279913e-09
-0.8740066123570872 2.656995998442896 7.846358699963779e-08
-0.8740066123570872 3.024879883901285 1.0396615695537408e-06
-0.8740066123570872 3.398558265859627 9.649659188162731e-06
-0.8740066123570872 3.779206753435224 7.787654601404662e-05
-0.8740066123570872 4.168257066832501 0.0004899291804256921
-0.8740066123570872 4.5675020728443965 0.0024455467967034574
-0.8740066123570872 4.9792609785452555 0.009294806995813734
-0.8740066123570872 5.406654247970126 0.02639083701421388
-0.8740066123570872 5.854095056030399 0.05343827322496675
-0.8740066123570872 6.328255351220081 0.07322791037998934
-0.8740066123570872 6.840237305249354 0.06143277180766167
-0.8740066123570872 7.411582531485466 0.026669281995611728
-0.8740066123570872 8.098761139250847 0.0036060017646597498
-0.5238747138322762 -8.09876113925085 0.003947505363031901
-0.5238747138322762 -7.411582531485468 0.028246226659183558
-0.5238747138322762 -6.840237305249354 0.06282298869546966
-0.5238747138322762 -6.3282553512200845 0.07218814347760366
-0.5238747138322762 -5.8540950560304035 0.050616610328002944
-0.5238747138322762 -5.406654247970128 0.023928797355970425
-0.5238747138322762 -4.979260978545257 0.008023088576065759
-0.5238747138322762 -4.567502072844396 0.001997809860046481
-0.5238747138322762 -4.168257066832499 0.000375213001733228
-0.5238747138322762 -3.7792067534352225 5.548153309392285e-05
-0.5238747138322762 -3.3985582658596285 6.257890338406796e-06
-0.5238747138322762 -3.0248798839012845 6.155262522816482e-07
-0.5238747138322762 -2.6569959984428952 3.7553186792642955e-08
-0.5238747138322762 -2.2939171418750837 4.179924790605702e-09
-0.5238747138322762 -1.9347914722822965 2.5574393513885265e-11
-0.5238747138322762 -1.578869894931614 1.9473001705231446e-10
-0.5238747138322762 -1.225480109046289 1.6072330008952354e-10
-0.5238747138322762 -0.8740066123570872 1.4672646647923498e-10
-0.5238747138322762 -0.5238747138322762 1.6340287703852134e-10
-0.5238747138322762 -0.17453721459758154 1.5582240912270516e-10
-0.5238747138322762 0.17453721459758323 1.558224091273168e-10
-0.5238747138322762 0.5238747138322778 1.6340287703803115e-10
-0.5238747138322762 0.8740066123570885 1.4672646644475212e-10
-0.5238747138322762 1.2254801090462892 1.6072330008063174e-10
-0.5238747138322762 1.578869894931614 1.9473001707296577e-10
-0.5238747138322762 1.9347914722822956 2.557439350283409e-11
-0.5238747138322762 2.2939171418750837 4.179924790560618e-09
-0.5238747138322762 2.656995998442896 3.755318679217726e-08
-0.5238747138322762 3.024879883901285 6.155262522749427e-07
-0.5238747138322762 3.398558265859627 6.2578903383456955e-06
-0.5238747138322762 3.779206753435224 5.548153309340057e-05
-0.5238747138322762 4.168257066832501 0.00037521300173001023
-0.5238747138322762 4.5675020728443965 0.0019978098600340038
-0.5238747138322762 4.9792609785452555 0.008023088575970316
-0.5238747138322762 5.406654247970126 0.023928797354009077
-0.5238747138322762 5.854095056030399 0.050616610335668576
-0.5238747138322762 6.328255351220081 0.07218814446681691
-0.5238747138322762 6.840237305249354 0.06282299486621448
-0.5238747138322762 7.411582531485466 0.02824626585655979
-0.5238747138322762 8.098761139250847 0.003947535421432933
-0.17453721459758154 -8.09876113925085 0.004127048586068897
-0.17453721459758154 -7.411582531485468 0.029044809988847786
-0.17453721459758154 -6.840237305249354 0.06346748572398693
-0.17453721459758154 -6.3282553512200845 0.07159092014055689
-0.17453721459758154 -5.8540950560304035 0.04919328709479722
-0.17453721459758154 -5.406654247970128 0.022746393474409068
-0.17453721459758154 -4.979260978545257 0.0074380453341452955
-0.17453721459758154 -4.567502072844396 0.0018008123700537873
-0.17453721459758154 -4.168257066832499 0.00032718950734131303
-0.17453721459758154 -3.7792067534352225 4.662345648503526e-05
-0.17453721459758154 -3.3985582658596285 5.008440188767358e-06
-0.17453721459758154 -3.0248798839012845 4.722228604105546e-07
-0.17453721459758154 -2.6569959984428952 2.5972805316449025e-08
-0.17453721459758154 -2.2939171418750837 3.202880976304927e-09
-0.17453721459758154 -1.9347914722822965 5.701407760470018e-11
-0.17453721459758154 -1.578869894931614 2.1967731336233804e-10
-0.17453721459758154 -1.225480109046289 1.5196776794558612e-10
-0.17453721459758154 -0.8740066123570872 1.6315651076839852e-10
-0.17453721459758154 -0.5238747138322762 1.5582240915368811e-10
-0.17453721459758154 -0.17453721459758154 1.5932805733977102e-10
-0.17453721459758154 0.17453721459758323 1.5932805737322952e-10
-0.17453721459758154 0.5238747138322778 1.5582240913306477e-10
-0.17453721459758154 0.8740066123570885 1.631565107731385e-10
-0.17453721459758154 1.2254801090462892 1.5196776794666652e-10
-0.17453721459758154 1.578869894931614 2.1967731334925815e-10
-0.17453721459758154 1.9347914722822956 5.7014077618737884e-11
-0.17453721459758154 2.2939171418750837 3.202880976164358e-09
-0.17453721459758154 2.656995998442896 2.5972805315935105e-08
-0.17453721459758154 3.024879883901285 4.722228604058414e-07
-0.17453721459758154 3.398558265859627 5.008440188718635e-06
-0.17453721459758154 3.779206753435224 4.66234564845642e-05
-0.17453721459758154 4.168257066832501 0.0003271895073385271
-0.17453721459758154 4.5675020728443965 0.0018008123700426904
-0.17453721459758154 4.9792609785452555 0.007438045334056991
-0.17453721459758154 5.406654247970126 0.022746393472544833
-0.17453721459758154 5.854095056030399 0.04919328710225016
-0.17453721459758154 6.328255351220081 0.07159092112199854
-0.17453721459758154 6.840237305249354 0.06346749196080761
-0.17453721459758154 7.411582531485466 0.029044850313919287
-0.17453721459758154 8.098761139250847 0.004127080029012723
0.17453721459758323 -8.09876113925085 0.004127048586067793
0.17453721459758323 -7.411582531485468 0.029044809988838575
0.17453721459758323 -6.840237305249354 0.06346748572396421
0.17453721459758323 -6.3282553512200845 0.07159092014052908
0.17453721459758323 -5.8540950560304035 0.04919328709477613
0.17453721459758323 -5.406654247970128 0.022746393474398188
0.17453721459758323 -4.979260978545257 0.007438045334141252
0.17453721459758323 -4.567502072844396 0.0018008123700528084
0.17453721459758323 -4.168257066832499 0.000327189507341153
0.17453721459758323 -3.7792067534352225 4.662345648500735e-05
0.17453721459758323 -3.3985582658596285 5.008440188771829e-06
0.17453721459758323 -3.0248798839012845 4.7222286040928423e-07
0.17453721459758323 -2.6569959984428952 2.5972805316694112e-08
0.17453721459758323 -2.2939171418750837 3.202880976438323e-09
0.17453721459758323 -1.9347914722822965 5.701407762357008e-11
0.17453721459758323 -1.578869894931614 2.1967731338566782e-10
0.17453721459758323 -1.225480109046289 1.5196776794148023e-10
0.17453721459758323 -0.8740066123570872 1.6315651076018234e-10
0.17453721459758323 -0.5238747138322762 1.5582240912229509e-10
0.17453721459758323 -0.17453721459758154 1.593280573457298e-10
0.17453721459758323 0.17453721459758323 1.5932805735567106e-10
0.17453721459758323 0.5238747138322778 1.5582240915644855e-10
0.17453721459758323 0.8740066123570885 1.6315651079011777e-10
0.17453721459758323 1.2254801090462892 1.519677679538553e-10
0.17453721459758323 1.578869894931614 2.1967731333532214e-10
0.17453721459758323 1.9347914722822956 5.701407760808234e-11
0.17453721459758323 2.2939171418750837 3.2028809762650966e-09
0.17453721459758323 2.656995998442896 2.5972805316334358e-08
0.17453721459758323 3.024879883901285 4.722228604057249e-07
0.17453721459758323 3.398558265859627 5.008440188711655e-06
0.17453721459758323 3.779206753435224 4.662345648454844e-05
0.17453721459758323 4.168257066832501 0.0003271895073383521
0.17453721459758323 4.5675020728443965 0.001800812370041521
0.17453721459758323 4.9792609785452555 0.007438045334053295
0.17453721459758323 5.406654247970126 0.02274639347253489
0.17453721459758323 5.854095056030399 0.04919328710223044
0.17453721459758323 6.328255351220081 0.07159092112197223
0.17453721459758323 6.840237305249354 0.06346749196078753
0.17453721459758323 7.411582531485466 0.029044850313911394
0.17453721459758323 8.098761139250847 0.0041270800290118086
0.5238747138322778 -8.09876113925085 0.003947505363028848
0.5238747138322778 -7.411582531485468 0.028246226659157405
0.5238747138322778 -6.840237305249354 0.06282298869540416
0.5238747138322778 -6.3282553512200845 0.0721881434775201
0.5238747138322778 -5.8540950560304035 0.0506166103279383
0.5238747138322778 -5.406654247970128 0.02392879735593626
0.5238747138322778 -4.979260978545257 0.00802308857605313
0.5238747138322778 -4.567502072844396 0.00199780986004297
0.5238747138322778 -4.168257066832499 0.00037521300173257616
0.5238747138322778 -3.7792067534352225 5.5481533093831746e-05
0.5238747138322778 -3.3985582658596285 6.257890338396667e-06
0.5238747138322778 -3.0248798839012845 6.155262522791076e-07
0.5238747138322778 -2.6569959984428952 3.7553186792652153e-08
0.5238747138322778 -2.2939171418750837 4.179924790591712e-09
0.5238747138322778 -1.9347914722822965 2.557439350675981e-11
0.5238747138322778 -1.578869894931614 1.9473001706462957e-10
0.5238747138322778 -1.225480109046289 1.6072330005951028e-10
0.5238747138322778 -0.8740066123570872 1.4672646647966793e-10
0.5238747138322778 -0.5238747138322762 1.6340287700862982e-10
0.5238747138322778 -0.17453721459758154 1.5582240916075433e-10
0.5238747138322778 0.17453721459758323 1.5582240915292235e-10
0.5238747138322778 0.5238747138322778 1.6340287700571582e-10
0.5238747138322778 0.8740066123570885 1.4672646647330115e-10
0.5238747138322778 1.2254801090462892 1.6072330004941063e-10
0.5238747138322778 1.578869894931614 1.947300170595324e-10
0.5238747138322778 1.9347914722822956 2.5574393499406755e-11
0.5238747138322778 2.2939171418750837 4.179924790590577e-09
0.5238747138322778 2.656995998442896 3.755318679242079e-08
0.5238747138322778 3.024879883901285 6.155262522713688e-07
0.5238747138322778 3.398558265859627 6.257890338325104e-06
0.5238747138322778 3.779206753435224 5.548153309326864e-05
0.5238747138322778 4.168257066832501 0.000375213001729329
0.5238747138322778 4.5675020728443965 0.0019978098600305937
0.5238747138322778 4.9792609785452555 0.008023088575958457
0.5238747138322778 5.406654247970126 0.02392879735397792
0.5238747138322778 5.854095056030399 0.050616610335606715
0.5238747138322778 6.328255351220081 0.07218814446673724
0.5238747138322778 6.840237305249354 0.06282299486615461
0.5238747138322778 7.411582531485466 0.02824626585653704
0.5238747138322778 8.098761139250847 0.00394753542143057
0.8740066123570885 -8.09876113925085 0.0036059743374095136
0.8740066123570885 -7.411582531485468 0.026669245022563955
0.8740066123570885 -6.840237305249354 0.06143276577875125
0.8740066123570885 -6.3282553512200845 0.07322790937723073
0.8740066123570885 -5.8540950560304035 0.05343827321676686
0.8740066123570885 -5.406654247970128 0.026390837016313194
0.8740066123570885 -4.979260978545257 0.009294806995900037
0.8740066123570885 -4.567502072844396 0.0024455467967119003
0.8740066123570885 -4.168257066832499 0.0004899291804284216
0.8740066123570885 -3.7792067534352225 7.787654601451074e-05
0.8740066123570885 -3.3985582658596285 9.649659188211064e-06
0.8740066123570885 -3.0248798839012845 1.0396615695597209e-06
0.8740066123570885 -2.6569959984428952 7.846358700001841e-08
0.8740066123570885 -2.2939171418750837 8.719763456281174e-09
0.8740066123570885 -1.9347914722822965 2.3229677029311577e-10
0.8740066123570885 -1.578869894931614 3.272631442193987e-10
0.8740066123570885 -1.225480109046289 1.2552472129930822e-10
0.8740066123570885 -0.8740066123570872 1.7812956478257866e-10
0.8740066123570885 -0.5238747138322762 1.4672646646749607e-10
0.8740066123570885 -0.17453721459758154 1.6315651078962855e-10
0.8740066123570885 0.17453721459758323 1.6315651074779782e-10
0.8740066123570885 0.5238747138322778 1.4672646650144447e-10
0.8740066123570885 0.8740066123570885 1.78129564738606e-10
0.8740066123570885 1.2254801090462892 1.2552472131995602e-10
0.8740066123570885 1.578869894931614 3.272631442242275e-10
0.8740066123570885 1.9347914722822956 2.3229677031520676e-10
0.8740066123570885 2.2939171418750837 8.719763455849128e-09
0.8740066123570885 2.656995998442896 7.846358699788517e-08
0.8740066123570885 3.024879883901285 1.0396615695446972e-06
0.8740066123570885 3.398558265859627 9.649659188119026e-06
0.8740066123570885 3.779206753435224 7.787654601374328e-05
0.8740066123570885 4.168257066832501 0.0004899291804242239
0.8740066123570885 4.5675020728443965 0.0024455467966971118
0.8740066123570885 4.9792609785452555 0.00929480699579167
0.8740066123570885 5.406654247970126 0.026390837014156645
0.8740066123570885 5.854095056030399 0.05343827322486017
0.8740066123570885 6.328255351220081 0.07322791037985815
0.8740066123570885 6.840237305249354 0.06143277180756414
0.8740066123570885 7.411582531485466 0.026669281995575986
0.8740066123570885 8.098761139250847 0.003606001764656222
1.2254801090462892 -8.09876113925085 0.0031362303841785052
1.2254801090462892 -7.411582531485468 0.02436440227337114
1.2254801090462892 -6.840237305249354 0.059115251827420785
1.2254801090462892 -6.3282553512200845 0.07438742273040595
1.2254801090462892 -5.8540950560304035 0.05756912460859062
1.2254801090462892 -5.406654247970128 0.030310852305953494
1.2254801090462892 -4.979260978545257 0.011468766683462472
1.2254801090462892 -4.567502072844396 0.00326858682621062
1.2254801090462892 -4.168257066832499 0.0007183261013935065
1.2254801090462892 -3.7792067534352225 0.00012661830699528423
1.2254801090462892 -3.3985582658596285 1.7845696634668547e-05
1.2254801090462892 -3.0248798839012845 2.181470844492413e-06
1.2254801090462892 -2.6569959984428952 2.0446322051669335e-07
1.2254801090462892 -2.2939171418750837 2.1987098943760555e-08
1.2254801090462892 -1.9347914722822965 7.664009179856791e-10
1.2254801090462892 -1.578869894931614 3.0848686957523645e-10
1.2254801090462892 -1.225480109046289 1.0176540090197216e-10
1.2254801090462892 -0.8740066123570872 1.255247213104043e-10
1.2254801090462892 -0.5238747138322762 1.6072330005390698e-10
1.2254801090462892 -0.17453721459758154 1.5196776797129905e-10
1.2254801090462892 0.17453721459758323 1.5196776793698308e-10
1.2254801090462892 0.5238747138322778 1.6072330009176205e-10
1.2254801090462892 0.8740066123570885 1.2552472132600157e-10
1.2254801090462892 1.2254801090462892 1.0176540090082318e-10
1.2254801090462892 1.578869894931614 3.084868695096324e-10
1.2254801090462892 1.9347914722822956 7.664009179583983e-10
1.2254801090462892 2.2939171418750837 2.198709894368885e-08
1.2254801090462892 2.656995998442896 2.0446322051434964e-07
1.2254801090462892 3.024879883901285 2.181470844464771e-06
1.2254801090462892 3.398558265859627 1.784569663449974e-05
1.2254801090462892 3.779206753435224 0.00012661830699413305
1.2254801090462892 4.168257066832501 0.0007183261013875269
1.2254801090462892 4.5675020728443965 0.0032685868261914668
1.2254801090462892 4.9792609785452555 0.011468766683330169
1.2254801090462892 5.406654247970126 0.03031085230348326
1.2254801090462892 5.854095056030399 0.05756912461730557
1.2254801090462892 6.328255351220081 0.07438742374761949
1.2254801090462892 6.840237305249354 0.05911525762096317
1.2254801090462892 7.411582531485466 0.024364436001300883
1.2254801090462892 8.098761139250847 0.003136254198334319
1.578869894931614 -8.09876113925085 0.002585132421932151
1.578869894931614 -7.411582531485468 0.021429202926401353
1.578869894931614 -6.840237305249354 0.055653770578684585
1.578869894931614 -6.3282553512200845 0.07516105699465209
1.578869894931614 -5.8540950560304035 0.06277650189721179
1.578869894931614 -5.406654247970128 0.035902785488150915
1.578869894931614 -4.979260978545257 0.014892138540136397
1.578869894931614 -4.567502072844396 0.004699432150594501
1.578869894931614 -4.168257066832499 0.0011603810938735617
1.578869894931614 -3.7792067534352225 0.00023293166006367955
1.578869894931614 -3.3985582658596285 3.8420474185511625e-05
1.578869894931614 -3.0248798839012845 5.547583624715934e-06
1.578869894931614 -2.6569959984428952 6.729962283364575e-07
1.578869894931614 -2.2939171418750837 8.648666587231787e-08
1.578869894931614 -1.9347914722822965 8.389940492420562e-09
1.578869894931614 -1.578869894931614 2.000239189386192e-09
1.578869894931614 -1.225480109046289 3.0848686955876077e-10
1.578869894931614 -0.8740066123570872 3.272631442214617e-10
1.578869894931614 -0.5238747138322762 1.947300170627932e-10
1.578869894931614 -0.17453721459758154 2.1967731330621725e-10
1.578869894931614 0.17453721459758323 2.1967731333286413e-10
1.578869894931614 0.5238747138322778 1.9473001701454296e-10
1.578869894931614 0.8740066123570885 3.2726314419751824e-10
1.578869894931614 1.2254801090462892 3.084868695038662e-10
1.578869894931614 1.578869894931614 2.00023918920208e-09
1.578869894931614 1.9347914722822956 8.389940492406244e-09
1.578869894931614 2.2939171418750837 8.648666587216817e-08
1.578869894931614 2.656995998442896 6.729962283353832e-07
1.578869894931614 3.024879883901285 5.547583624663245e-06
1.578869894931614 3.398558265859627 3.842047418520992e-05
1.578869894931614 3.779206753435224 0.00023293166006174725
1.578869894931614 4.168257066832501 0.0011603810938646069
1.578869894931614 4.5675020728443965 0.0046994321505683945
1.578869894931614 4.9792609785452555 0.014892138539967664
1.578869894931614 5.406654247970126 0.035902785485235414
1.578869894931614 5.854095056030399 0.06277650190670814
1.578869894931614 6.328255351220081 0.07516105802068236
1.578869894931614 6.840237305249354 0.055653776023017215
1.578869894931614 7.411582531485466 0.021429232531958678
1.578869894931614 8.098761139250847 0.0025851520067467965
1.9347914722822956 -8.09876113925085 0.0020071556872044145
1.9347914722822956 -7.411582531485468 0.018023781830162386
1.9347914722822956 -6.840237305249354 0.050869035120833545
1.9347914722822956 -6.3282553512200845 0.07486950589160318
1.9347914722822956 -5.8540950560304035 0.06856991675628364
1.9347914722822956 -5.406654247970128 0.0433141558236387
1.9347914722822956 -4.979260978545257 0.02004385974232053
1.9347914722822956 -4.567502072844396 0.007134406694472144
1.9347914722822956 -4.168257066832499 0.002017405849308458
1.9347914722822956 -3.7792067534352225 0.0004705524883499006
1.9347914722822956 -3.3985582658596285 9.241151564549243e-05
1.9347914722822956 -3.0248798839012845 1.606074220864991e-05
1.9347914722822956 -2.6569959984428952 2.465063645338467e-06
1.9347914722822956 -2.2939171418750837 3.7499493692656893e-07
1.9347914722822956 -1.9347914722822965 4.951864889031245e-08
1.9347914722822956 -1.578869894931614 8.389940492266583e-09
1.9347914722822956 -1.225480109046289 7.664009179038914e-10
1.9347914722822956 -0.8740066123570872 2.322967703206009e-10
1.9347914722822956 -0.5238747138322762 2.5574393503111383e-11
1.9347914722822956 -0.17453721459758154 5.701407761775394e-11
1.9347914722822956 0.17453721459758323 5.701407762054351e-11
1.9347914722822956 0.5238747138322778 2.5574393501912766e-11
1.9347914722822956 0.8740066123570885 2.3229677030772295e-10
1.9347914722822956 1.2254801090462892 7.664009178488303e-10
1.9347914722822956 1.578869894931614 8.389940492117004e-09
1.9347914722822956 1.9347914722822956 4.9518648890305785e-08
1.9347914722822956 2.2939171418750837 3.7499493692380845e-07
1.9347914722822956 2.656995998442896 2.4650636453262695e-06
1.9347914722822956 3.024879883901285 1.606074220853794e-05
1.9347914722822956 3.398558265859627 9.241151564478262e-05
1.9347914722822956 3.779206753435224 0.0004705524883460756
1.9347914722822956 4.168257066832501 0.0020174058492936097
1.9347914722822956 4.5675020728443965 0.007134406694434255
1.9347914722822956 4.9792609785452555 0.02004385974209792
1.9347914722822956 5.406654247970126 0.043314155820135654
1.9347914722822956 5.854095056030399 0.06856991676664399
1.9347914722822956 6.328255351220081 0.074869506911419
1.9347914722822956 6.840237305249354 0.05086904008548874
1.9347914722822956 7.411582531485466 0.018023806667583228
1.9347914722822956 8.098761139250847 0.0020071708491397416
2.2939171418750837 -8.09876113925085 0.0014566262250264384
2.2939171418750837 -7.411582531485468 0.014375486450701757
2.2939171418750837 -6.840237305249354 0.04471406137581337
2.2939171418750837 -6.3282553512200845 0.07272955045047667
2.2939171418750837 -5.8540950560304035 0.07408088810407813
2.2939171418750837 -5.406654247970128 0.05243859300944668
2.2939171418750837 -4.979260978545257 0.027472616848709212
2.2939171418750837 -4.567502072844396 0.01119602967955409
2.2939171418750837 -4.168257066832499 0.0036788124537448135
2.2939171418750837 -3.7792067534352225 0.0010118929375384058
2.2939171418750837 -3.3985582658596285 0.00023951551158152555
2.2939171418750837 -3.0248798839012845 5.0961481284219904e-05
2.2939171418750837 -2.6569959984428952 9.971641141433294e-06
2.2939171418750837 -2.2939171418750837 1.9379030660954496e-06
2.2939171418750837 -1.9347914722822965 3.7499493692591925e-07
2.2939171418750837 -1.578869894931614 8.648666587244169e-08
2.2939171418750837 -1.225480109046289 2.1987098943351368e-08
2.2939171418750837 -0.8740066123570872 8.719763456403112e-09
2.2939171418750837 -0.5238747138322762 4.179924790720195e-09
2.2939171418750837 -0.17453721459758154 3.2028809764152005e-09
2.2939171418750837 0.17453721459758323 3.202880976269411e-09
2.2939171418750837 0.5238747138322778 4.179924790509088e-09
2.2939171418750837 0.8740066123570885 8.719763456053921e-09
2.2939171418750837 1.2254801090462892 2.1987098943486695e-08
2.2939171418750837 1.578869894931614 8.648666587116054e-08
2.2939171418750837 1.9347914722822956 3.7499493692379564e-07
2.2939171418750837 2.2939171418750837 1.9379030660787834e-06
2.2939171418750837 2.656995998442896 9.971641141362767e-06
2.2939171418750837 3.024879883901285 5.096148128390638e-05
2.2939171418750837 3.398558265859627 0.000239515511579851
2.2939171418750837 3.779206753435224 0.0010118929375305184
2.2939171418750837 4.168257066832501 0.003678812453718571
2.2939171418750837 4.5675020728443965 0.01119602967949702
2.2939171418750837 4.9792609785452555 0.027472616848411742
2.2939171418750837 5.406654247970126 0.05243859300522701
2.2939171418750837 5.854095056030399 0.07408088811525457
2.2939171418750837 6.328255351220081 0.07272955143847287
2.2939171418750837 6.840237305249354 0.044714065727199194
2.2939171418750837 7.411582531485466 0.014375506198427526
2.2939171418750837 8.098761139250847 0.0014566371889368113
2.656995998442896 -8.09876113925085 0.0009788154497415576
2.656995998442896 -7.411582531485468 0.01076252419404099
2.656995998442896 -6.840237305249354 0.03737006975493299
2.656995998442896 -6.3282553512200845 0.06801923123119819
2.656995998442896 -5.8540950560304035 0.0780064862015168
2.656995998442896 -5.406654247970128 0.06263461706727737
2.656995998442896 -4.979260978545257 0.03759157567750116
2.656995998442896 -4.567502072844396 0.017741546496116884
2.656995998442896 -4.168257066832499 0.006842751057343599
2.656995998442896 -3.7792067534352225 0.00223938662033191
2.656995998442896 -3.3985582658596285 0.0006417318393444106
2.656995998442896 -3.0248798839012845 0.0001674843837099868
2.656995998442896 -2.6569959984428952 4.106285569892562e-05
2.656995998442896 -2.2939171418750837 9.971641141436731e-06
2.656995998442896 -1.9347914722822965 2.46506364534386e-06
2.656995998442896 -1.578869894931614 6.729962283394223e-07
2.656995998442896 -1.225480109046289 2.0446322051665397e-07
2.656995998442896 -0.8740066123570872 7.846358699972341e-08
2.656995998442896 -0.5238747138322762 3.755318679269786e-08
2.656995998442896 -0.17453721459758154 2.5972805316658924e-08
2.656995998442896 0.17453721459758323 2.5972805316095832e-08
2.656995998442896 0.5238747138322778 3.755318679224681e-08
2.656995998442896 0.8740066123570885 7.846358699895144e-08
2.656995998442896 1.2254801090462892 2.044632205141738e-07
2.656995998442896 1.578869894931614 6.729962283299156e-07
2.656995998442896 1.9347914722822956 2.4650636453223283e-06
2.656995998442896 2.2939171418750837 9.97164114136121e-06
2.656995998442896 2.656995998442896 4.1062855698651525e-05
2.656995998442896 3.024879883901285 0.0001674843837090164
2.656995998442896 3.398558265859627 0.0006417318393402113
2.656995998442896 3.779206753435224 0.0022393866203153662
2.656995998442896 4.168257066832501 0.006842751057296358
2.656995998442896 4.5675020728443965 0.017741546496030814
2.656995998442896 4.9792609785452555 0.037591575677104035
2.656995998442896 5.406654247970126 0.0626346170622672
2.656995998442896 5.854095056030399 0.07800648621326492
2.656995998442896 6.328255351220081 0.06801923215219258
2.656995998442896 6.840237305249354 0.03737007337896476
2.656995998442896 7.411582531485466 0.010762538922457689
2.656995998442896 8.098761139250847 0.0009788227854162506
3.024879883901285 -8.09876113925085 0.0006022192346449915
3.024879883901285 -7.411582531485468 0.007472526710700481
3.024879883901285 -6.840237305249354 0.029302144472116612
3.024879883901285 -6.3282553512200845 0.060342496080003194
3.024879883901285 -5.8540950560304035 0.07873393367669211
3.024879883901285 -5.406654247970128 0.0724278655684803
3.024879883901285 -4.979260978545257 0.050254024403626064
3.024879883901285 -4.567502072844396 0.027692502877491337
3.024879883901285 -4.168257066832499 0.012618159555888792
3.024879883901285 -3.7792067534352225 0.004936500763613055
3.024879883901285 -3.3985582658596285 0.001714657963470568
3.024879883901285 -3.0248798839012845 0.0005487482251150308
3.024879883901285 -2.6569959984428952 0.00016748438370991066
3.024879883901285 -2.2939171418750837 5.096148128421763e-05
3.024879883901285 -1.9347914722822965 1.6060742208652155e-05
3.024879883901285 -1.578869894931614 5.547583624707153e-06
3.024879883901285 -1.225480109046289 2.181470844482398e-06
3.024879883901285 -0.8740066123570872 1.039661569553526e-06
3.024879883901285 -0.5238747138322762 6.155262522757975e-07
3.024879883901285 -0.17453721459758154 4.7222286040439807e-07
3.024879883901285 0.17453721459758323 4.722228604050674e-07
3.024879883901285 0.5238747138322778 6.155262522707421e-07
3.024879883901285 0.8740066123570885 1.0396615695462996e-06
3.024879883901285 1.2254801090462892 2.1814708444708587e-06
3.024879883901285 1.578869894931614 5.547583624661476e-06
3.024879883901285 1.9347914722822956 1.606074220852815e-05
3.024879883901285 2.2939171418750837 5.096148128389388e-05
3.024879883901285 2.656995998442896 0.00016748438370892227
3.024879883901285 3.024879883901285 0.000548748225111924
3.024879883901285 3.398558265859627 0.0017146579634599775
3.024879883901285 3.779206753435224 0.004936500763578428
3.024879883901285 4.168257066832501 0.012618159555805466
3.024879883901285 4.5675020728443965 0.02769250287736456
3.024879883901285 4.9792609785452555 0.05025402440310791
3.024879883901285 5.406654247970126 0.07242786556272347
3.024879883901285 5.854095056030399 0.07873393368852313
3.024879883901285 6.328255351220081 0.06034249689386374
3.024879883901285 6.840237305249354 0.029302147301902868
3.024879883901285 7.411582531485466 0.00747253689035279
3.024879883901285 8.098761139250847 0.0006022237247309313
3.398558265859627 -8.09876113925085 0.00033473636260182945
3.398558265859627 -7.411582531485468 0.0047433913235358435
3.398558265859627 -6.840237305249354 0.02122455737525393
3.398558265859627 -6.3282553512200845 0.049924672491762655
3.398558265859627 -5.8540950560304035 0.07475908386847002
3.398558265859627 -5.406654247970128 0.07941084182893271
3.398558265859627 -4.979260978545257 0.06412562640129797
3.398558265859627 -4.567502072844396 0.04147774719790626
3.398558265859627 -4.168257066832499 0.022398972144658958
3.398558265859627 -3.7792067534352225 0.010484037280956784
3.398558265859627 -3.3985582658596285 0.004400059959009764
3.398558265859627 -3.0248798839012845 0.001714657963469596
3.398558265859627 -2.6569959984428952 0.0006417318393436484
3.398558265859627 -2.2939171418750837 0.00023951551158114608
3.398558265859627 -1.9347914722822965 9.241151564529944e-05
3.398558265859627 -1.578869894931614 3.842047418538683e-05
3.398558265859627 -1.225480109046289 1.7845696634570152e-05
3.398558265859627 -0.8740066123570872 9.649659188151567e-06
3.398558265859627 -0.5238747138322762 6.257890338343342e-06
3.398558265859627 -0.17453721459758154 5.0084401887036335e-06
3.398558265859627 0.17453721459758323 5.0084401887028636e-06
3.398558265859627 0.5238747138322778 6.2578903383211756e-06
3.398558265859627 0.8740066123570885 9.649659188114784e-06
3.398558265859627 1.2254801090462892 1.7845696634496992e-05
3.398558265859627 1.578869894931614 3.84204741851754e-05
3.398558265859627 1.9347914722822956 9.241151564474078e-05
3.398558265859627 2.2939171418750837 0.00023951551157970876
3.398558265859627 2.656995998442896 0.0006417318393400372
3.398558265859627 3.024879883901285 0.001714657963459696
3.398558265859627 3.398558265859627 0.00440005995898333
3.398558265859627 3.779206753435224 0.010484037280886156
3.398558265859627 4.168257066832501 0.022398972144518425
3.398558265859627 4.5675020728443965 0.04147774719772788
3.398558265859627 4.9792609785452555 0.06412562640065447
3.398558265859627 5.406654247970126 0.07941084182266524
3.398558265859627 5.854095056030399 0.07475908387966987
3.398558265859627 6.328255351220081 0.04992467316198539
3.398558265859627 6.840237305249354 0.021224559414797298
3.398558265859627 7.411582531485466 0.004743397750466146
3.398558265859627 8.098761139250847 0.00033473884316052404
3.779206753435224 -8.09876113925085 0.000165434400699565
3.779206753435224 -7.411582531485468 0.0027068716690630216
3.779206753435224 -6.840237305249354 0.01394810624205697
3.779206753435224 -6.3282553512200845 0.037781626182071225
3.779206753435224 -5.8540950560304035 0.06538976113533088
3.779206753435224 -5.406654247970128 0.08068630769998109
3.779206753435224 -4.979260978545257 0.07617745712506163
3.779206753435224 -4.567502072844396 0.05800838698446083
3.779206753435224 -4.168257066832499 0.03715582758071153
3.779206753435224 -3.7792067534352225 0.020773558017730127
3.779206753435224 -3.3985582658596285 0.010484037280945315
3.779206753435224 -3.0248798839012845 0.004936500763604731
3.779206753435224 -2.6569959984428952 0.0022393866203265235
3.779206753435224 -2.2939171418750837 0.0010118929375351764
3.779206753435224 -1.9347914722822965 0.0004705524883480278
3.779206753435224 -1.578869894931614 0.000232931660062589
3.779206753435224 -1.225480109046289 0.00012661830699450984
3.779206753435224 -0.8740066123570872 7.787654601390927e-05
3.779206753435224 -0.5238747138322762 5.548153309329671e-05
3.779206753435224 -0.17453721459758154 4.6623456484470264e-05
3.779206753435224 0.17453721459758323 4.662345648444187e-05
3.779206753435224 0.5238747138322778 5.5481533093211494e-05
3.779206753435224 0.8740066123570885 7.787654601367738e-05
3.779206753435224 1.2254801090462892 0.0001266183069940043
3.779206753435224 1.578869894931614 0.0002329316600615077
3.779206753435224 1.9347914722822956 0.0004705524883457494
3.779206753435224 2.2939171418750837 0.0010118929375298547
3.779206753435224 2.656995998442896 0.0022393866203143154
3.779206753435224 3.024879883901285 0.0049365007635770106
3.779206753435224 3.398558265859627 0.010484037280884883
3.779206753435224 3.779206753435224 0.02077355801759702
3.779206753435224 4.168257066832501 0.03715582758049093
3.779206753435224 4.5675020728443965 0.058008386984228555
3.779206753435224 4.9792609785452555 0.07617745712432178
3.779206753435224 5.406654247970126 0.08068630769366661
3.779206753435224 5.854095056030399 0.06538976114508965
3.779206753435224 6.328255351220081 0.03778162668646876
3.779206753435224 6.840237305249354 0.01394810757446875
3.779206753435224 7.411582531485466 0.002706875313147675
3.779206753435224 8.098761139250847 0.00016543561781849823
4.168257066832501 -8.09876113925085 7.131709421639069e-05
4.168257066832501 -7.411582531485468 0.001361115501880778
4.168257066832501 -6.840237305249354 0.008142315608617057
4.168257066832501 -6.3282553512200845 0.02557389255486003
4.168257066832501 -5.8540950560304035 0.05144715259814038
4.168257066832501 -5.406654247970128 0.07406822686054532
4.168257066832501 -4.979260978545257 0.08199016872609903
4.168257066832501 -4.567502072844396 0.07358169441847202
4.168257066832501 -4.168257066832499 0.05583814621074918
4.168257066832501 -3.7792067534352225 0.03715582758071227
4.168257066832501 -3.3985582658596285 0.022398972144634877
4.168257066832501 -3.0248798839012845 0.012618159555867526
4.168257066832501 -2.6569959984428952 0.006842751057326794
4.168257066832501 -2.2939171418750837 0.003678812453732902
4.168257066832501 -1.9347914722822965 0.002017405849300288
4.168257066832501 -1.578869894931614 0.0011603810938677723
4.168257066832501 -1.225480109046289 0.0007183261013890184
4.168257066832501 -0.8740066123570872 0.00048992918042476
4.168257066832501 -0.5238747138322762 0.00037521300172929536
4.168257066832501 -0.17453721459758154 0.00032718950733788245
4.168257066832501 0.17453721459758323 0.00032718950733776194
4.168257066832501 0.5238747138322778 0.00037521300172880205
4.168257066832501 0.8740066123570885 0.0004899291804236233
4.168257066832501 1.2254801090462892 0.0007183261013867297
4.168257066832501 1.578869894931614 0.0011603810938634884
4.168257066832501 1.9347914722822956 0.0020174058492918746
4.168257066832501 2.2939171418750837 0.003678812453715794
4.168257066832501 2.656995998442896 0.0068427510572924895
4.168257066832501 3.024879883901285 0.012618159555800278
4.168257066832501 3.398558265859627 0.022398972144512395
4.168257066832501 3.779206753435224 0.03715582758048633
4.168257066832501 4.168257066832501 0.0558381462104333
4.168257066832501 4.5675020728443965 0.07358169441819894
4.168257066832501 4.9792609785452555 0.08199016872532983
4.168257066832501 5.406654247970126 0.0740682268548025
4.168257066832501 5.854095056030399 0.051447152605781636
4.168257066832501 6.328255351220081 0.025573892894018915
4.168257066832501 6.840237305249354 0.008142316380940895
4.168257066832501 7.411582531485466 0.0013611173202613446
4.168257066832501 8.098761139250847 7.131761442494335e-05
4.5675020728443965 -8.09876113925085 2.6194089233581136e-05
4.5675020728443965 -7.411582531485468 0.0005886013053778862
4.5675020728443965 -6.840237305249354 0.0041169753004387565
4.5675020728443965 -6.3282553512200845 0.015081527164564127
4.5675020728443965 -5.8540950560304035 0.03542353599646179
4.5675020728443965 -5.406654247970128 0.05968872489306769
4.5675020728443965 -4.979260978545257 0.07758443824214725
4.5675020728443965 -4.567502072844396 0.08203609214750336
4.5675020728443965 -4.168257066832499 0.07358169441858602
4.5675020728443965 -3.7792067534352225 0.05800838698455247
4.5675020728443965 -3.3985582658596285 0.04147774719792699
4.5675020728443965 -3.0248798839012845 0.027692502877488766
4.5675020728443965 -2.6569959984428952 0.017741546496101518
4.5675020728443965 -2.2939171418750837 0.011196029679534873
4.5675020728443965 -1.9347914722822965 0.007134406694453739
4.5675020728443965 -1.578869894931614 0.004699432150577987
4.5675020728443965 -1.225480109046289 0.0032685868261957624
4.5675020728443965 -0.8740066123570872 0.0024455467966984306
4.5675020728443965 -0.5238747138322762 0.001997809860029751
4.5675020728443965 -0.17453721459758154 0.0018008123700389647
4.5675020728443965 0.17453721459758323 0.0018008123700382422
4.5675020728443965 0.5238747138322778 0.001997809860027401
4.5675020728443965 0.8740066123570885 0.002445546796693596
4.5675020728443965 1.2254801090462892 0.003268586826187602
4.5675020728443965 1.578869894931614 0.00469943215056323
4.5675020728443965 1.9347914722822956 0.007134406694427373
4.5675020728443965 2.2939171418750837 0.011196029679488044
4.5675020728443965 2.656995998442896 0.017741546496018907
4.5675020728443965 3.024879883901285 0.027692502877350873
4.5675020728443965 3.398558265859627 0.04147774719771405
4.5675020728443965 3.779206753435224 0.058008386984216405
4.5675020728443965 4.168257066832501 0.07358169441819205
4.5675020728443965 4.5675020728443965 0.08203609214722318
4.5675020728443965 4.9792609785452555 0.07758443824144368
4.5675020728443965 5.406654247970126 0.05968872488848794
4.5675020728443965 5.854095056030399 0.03542353600169121
4.5675020728443965 6.328255351220081 0.015081527362978213
4.5675020728443965 6.840237305249354 0.004116975687635071
4.5675020728443965 7.411582531485466 0.0005886020845097843
4.5675020728443965 8.098761139250847 2.619427835633296e-05
4.9792609785452555 -8.09876113925085 7.958609348565494e-06
4.9792609785452555 -7.411582531485468 0.000212392325807922
4.9792609785452555 -6.840237305249354 0.0017481395630108269
4.9792609785452555 -6.3282553512200845 0.007506495678670892
4.9792609785452555 -5.8540950560304035 0.020659721115959928
4.9792609785452555 -5.406654247970128 0.040830823051853975
4.9792609785452555 -4.979260978545257 0.06235234396458133
4.9792609785452555 -4.567502072844396 0.07758443824167939
4.9792609785452555 -4.168257066832499 0.08199016872572747
4.9792609785452555 -3.7792067534352225 0.0761774571247155
4.9792609785452555 -3.3985582658596285 0.0641256264009373
4.9792609785452555 -3.0248798839012845 0.05025402440331471
4.9792609785452555 -2.6569959984428952 0.03759157567723984
4.9792609785452555 -2.2939171418750837 0.02747261684849383
4.9792609785452555 -1.9347914722822965 0.020043859742146477
4.9792609785452555 -1.578869894931614 0.014892138539993978
4.9792609785452555 -1.225480109046289 0.01146876668334219
4.9792609785452555 -0.8740066123570872 0.009294806995794045
4.9792609785452555 -0.5238747138322762 0.008023088575954114
4.9792609785452555 -0.17453721459758154 0.007438045334042207
4.9792609785452555 0.17453721459758323 0.007438045334039867
4.9792609785452555 0.5238747138322778 0.008023088575945437
4.9792609785452555 0.8740066123570885 0.009294806995778473
4.9792609785452555 1.2254801090462892 0.011468766683316015
4.9792609785452555 1.578869894931614 0.014892138539951034
4.9792609785452555 1.9347914722822956 0.020043859742078365
4.9792609785452555 2.2939171418750837 0.02747261684838814
4.9792609785452555 2.656995998442896 0.037591575677076494
4.9792609785452555 3.024879883901285 0.05025402440307968
4.9792609785452555 3.398558265859627 0.0641256264006297
4.9792609785452555 3.779206753435224 0.07617745712430103
4.9792609785452555 4.168257066832501 0.08199016872531388
4.9792609785452555 4.5675020728443965 0.07758443824143695
4.9792609785452555 4.9792609785452555 0.062352343964036286
4.9792609785452555 5.406654247970126 0.04083082304875887
4.9792609785452555 5.854095056030399 0.020659721118985886
4.9792609785452555 6.328255351220081 0.007506495776465505
4.9792609785452555 6.840237305249354 0.0017481397257231009
4.9792609785452555 7.411582531485466 0.00021239260382339246
4.9792609785452555 8.098761139250847 7.958666105577564e-06
5.406654247970126 -8.09876113925085 1.9249791807787118e-06
5.406654247970126 -7.411582531485468 6.151471971984184e-05
5.406654247970126 -6.840237305249354 0.0005993318856751932
5.406654247970126 -6.3282553512200845 0.0030301993716031306
5.406654247970126 -5.8540950560304035 0.009802083057390816
5.406654247970126 -5.406654247970128 0.022758010504710893
5.406654247970126 -4.979260978545257 0.04083082304909631
5.406654247970126 -4.567502072844396 0.05968872488864478
5.406654247970126 -4.168257066832499 0.0740682268551295
5.406654247970126 -3.7792067534352225 0.08068630769404941
5.406654247970126 -3.3985582658596285 0.07941084182298419
5.406654247970126 -3.0248798839012845 0.0724278655629942
5.406654247970126 -2.6569959984428952 0.06263461706247195
5.406654247970126 -2.2939171418750837 0.052438593005368406
5.406654247970126 -1.9347914722822965 0.04331415582022754
5.406654247970126 -1.578869894931614 0.03590278548528869
5.406654247970126 -1.225480109046289 0.030310852303507933
5.406654247970126 -0.8740066123570872 0.026390837014159892
5.406654247970126 -0.5238747138322762 0.023928797353962538
5.406654247970126 -0.17453721459758154 0.02274639347250243
5.406654247970126 0.17453721459758323 0.02274639347249529
5.406654247970126 0.5238747138322778 0.02392879735393986
5.406654247970126 0.8740066123570885 0.026390837014118824
5.406654247970126 1.2254801090462892 0.030310852303444522
5.406654247970126 1.578869894931614 0.03590278548519394
5.406654247970126 1.9347914722822956 0.043314155820092
5.406654247970126 2.2939171418750837 0.052438593005180924
5.406654247970126 2.656995998442896 0.06263461706221998
5.406654247970126 3.024879883901285 0.0724278655626786
5.406654247970126 3.398558265859627 0.07941084182262759
5.406654247970126 3.779206753435224 0.08068630769363672
5.406654247970126 4.168257066832501 0.07406822685478197
5.406654247970126 4.5675020728443965 0.059688724888476506
5.406654247970126 4.9792609785452555 0.04083082304875415
5.406654247970126 5.406654247970126 0.022758010503010365
5.406654247970126 5.854095056030399 0.00980208305881207
5.406654247970126 6.328255351220081 0.003030199410602755
5.406654247970126 6.840237305249354 0.0005993319407452704
5.406654247970126 7.411582531485466 6.151479913487879e-05
5.406654247970126 8.098761139250847 1.924992702921922e-06
5.854095056030399 -8.09876113925085 3.5176144205185955e-07
5.854095056030399 -7.411582531485468 1.3569383608630538e-05
5.854095056030399 -6.840237305249354 0.00015740754502657135
5.854095056030399 -6.3282553512200845 0.0009411568626035087
5.854095056030399 -5.8540950560304035 0.003588597798630907
5.854095056030399 -5.406654247970128 0.009802083059530592
5.854095056030399 -4.979260978545257 0.020659721119147375
5.854095056030399 -4.567502072844396 0.035423536001770145
5.854095056030399 -4.168257066832499 0.051447152605986174
5.854095056030399 -3.7792067534352225 0.06538976114537197
5.854095056030399 -3.3985582658596285 0.07475908387993768
5.854095056030399 -3.0248798839012845 0.07873393368878541
5.854095056030399 -2.6569959984428952 0.07800648621349181
5.854095056030399 -2.2939171418750837 0.07408088811542982
5.854095056030399 -1.9347914722822965 0.06856991676676905
5.854095056030399 -1.578869894931614 0.0627765019067845
5.854095056030399 -1.225480109046289 0.0575691246173418
5.854095056030399 -0.8740066123570872 0.053438273224860555
5.854095056030399 -0.5238747138322762 0.050616610335573416
5.854095056030399 -0.17453721459758154 0.04919328710216392
5.854095056030399 0.17453721459758323 0.04919328710214935
5.854095056030399 0.5238747138322778 0.05061661033552946
5.854095056030399 0.8740066123570885 0.05343827322478406
5.854095056030399 1.2254801090462892 0.05756912461723124
5.854095056030399 1.578869894931614 0.06277650190663558
5.854095056030399 1.9347914722822956 0.06856991676657379
5.854095056030399 2.2939171418750837 0.07408088811518772
5.854095056030399 2.656995998442896 0.0780064862132041
5.854095056030399 3.024879883901285 0.07873393368847076
5.854095056030399 3.398558265859627 0.07475908387962818
5.854095056030399 3.779206753435224 0.06538976114506029
5.854095056030399 4.168257066832501 0.05144715260576314
5.854095056030399 4.5675020728443965 0.03542353600168166
5.854095056030399 4.9792609785452555 0.020659721118982403
5.854095056030399 5.406654247970126 0.009802083058811296
5.854095056030399 5.854095056030399 0.0035885977991446235
5.854095056030399 6.328255351220081 0.0009411568745294949
5.854095056030399 6.840237305249354 0.00015740755925464347
5.854095056030399 7.411582531485466 1.3569400822243338e-05
5.854095056030399 8.098761139250847 3.5176386667474143e-07
6.328255351220081 -8.09876113925085 4.5004047243361085e-08
6.328255351220081 -7.411582531485468 2.113477380489834e-06
6.328255351220081 -6.840237305249354 2.9374453763416287e-05
6.328255351220081 -6.3282553512200845 0.00020870213511536156
6.328255351220081 -5.8540950560304035 0.0009411568743970625
6.328255351220081 -5.406654247970128 0.0030301994108194916
6.328255351220081 -4.979260978545257 0.007506495776520302
6.328255351220081 -4.567502072844396 0.015081527363005706
6.328255351220081 -4.168257066832499 0.025573892894109298
6.328255351220081 -3.7792067534352225 0.03778162668661418
6.328255351220081 -3.3985582658596285 0.049924673162142635
6.328255351220081 -3.0248798839012845 0.06034249689404157
6.328255351220081 -2.6569959984428952 0.06801923215236737
6.328255351220081 -2.2939171418750837 0.07272955143862266
6.328255351220081 -1.9347914722822965 0.07486950691153599
6.328255351220081 -1.578869894931614 0.07516105802075887
6.328255351220081 -1.225480109046289 0.07438742374765295
6.328255351220081 -0.8740066123570872 0.07322791037984934
6.328255351220081 -0.5238747138322762 0.07218814446668603
6.328255351220081 -0.17453721459758154 0.07159092112187601
6.328255351220081 0.17453721459758323 0.071590921121858
6.328255351220081 0.5238747138322778 0.07218814446663091
6.328255351220081 0.8740066123570885 0.0732279103797555
6.328255351220081 1.2254801090462892 0.07438742374752352
6.328255351220081 1.578869894931614 0.07516105802059665
6.328255351220081 1.9347914722822956 0.07486950691134198
6.328255351220081 2.2939171418750837 0.0727295514384064
6.328255351220081 2.656995998442896 0.06801923215213945
6.328255351220081 3.024879883901285 0.06034249689382228
6.328255351220081 3.398558265859627 0.049924673161954695
6.328255351220081 3.779206753435224 0.037781626686449576
6.328255351220081 4.168257066832501 0.02557389289400868
6.328255351220081 4.5675020728443965 0.015081527362973446
6.328255351220081 4.9792609785452555 0.007506495776464033
6.328255351220081 5.406654247970126 0.0030301994106024135
6.328255351220081 5.854095056030399 0.000941156874529368
6.328255351220081 6.328255351220081 0.0002087021377057456
6.328255351220081 6.840237305249354 2.9374456361477393e-05
6.328255351220081 7.411582531485466 2.113480000481002e-06
6.328255351220081 8.098761139250847 4.500434992792943e-08
6.840237305249354 -8.09876113925085 3.569082636774598e-09
6.840237305249354 -7.411582531485468 2.0605128487968437e-07
6.840237305249354 -6.840237305249354 3.45780045527593e-06
6.840237305249354 -6.3282553512200845 2.937445600740828e-05
6.840237305249354 -5.8540950560304035 0.0001574075592330564
6.840237305249354 -5.406654247970128 0.000599331940786843
6.840237305249354 -4.979260978545257 0.0017481397257349727
6.840237305249354 -4.567502072844396 0.004116975687640758
6.840237305249354 -4.168257066832499 0.008142316380965868
6.840237305249354 -3.7792067534352225 0.013948107574516247
6.840237305249354 -3.3985582658596285 0.021224559414855557
6.840237305249354 -3.0248798839012845 0.02930214730197758
6.840237305249354 -2.6569959984428952 0.037370073379047644
6.840237305249354 -2.2939171418750837 0.044714065727279366
6.840237305249354 -1.9347914722822965 0.05086904008555704
6.840237305249354 -1.578869894931614 0.055653776023063165
6.840237305249354 -1.225480109046289 0.059115257620982645
6.840237305249354 -0.8740066123570872 0.06143277180755253
6.840237305249354 -0.5238747138322762 0.06282299486610761
6.840237305249354 -0.17453721459758154 0.0634674919607043
6.840237305249354 0.17453721459758323 0.06346749196068972
6.840237305249354 0.5238747138322778 0.06282299486606419
6.840237305249354 0.8740066123570885 0.06143277180748214
6.840237305249354 1.2254801090462892 0.05911525762088993
6.840237305249354 1.578869894931614 0.05565377602295441
6.840237305249354 1.9347914722822956 0.050869040085439333
6.840237305249354 2.2939171418750837 0.04471406572716012
6.840237305249354 2.656995998442896 0.037370073378935255
6.840237305249354 3.024879883901285 0.029302147301882225
6.840237305249354 3.398558265859627 0.02122455941478445
6.840237305249354 3.779206753435224 0.013948107574461672
6.840237305249354 4.168257066832501 0.008142316380937436
6.840237305249354 4.5675020728443965 0.00411697568763357
6.840237305249354 4.9792609785452555 0.0017481397257227743
6.840237305249354 5.406654247970126 0.0005993319407452622
6.840237305249354 5.854095056030399 0.00015740755925461184
6.840237305249354 6.328255351220081 2.93744563614635e-05
6.840237305249354 6.840237305249354 3.4578007518881962e-06
6.840237305249354 7.411582531485466 2.0605153223976752e-07
6.840237305249354 8.098761139250847 3.5691058499859717e-09
7.411582531485466 -8.09876113925085 1.3984378290708864e-10
7.411582531485466 -7.411582531485468 1.0055601767073859e-08
7.411582531485466 -6.840237305249354 2.060515153899517e-07
7.411582531485466 -6.3282553512200845 2.113479976158265e-06
7.411582531485466 -5.8540950560304035 1.3569400820453053e-05
7.411582531485466 -5.406654247970128 6.151479913891214e-05
7.411582531485466 -4.979260978545257 0.0002123926038246291
7.411582531485466 -4.567502072844396 0.000588602084510276
7.411582531485466 -4.168257066832499 0.0013611173202647839
7.411582531485466 -3.7792067534352225 0.0027068753131555007
7.411582531485466 -3.3985582658596285 0.004743397750477175
7.411582531485466 -3.0248798839012845 0.007472536890369207
7.411582531485466 -2.6569959984428952 0.010762538922477907
7.411582531485466 -2.2939171418750837 0.01437550619844926
7.411582531485466 -1.9347914722822965 0.018023806667603687
7.411582531485466 -1.578869894931614 0.021429232531973604
7.411582531485466 -1.225480109046289 0.024364436001306517
7.411582531485466 -0.8740066123570872 0.026669281995570043
7.411582531485466 -0.5238747138322762 0.028246265856517794
7.411582531485466 -0.17453721459758154 0.029044850313877046
7.411582531485466 0.17453721459758323 0.029044850313870656
7.411582531485466 0.5238747138322778 0.02824626585649988
7.411582531485466 0.8740066123570885 0.026669281995543612
7.411582531485466 1.2254801090462892 0.024364436001273332
7.411582531485466 1.578869894931614 0.02142923253193672
7.411582531485466 1.9347914722822956 0.0180238066675674
7.411582531485466 2.2939171418750837 0.014375506198416417
7.411582531485466 2.656995998442896 0.01076253892244973
7.411582531485466 3.024879883901285 0.007472536890348054
7.411582531485466 3.398558265859627 0.004743397750463623
7.411582531485466 3.779206753435224 0.0027068753131465513
7.411582531485466 4.168257066832501 0.001361117320260898
7.411582531485466 4.5675020728443965 0.0005886020845095783
7.411582531485466 4.9792609785452555 0.00021239260382328496
7.411582531485466 5.406654247970126 6.15147991348653e-05
7.411582531485466 5.854095056030399 1.3569400822243492e-05
7.411582531485466 6.328255351220081 2.113480000480204e-06
7.411582531485466 6.840237305249354 2.0605153223903147e-07
7.411582531485466 7.411582531485466 1.0055613255662115e-08
7.411582531485466 8.098761139250847 1.3984464791658013e-10
8.098761139250847 -8.09876113925085 1.5287538984361e-12
8.098761139250847 -7.411582531485468 1.3984450258211306e-10
8.098761139250847 -6.840237305249354 3.5691055842207185e-09
8.098761139250847 -6.3282553512200845 4.500434945582317e-08
8.098761139250847 -5.8540950560304035 3.517638666320336e-07
8.098761139250847 -5.406654247970128 1.9249927030322204e-06
8.098761139250847 -4.979260978545257 7.95866610560802e-06
8.098761139250847 -4.567502072844396 2.61942783563266e-05
8.098761139250847 -4.168257066832499 7.131761442505438e-05
8.098761139250847 -3.7792067534352225 0.0001654356178188195
8.098761139250847 -3.3985582658596285 0.0003347388431610188
8.098761139250847 -3.0248798839012845 0.0006022237247319414
8.098761139250847 -2.6569959984428952 0.000978822785417714
8.098761139250847 -2.2939171418750837 0.0014566371889384966
8.098761139250847 -1.9347914722822965 0.002007170849141592
8.098761139250847 -1.578869894931614 0.002585152006748378
8.098761139250847 -1.225480109046289 0.0031362541983349437
8.098761139250847 -0.8740066123570872 0.0036060017646552867
8.098761139250847 -0.5238747138322762 0.003947535421428057
8.098761139250847 -0.17453721459758154 0.004127080029007758
8.098761139250847 0.17453721459758323 0.004127080029007173
8.098761139250847 0.5238747138322778 0.0039475354214263386
8.098761139250847 0.8740066123570885 0.003606001764652574
8.098761139250847 1.2254801090462892 0.003136254198331579
8.098761139250847 1.578869894931614 0.002585152006744823
8.098761139250847 1.9347914722822956 0.0020071708491384427
8.098761139250847 2.2939171418750837 0.0014566371889359242
8.098761139250847 2.656995998442896 0.0009788227854156959
8.098761139250847 3.024879883901285 0.0006022237247307018
8.098761139250847 3.398558265859627 0.00033473884316038147
8.098761139250847 3.779206753435224 0.00016543561781843686
8.098761139250847 4.168257066832501 7.131761442493286e-05
8.098761139250847 4.5675020728443965 2.6194278356325545e-05
8.098761139250847 4.9792609785452555 7.95866610557046e-06
8.098761139250847 5.406654247970126 1.9249927029195104e-06
8.098761139250847 5.854095056030399 3.517638666742421e-07
8.098761139250847 6.328255351220081 4.5004349927846514e-08
8.098761139250847 6.840237305249354 3.5691058498697127e-09
8.098761139250847 7.411582531485466 1.3984464791522919e-10
8.098761139250847 8.098761139250847 1.5287625274673387e-12
