-8.09876113925085 -8.09876113925085 2.368578174945313e-12
-8.09876113925085 -7.411582531485468 1.7580246825846678e-10
-8.09876113925085 -6.840237305249354 3.9512539908255215e-09
-8.09876113925085 -6.3282553512200845 4.565538989354827e-08
-8.09876113925085 -5.8540950560304035 3.349473298049723e-07
-8.09876113925085 -5.406654247970128 1.7482477595616533e-06
-8.09876113925085 -4.979260978545257 6.972368454235671e-06
-8.09876113925085 -4.567502072844396 2.232087567669282e-05
-8.09876113925085 -4.168257066832499 5.947883406364272e-05
-8.09876113925085 -3.7792067534352225 0.00013567773962013088
-8.09876113925085 -3.3985582658596285 0.0002709452437560194
-8.09876113925085 -3.0248798839012845 0.0004824574185965764
-8.09876113925085 -2.6569959984428952 0.0007778480599934564
-8.09876113925085 -2.2939171418750837 0.0011502539045926143
-8.09876113925085 -1.9347914722822965 0.0015772035747010063
-8.09876113925085 -1.578869894931614 0.002023699508035444
-8.09876113925085 -1.225480109046289 0.0024481593783003868
-8.09876113925085 -0.8740066123570872 0.0028091545863343182
-8.09876113925085 -0.5238747138322762 0.0030712131551993396
-8.09876113925085 -0.17453721459758154 0.0032088518011879424
-8.09876113925085 0.17453721459758323 0.003208851801187808
-8.09876113925085 0.5238747138322778 0.003071213155199041
-8.09876113925085 0.8740066123570885 0.002809154586333819
-8.09876113925085 1.2254801090462892 0.002448159378299767
-8.09876113925085 1.578869894931614 0.0020236995080347587
-8.09876113925085 1.9347914722822956 0.0015772035747003102
-8.09876113925085 2.2939171418750837 0.0011502539045920258
-8.09876113925085 2.656995998442896 0.0007778480599930069
-8.09876113925085 3.024879883901285 0.00048245741859630507
-8.09876113925085 3.398558265859627 0.00027094524375590725
-8.09876113925085 3.779206753435224 0.00013567773962003485
-8.09876113925085 4.168257066832501 5.947883406363342e-05
-8.09876113925085 4.5675020728443965 2.2320875676725145e-05
-8.09876113925085 4.9792609785452555 6.972368454214374e-06
-8.09876113925085 5.406654247970126 1.7482477594696067e-06
-8.09876113925085 5.854095056030399 3.34947329840885e-07
-8.09876113925085 6.328255351220081 4.565539029719088e-08
-8.09876113925085 6.840237305249354 3.9512542285244665e-09
-8.09876113925085 7.411582531485466 1.7580261031171443e-10
-8.09876113925085 8.098761139250847 2.368588413089581e-12
-7.411582531485468 -8.09876113925085 1.7580246825897077e-10
-7.411582531485468 -7.411582531485468 1.0475391487529948e-08
-7.411582531485468 -6.840237305249354 1.9483181425321226e-07
-7.411582531485468 -6.3282553512200845 1.888966025690566e-06
-7.411582531485468 -5.8540950560304035 1.1722655450727328e-05
-7.411582531485468 -5.406654247970128 5.206598453683103e-05
-7.411582531485468 -4.979260978545257 0.00017764819161944286
-7.411582531485468 -4.567502072844396 0.0004892546592144395
-7.411582531485468 -4.168257066832499 0.0011285377442207427
-7.411582531485468 -3.7792067534352225 0.0022441769780956085
-7.411582531485468 -3.3985582658596285 0.003938443789696511
-7.411582531485468 -3.0248798839012845 0.0062195036616139255
-7.411582531485468 -2.6569959984428952 0.008983894621553171
-7.411582531485468 -2.2939171418750837 0.01203651212304026
-7.411582531485468 -1.9347914722822965 0.01513597190977799
-7.411582531485468 -1.578869894931614 0.018044165855973154
-7.411582531485468 -1.225480109046289 0.020562507128023575
-7.411582531485468 -0.8740066123570872 0.022547762943802032
-7.411582531485468 -0.5238747138322762 0.02391011209980774
-7.411582531485468 -0.17453721459758154 0.024601284075643652
-7.411582531485468 0.17453721459758323 0.02460128407564155
-7.411582531485468 0.5238747138322778 0.02391011209980163
-7.411582531485468 0.8740066123570885 0.02254776294379254
-7.411582531485468 1.2254801090462892 0.020562507128012067
-7.411582531485468 1.578869894931614 0.01804416585596035
-7.411582531485468 1.9347914722822956 0.015135971909764952
-7.411582531485468 2.2939171418750837 0.012036512123028547
-7.411582531485468 2.656995998442896 0.008983894621543143
-7.411582531485468 3.024879883901285 0.006219503661606701
-7.411582531485468 3.398558265859627 0.003938443789692405
-7.411582531485468 3.779206753435224 0.0022441769780922687
-7.411582531485468 4.168257066832501 0.0011285377442198483
-7.411582531485468 4.5675020728443965 0.0004892546592150989
-7.411582531485468 4.9792609785452555 0.00017764819161869617
-7.411582531485468 5.406654247970126 5.206598453326718e-05
-7.411582531485468 5.854095056030399 1.1722655452348546e-05
-7.411582531485468 6.328255351220081 1.8889660469003724e-06
-7.411582531485468 6.840237305249354 1.9483182877322974e-07
-7.411582531485468 7.411582531485466 1.0475401553312631e-08
-7.411582531485468 8.098761139250847 1.75803313862231e-10
-6.840237305249354 -8.09876113925085 3.951253990835266e-09
-6.840237305249354 -7.411582531485468 1.9483181425334726e-07
-6.840237305249354 -6.840237305249354 3.0597994781241915e-06
-6.840237305249354 -6.3282553512200845 2.524610070191275e-05
-6.840237305249354 -5.8540950560304035 0.00013384225021050293
-6.840237305249354 -5.406654247970128 0.0005092175363556538
-6.840237305249354 -4.979260978545257 0.00149239695320803
-6.840237305249354 -4.567502072844396 0.0035422203771244163
-6.840237305249354 -4.168257066832499 0.007071342736934689
-6.840237305249354 -3.7792067534352225 0.012234590719357452
-6.840237305249354 -3.3985582658596285 0.018803437684995254
-6.840237305249354 -3.0248798839012845 0.026209272538966016
-6.840237305249354 -2.6569959984428952 0.033725034683464224
-6.840237305249354 -2.2939171418750837 0.040679938579393574
-6.840237305249354 -1.9347914722822965 0.046609486462150324
-6.840237305249354 -1.578869894931614 0.05130213352821956
-6.840237305249354 -1.225480109046289 0.05476030955147317
-6.840237305249354 -0.8740066123570872 0.05711845065624756
-6.840237305249354 -0.5238747138322762 0.05855653092796444
-6.840237305249354 -0.17453721459758154 0.05923116208551831
-6.840237305249354 0.17453721459758323 0.0592311620855106
-6.840237305249354 0.5238747138322778 0.058556530927942746
-6.840237305249354 0.8740066123570885 0.05711845065621311
-6.840237305249354 1.2254801090462892 0.054760309551429166
-6.840237305249354 1.578869894931614 0.05130213352816798
-6.840237305249354 1.9347914722822956 0.04660948646209427
-6.840237305249354 2.2939171418750837 0.040679938579338625
-6.840237305249354 2.656995998442896 0.03372503468341246
-6.840237305249354 3.024879883901285 0.02620927253892384
-6.840237305249354 3.398558265859627 0.018803437684966787
-6.840237305249354 3.779206753435224 0.012234590719332281
-6.840237305249354 4.168257066832501 0.007071342736925654
-6.840237305249354 4.5675020728443965 0.0035422203771286074
-6.840237305249354 4.9792609785452555 0.0014923969532002397
-6.840237305249354 5.406654247970126 0.0005092175363150109
-6.840237305249354 5.854095056030399 0.00013384225023200586
-6.840237305249354 6.328255351220081 2.524610103195389e-05
-6.840237305249354 6.840237305249354 3.0597997421693427e-06
-6.840237305249354 7.411582531485466 1.948320274057839e-07
-6.840237305249354 8.098761139250847 3.951274761624164e-09
-6.3282553512200845 -8.09876113925085 4.5655389893527164e-08
-6.3282553512200845 -7.411582531485468 1.8889660256908995e-06
-6.3282553512200845 -6.840237305249354 2.5246100701913495e-05
-6.3282553512200845 -6.3282553512200845 0.0001781163529345614
-6.3282553512200845 -5.8540950560304035 0.00080898951341933
-6.3282553512200845 -5.406654247970128 0.002640546063740688
-6.3282553512200845 -4.979260978545257 0.006650181313101723
-6.3282553512200845 -4.567502072844396 0.013595844388098861
-6.3282553512200845 -4.168257066832499 0.023455924471182027
-6.3282553512200845 -3.7792067534352225 0.03522906544607247
-6.3282553512200845 -3.3985582658596285 0.04727386200904764
-6.3282553512200845 -3.0248798839012845 0.05794929448365223
-6.3282553512200845 -2.6569959984428952 0.06615429839018666
-6.3282553512200845 -2.2939171418750837 0.07153029834914243
-6.3282553512200845 -1.9347914722822965 0.07434787711646726
-6.3282553512200845 -1.578869894931614 0.07524183607563409
-6.3282553512200845 -1.225480109046289 0.07495110358057523
-6.3282553512200845 -0.8740066123570872 0.07414289238989015
-6.3282553512200845 -0.5238747138322762 0.07332816288294162
-6.3282553512200845 -0.17453721459758154 0.07283994512233982
-6.3282553512200845 0.17453721459758323 0.07283994512232823
-6.3282553512200845 0.5238747138322778 0.0733281628829078
-6.3282553512200845 0.8740066123570885 0.07414289238983467
-6.3282553512200845 1.2254801090462892 0.0749511035805001
-6.3282553512200845 1.578869894931614 0.07524183607553984
-6.3282553512200845 1.9347914722822956 0.07434787711635603
-6.3282553512200845 2.2939171418750837 0.07153029834902216
-6.3282553512200845 2.656995998442896 0.06615429839006151
-6.3282553512200845 3.024879883901285 0.057949294483536785
-6.3282553512200845 3.398558265859627 0.047273862008957855
-6.3282553512200845 3.779206753435224 0.03522906544598403
-6.3282553512200845 4.168257066832501 0.02345592447114233
-6.3282553512200845 4.5675020728443965 0.013595844388112033
-6.3282553512200845 4.9792609785452555 0.006650181313061399
-6.3282553512200845 5.406654247970126 0.002640546063507862
-6.3282553512200845 5.854095056030399 0.0008089895135627694
-6.3282553512200845 6.328255351220081 0.00017811635551872598
-6.3282553512200845 6.840237305249354 2.5246103123186194e-05
-6.3282553512200845 7.411582531485466 1.888968309841334e-06
-6.3282553512200845 8.098761139250847 4.565564866390419e-08
-5.8540950560304035 -8.09876113925085 3.349473298048036e-07
-5.8540950560304035 -7.411582531485468 1.1722655450727238e-05
-5.8540950560304035 -6.840237305249354 0.00013384225021049402
-5.8540950560304035 -6.3282553512200845 0.0008089895134192893
-5.8540950560304035 -5.8540950560304035 0.003149946896144067
-5.8540950560304035 -5.406654247970128 0.008817114142727796
-5.8540950560304035 -4.979260978545257 0.019055581063880354
-5.8540950560304035 -4.567502072844396 0.03347607440089927
-5.8540950560304035 -4.168257066832499 0.049740800150111876
-5.8540950560304035 -3.7792067534352225 0.06456483753101108
-5.8540950560304035 -3.3985582658596285 0.07524063026309845
-5.8540950560304035 -3.0248798839012845 0.0806120747289355
-5.8540950560304035 -2.6569959984428952 0.08108972690097559
-5.8540950560304035 -2.2939171418750837 0.07803559253325877
-5.8540950560304035 -1.9347914722822965 0.0730525483519701
-5.8540950560304035 -1.578869894931614 0.06751274787583884
-5.8540950560304035 -1.225480109046289 0.062379660077135766
-5.8540950560304035 -0.8740066123570872 0.05823069974588256
-5.8540950560304035 -0.5238747138322762 0.05536338166457115
-5.8540950560304035 -0.17453721459758154 0.053907618085364054
-5.8540950560304035 0.17453721459758323 0.05390761808535399
-5.8540950560304035 0.5238747138322778 0.05536338166454073
-5.8540950560304035 0.8740066123570885 0.05823069974583099
-5.8540950560304035 1.2254801090462892 0.06237966007706177
-5.8540950560304035 1.578869894931614 0.06751274787573924
-5.8540950560304035 1.9347914722822956 0.07305254835184137
-5.8540950560304035 2.2939171418750837 0.07803559253310446
-5.8540950560304035 2.656995998442896 0.08108972690079526
-5.8540950560304035 3.024879883901285 0.08061207472874642
-5.8540950560304035 3.398558265859627 0.07524063026292897
-5.8540950560304035 3.779206753435224 0.0645648375308229
-5.8540950560304035 4.168257066832501 0.04974080015000888
-5.8540950560304035 4.5675020728443965 0.033476074400923934
-5.8540950560304035 4.9792609785452555 0.019055581063751777
-5.8540950560304035 5.406654247970126 0.008817114141894579
-5.8540950560304035 5.854095056030399 0.003149946896742509
-5.8540950560304035 6.328255351220081 0.0008089895260712476
-5.8540950560304035 6.840237305249354 0.000133842264100302
-5.8540950560304035 7.411582531485466 1.1722670787525373e-05
-5.8540950560304035 8.098761139250847 3.349493541298448e-07
-5.406654247970128 -8.09876113925085 1.7482477595611174e-06
-5.406654247970128 -7.411582531485468 5.2065984536825516e-05
-5.406654247970128 -6.840237305249354 0.0005092175363556163
-5.406654247970128 -6.3282553512200845 0.002640546063740482
-5.406654247970128 -5.8540950560304035 0.008817114142727229
-5.406654247970128 -5.406654247970128 0.021151967117303563
-5.406654247970128 -4.979260978545257 0.03916329485099284
-5.406654247970128 -4.567502072844396 0.05895626194432077
-5.406654247970128 -4.168257066832499 0.0751522028503638
-5.406654247970128 -3.7792067534352225 0.08388234814483184
-5.406654247970128 -3.3985582658596285 0.0843751827183352
-5.406654247970128 -3.0248798839012845 0.07845876110430602
-5.406654247970128 -2.6569959984428952 0.06901244284527568
-5.406654247970128 -2.2939171418750837 0.05863463353647024
-5.406654247970128 -1.9347914722822965 0.04904196444963374
-5.406654247970128 -1.578869894931614 0.04107420979301745
-5.406654247970128 -1.225480109046289 0.034964539049282845
-5.406654247970128 -0.8740066123570872 0.030631446785627292
-5.406654247970128 -0.5238747138322762 0.027888330985283507
-5.406654247970128 -0.17453721459758154 0.026564837794701278
-5.406654247970128 0.17453721459758323 0.026564837794695744
-5.406654247970128 0.5238747138322778 0.027888330985266167
-5.406654247970128 0.8740066123570885 0.030631446785596015
-5.406654247970128 1.2254801090462892 0.03496453904923528
-5.406654247970128 1.578869894931614 0.04107420979294796
-5.406654247970128 1.9347914722822956 0.04904196444953502
-5.406654247970128 2.2939171418750837 0.05863463353633767
-5.406654247970128 2.656995998442896 0.06901244284510122
-5.406654247970128 3.024879883901285 0.07845876110409702
-5.406654247970128 3.398558265859627 0.08437518271811685
-5.406654247970128 3.779206753435224 0.08388234814455547
-5.406654247970128 4.168257066832501 0.07515220285018137
-5.406654247970128 4.5675020728443965 0.0589562619443498
-5.406654247970128 4.9792609785452555 0.03916329485070589
-5.406654247970128 5.406654247970126 0.021151967115201235
-5.406654247970128 5.854095056030399 0.008817114144488904
-5.406654247970128 6.328255351220081 0.00264054610741977
-5.406654247970128 6.840237305249354 0.0005092175924990106
-5.406654247970128 7.411582531485466 5.20660570814572e-05
-5.406654247970128 8.098761139250847 1.748258921546994e-06
-4.979260978545257 -8.09876113925085 6.972368454234332e-06
-4.979260978545257 -7.411582531485468 0.00017764819161943335
-4.979260978545257 -6.840237305249354 0.0014923969532079015
-4.979260978545257 -6.3282553512200845 0.0066501813131010805
-4.979260978545257 -5.8540950560304035 0.019055581063878675
-4.979260978545257 -5.406654247970128 0.03916329485099088
-4.979260978545257 -4.979260978545257 0.06202352883984361
-4.979260978545257 -4.567502072844396 0.07978062695380363
-4.979260978545257 -4.168257066832499 0.08687319502328808
-4.979260978545257 -3.7792067534352225 0.0829047745740438
-4.979260978545257 -3.3985582658596285 0.07146861193666365
-4.979260978545257 -3.0248798839012845 0.057195522791495444
-4.979260978545257 -2.6569959984428952 0.04357502332890671
-4.979260978545257 -2.2939171418750837 0.032352695380785945
-4.979260978545257 -1.9347914722822965 0.0239227919326269
-4.979260978545257 -1.578869894931614 0.01797211745616142
-4.979260978545257 -1.225480109046289 0.013963307096417603
-4.979260978545257 -0.8740066123570872 0.011391317591575738
-4.979260978545257 -0.5238747138322762 0.00987597019591888
-4.979260978545257 -0.17453721459758154 0.009175890424562376
-4.979260978545257 0.17453721459758323 0.009175890424560136
-4.979260978545257 0.5238747138322778 0.009875970195911878
-4.979260978545257 0.8740066123570885 0.011391317591562684
-4.979260978545257 1.2254801090462892 0.013963307096396213
-4.979260978545257 1.578869894931614 0.01797211745612744
-4.979260978545257 1.9347914722822956 0.023922791932572976
-4.979260978545257 2.2939171418750837 0.03235269538070403
-4.979260978545257 2.656995998442896 0.04357502332878353
-4.979260978545257 3.024879883901285 0.057195522791325046
-4.979260978545257 3.398558265859627 0.07146861193645584
-4.979260978545257 3.779206753435224 0.08290477457374164
-4.979260978545257 4.168257066832501 0.08687319502304772
-4.979260978545257 4.5675020728443965 0.07978062695382229
-4.979260978545257 4.9792609785452555 0.062023528839356475
-4.979260978545257 5.406654247970126 0.03916329484694508
-4.979260978545257 5.854095056030399 0.01905558106783298
-4.979260978545257 6.328255351220081 0.006650181427952497
-4.979260978545257 6.840237305249354 0.0014923971257480245
-4.979260978545257 7.411582531485466 0.00017764845207920982
-4.979260978545257 8.098761139250847 6.972415112843011e-06
-4.567502072844396 -8.09876113925085 2.2320875676694215e-05
-4.567502072844396 -7.411582531485468 0.0004892546592144088
-4.567502072844396 -6.840237305249354 0.003542220377124024
-4.567502072844396 -6.3282553512200845 0.013595844388097323
-4.567502072844396 -5.8540950560304035 0.03347607440089552
-4.567502072844396 -5.406654247970128 0.058956261944315407
-4.567502072844396 -4.979260978545257 0.07978062695379974
-4.567502072844396 -4.567502072844396 0.08746707733933932
-4.567502072844396 -4.168257066832499 0.08102805240987498
-4.567502072844396 -3.7792067534352225 0.06573615176076618
-4.567502072844396 -3.3985582658596285 0.04820820401644924
-4.567502072844396 -3.0248798839012845 0.0329088428164328
-4.567502072844396 -2.6569959984428952 0.021494992383281765
-4.567502072844396 -2.2939171418750837 0.0137921484089226
-4.567502072844396 -1.9347914722822965 0.00891332932238139
-4.567502072844396 -1.578869894931614 0.0059398592353201414
-4.567502072844396 -1.225480109046289 0.004169739246354825
-4.567502072844396 -0.8740066123570872 0.0031414321368599964
-4.567502072844396 -0.5238747138322762 0.0025781375649431646
-4.567502072844396 -0.17453721459758154 0.0023292677974262386
-4.567502072844396 0.17453721459758323 0.002329267797425662
-4.567502072844396 0.5238747138322778 0.0025781375649411723
-4.567502072844396 0.8740066123570885 0.003141432136856036
-4.567502072844396 1.2254801090462892 0.004169739246347664
-4.567502072844396 1.578869894931614 0.005939859235307575
-4.567502072844396 1.9347914722822956 0.008913329322359116
-4.567502072844396 2.2939171418750837 0.013792148408884042
-4.567502072844396 2.656995998442896 0.021494992383214843
-4.567502072844396 3.024879883901285 0.03290884281632456
-4.567502072844396 3.398558265859627 0.04820820401629334
-4.567502072844396 3.779206753435224 0.06573615176050386
-4.567502072844396 4.168257066832501 0.08102805240962317
-4.567502072844396 4.5675020728443965 0.08746707733933588
-4.567502072844396 4.9792609785452555 0.07978062695313536
-4.567502072844396 5.406654247970126 0.05895626193803754
-4.567502072844396 5.854095056030399 0.033476074408048534
-4.567502072844396 6.328255351220081 0.013595844630978375
-4.567502072844396 6.840237305249354 0.0035422208024299177
-4.567502072844396 7.411582531485466 0.0004892554070405837
-4.567502072844396 8.098761139250847 2.232103118947991e-05
-4.168257066832499 -8.09876113925085 5.947883406365072e-05
-4.168257066832499 -7.411582531485468 0.0011285377442206198
-4.168257066832499 -6.840237305249354 0.007071342736933484
-4.168257066832499 -6.3282553512200845 0.023455924471178117
-4.168257066832499 -5.8540950560304035 0.049740800150103584
-4.168257066832499 -5.406654247970128 0.0751522028503531
-4.168257066832499 -4.979260978545257 0.08687319502327914
-4.168257066832499 -4.567502072844396 0.08102805240987047
-4.168257066832499 -4.168257066832499 0.06362514774850142
-4.168257066832499 -3.7792067534352225 0.04363292801919735
-4.168257066832499 -3.3985582658596285 0.02701011969626641
-4.168257066832499 -3.0248798839012845 0.015572536229672076
-4.168257066832499 -2.6569959984428952 0.008616603278291021
-4.168257066832499 -2.2939171418750837 0.004713221669054608
-4.168257066832499 -1.9347914722822965 0.002622733454693357
-4.168257066832499 -1.578869894931614 0.0015268605330781252
-4.168257066832499 -1.225480109046289 0.0009543178417509491
-4.168257066832499 -0.8740066123570872 0.0006555703008211528
-4.168257066832499 -0.5238747138322762 0.0005044776788636118
-4.168257066832499 -0.17453721459758154 0.0004409602502070049
-4.168257066832499 0.17453721459758323 0.0004409602502068893
-4.168257066832499 0.5238747138322778 0.0005044776788632328
-4.168257066832499 0.8740066123570885 0.0006555703008202648
-4.168257066832499 1.2254801090462892 0.0009543178417491406
-4.168257066832499 1.578869894931614 0.001526860533074534
-4.168257066832499 1.9347914722822956 0.0026227334546861064
-4.168257066832499 2.2939171418750837 0.0047132216690401445
-4.168257066832499 2.656995998442896 0.008616603278261633
-4.168257066832499 3.024879883901285 0.015572536229616012
-4.168257066832499 3.398558265859627 0.027010119696170436
-4.168257066832499 3.779206753435224 0.043632928019008047
-4.168257066832499 4.168257066832501 0.06362514774828223
-4.168257066832499 4.5675020728443965 0.0810280524098443
-4.168257066832499 4.9792609785452555 0.08687319502251753
-4.168257066832499 5.406654247970126 0.07515220284215582
-4.168257066832499 5.854095056030399 0.04974080016098033
-4.168257066832499 6.328255351220081 0.023455924901642996
-4.168257066832499 6.840237305249354 0.007071343612258961
-4.168257066832499 7.411582531485466 0.0011285395293652025
-4.168257066832499 8.098761139250847 5.947926303942373e-05
-3.7792067534352225 -8.09876113925085 0.0001356777396201397
-3.7792067534352225 -7.411582531485468 0.002244176978095236
-3.7792067534352225 -6.840237305249354 0.012234590719354612
-3.7792067534352225 -6.3282553512200845 0.035229065446063815
-3.7792067534352225 -5.8540950560304035 0.06456483753099583
-3.7792067534352225 -5.406654247970128 0.08388234814481337
-3.7792067534352225 -4.979260978545257 0.08290477457402942
-3.7792067534352225 -4.567502072844396 0.06573615176075803
-3.7792067534352225 -4.168257066832499 0.04363292801919447
-3.7792067534352225 -3.7792067534352225 0.025170670109831938
-3.7792067534352225 -3.3985582658596285 0.013056644353736362
-3.7792067534352225 -3.0248798839012845 0.006296678566100077
-3.7792067534352225 -2.6569959984428952 0.0029162862724660048
-3.7792067534352225 -2.2939171418750837 0.0013413677482463557
-3.7792067534352225 -1.9347914722822965 0.0006332127234005558
-3.7792067534352225 -1.578869894931614 0.0003173500576663043
-3.7792067534352225 -1.225480109046289 0.00017422137186121064
-3.7792067534352225 -0.8740066123570872 0.00010794612966164054
-3.7792067534352225 -0.5238747138322762 7.728593648372332e-05
-3.7792067534352225 -0.17453721459758154 6.510636919787325e-05
-3.7792067534352225 0.17453721459758323 6.51063691978733e-05
-3.7792067534352225 0.5238747138322778 7.728593648367479e-05
-3.7792067534352225 0.8740066123570885 0.00010794612966149226
-3.7792067534352225 1.2254801090462892 0.00017422137186085055
-3.7792067534352225 1.578869894931614 0.00031735005766545806
-3.7792067534352225 1.9347914722822956 0.0006332127233986139
-3.7792067534352225 2.2939171418750837 0.0013413677482418734
-3.7792067534352225 2.656995998442896 0.002916286272455187
-3.7792067534352225 3.024879883901285 0.006296678566075441
-3.7792067534352225 3.398558265859627 0.013056644353685587
-3.7792067534352225 3.779206753435224 0.025170670109713966
-3.7792067534352225 4.168257066832501 0.0436329280190297
-3.7792067534352225 4.5675020728443965 0.0657361517607189
-3.7792067534352225 4.9792609785452555 0.0829047745732703
-3.7792067534352225 5.406654247970126 0.08388234813548456
-3.7792067534352225 5.854095056030399 0.06456483754537592
-3.7792067534352225 6.328255351220081 0.035229066106769936
-3.7792067534352225 6.840237305249354 0.012234592271846697
-3.7792067534352225 7.411582531485466 0.0022441806301643262
-3.7792067534352225 8.098761139250847 0.00013567874760353138
-3.3985582658596285 -8.09876113925085 0.00027094524375601535
-3.3985582658596285 -7.411582531485468 0.00393844378969565
-3.3985582658596285 -6.840237305249354 0.01880343768498975
-3.3985582658596285 -6.3282553512200845 0.047273862009032275
-3.3985582658596285 -5.8540950560304035 0.07524063026307344
-3.3985582658596285 -5.406654247970128 0.08437518271830916
-3.3985582658596285 -4.979260978545257 0.07146861193664483
-3.3985582658596285 -4.567502072844396 0.048208204016438494
-3.3985582658596285 -4.168257066832499 0.0270101196962621
-3.3985582658596285 -3.7792067534352225 0.013056644353735334
-3.3985582658596285 -3.3985582658596285 0.0056365596488027634
-3.3985582658596285 -3.0248798839012845 0.0022510547731030865
-3.3985582658596285 -2.6569959984428952 0.0008606063480758031
-3.3985582658596285 -2.2939171418750837 0.00032709684493892923
-3.3985582658596285 -1.9347914722822965 0.00012817115955475328
-3.3985582658596285 -1.578869894931614 5.396621737998183e-05
-3.3985582658596285 -1.225480109046289 2.532560343043755e-05
-3.3985582658596285 -0.8740066123570872 1.379745848768621e-05
-3.3985582658596285 -0.5238747138322762 8.994363074054217e-06
-3.3985582658596285 -0.17453721459758154 7.216424222225116e-06
-3.3985582658596285 0.17453721459758323 7.216424222224962e-06
-3.3985582658596285 0.5238747138322778 8.994363074051437e-06
-3.3985582658596285 0.8740066123570885 1.379745848766894e-05
-3.3985582658596285 1.2254801090462892 2.532560343038496e-05
-3.3985582658596285 1.578869894931614 5.396621737982791e-05
-3.3985582658596285 1.9347914722822956 0.0001281711595543379
-3.3985582658596285 2.2939171418750837 0.0003270968449377306
-3.3985582658596285 2.656995998442896 0.0008606063480722913
-3.3985582658596285 3.024879883901285 0.002251054773093383
-3.3985582658596285 3.398558265859627 0.005636559648778699
-3.3985582658596285 3.779206753435224 0.01305664435366917
-3.3985582658596285 4.168257066832501 0.027010119696150987
-3.3985582658596285 4.5675020728443965 0.04820820401639668
-3.3985582658596285 4.9792609785452555 0.07146861193596492
-3.3985582658596285 5.406654247970126 0.08437518270877506
-3.3985582658596285 5.854095056030399 0.07524063028007953
-3.3985582658596285 6.328255351220081 0.04727386291137464
-3.3985582658596285 6.840237305249354 0.018803440119933405
-3.3985582658596285 7.411582531485466 0.0039384503516810745
-3.3985582658596285 8.098761139250847 0.0002709473083991619
-3.0248798839012845 -8.09876113925085 0.0004824574185965306
-3.0248798839012845 -7.411582531485468 0.006219503661612297
-3.0248798839012845 -6.840237305249354 0.02620927253895687
-3.0248798839012845 -6.3282553512200845 0.05794929448362956
-3.0248798839012845 -5.8540950560304035 0.080612074728902
-3.0248798839012845 -5.406654247970128 0.07845876110427442
-3.0248798839012845 -4.979260978545257 0.057195522791474114
-3.0248798839012845 -4.567502072844396 0.03290884281642203
-3.0248798839012845 -4.168257066832499 0.015572536229667908
-3.0248798839012845 -3.7792067534352225 0.006296678566098945
-3.0248798839012845 -3.3985582658596285 0.002251054773102861
-3.0248798839012845 -3.0248798839012845 0.0007386172605738237
-3.0248798839012845 -2.6569959984428952 0.00023037044201520295
-3.0248798839012845 -2.2939171418750837 7.13891609222585e-05
-3.0248798839012845 -1.9347914722822965 2.2854438072756027e-05
-3.0248798839012845 -1.578869894931614 7.99234378065048e-06
-3.0248798839012845 -1.225480109046289 3.1759456304715133e-06
-3.0248798839012845 -0.8740066123570872 1.5242661871198884e-06
-3.0248798839012845 -0.5238747138322762 9.074428109219348e-07
-3.0248798839012845 -0.17453721459758154 6.977703900813363e-07
-3.0248798839012845 0.17453721459758323 6.977703900816151e-07
-3.0248798839012845 0.5238747138322778 9.074428109219877e-07
-3.0248798839012845 0.8740066123570885 1.524266187118719e-06
-3.0248798839012845 1.2254801090462892 3.175945630466761e-06
-3.0248798839012845 1.578869894931614 7.992343780631957e-06
-3.0248798839012845 1.9347914722822956 2.28544380726803e-05
-3.0248798839012845 2.2939171418750837 7.138916092196314e-05
-3.0248798839012845 2.656995998442896 0.00023037044201415174
-3.0248798839012845 3.024879883901285 0.0007386172605703235
-3.0248798839012845 3.398558265859627 0.0022510547730923073
-3.0248798839012845 3.779206753435224 0.006296678566064534
-3.0248798839012845 4.168257066832501 0.015572536229598626
-3.0248798839012845 4.5675020728443965 0.03290884281638485
-3.0248798839012845 4.9792609785452555 0.057195522790911085
-3.0248798839012845 5.406654247970126 0.07845876109529061
-3.0248798839012845 5.854095056030399 0.08061207474733662
-3.0248798839012845 6.328255351220081 0.05794929560570066
-3.0248798839012845 6.840237305249354 0.02620927598985202
-3.0248798839012845 7.411582531485466 0.006219514228771094
-3.0248798839012845 8.098761139250847 0.0004824611754069894
-2.6569959984428952 -8.09876113925085 0.000777848059993341
-2.6569959984428952 -7.411582531485468 0.008983894621550484
-2.6569959984428952 -6.840237305249354 0.03372503468345067
-2.6569959984428952 -6.3282553512200845 0.06615429839015582
-2.6569959984428952 -5.8540950560304035 0.08108972690093505
-2.6569959984428952 -5.406654247970128 0.06901244284524141
-2.6569959984428952 -4.979260978545257 0.043575023328885604
-2.6569959984428952 -4.567502072844396 0.021494992383272273
-2.6569959984428952 -4.168257066832499 0.008616603278287678
-2.6569959984428952 -3.7792067534352225 0.002916286272465104
-2.6569959984428952 -3.3985582658596285 0.0008606063480756172
-2.6569959984428952 -3.0248798839012845 0.00023037044201516506
-2.6569959984428952 -2.6569959984428952 5.7748816309333236e-05
-2.6569959984428952 -2.2939171418750837 1.4285844033700781e-05
-2.6569959984428952 -1.9347914722822965 3.591722993285579e-06
-2.6569959984428952 -1.578869894931614 9.92954576841807e-07
-2.6569959984428952 -1.225480109046289 3.0573799014464935e-07
-2.6569959984428952 -0.8740066123570872 1.1810805057916539e-07
-2.6569959984428952 -0.5238747138322762 5.704157827756158e-08
-2.6569959984428952 -0.17453721459758154 3.9511423836170347e-08
-2.6569959984428952 0.17453721459758323 3.951142383615733e-08
-2.6569959984428952 0.5238747138322778 5.7041578277546776e-08
-2.6569959984428952 0.8740066123570885 1.1810805057978877e-07
-2.6569959984428952 1.2254801090462892 3.0573799014466073e-07
-2.6569959984428952 1.578869894931614 9.929545768403834e-07
-2.6569959984428952 1.9347914722822956 3.5917229932738133e-06
-2.6569959984428952 2.2939171418750837 1.4285844033635944e-05
-2.6569959984428952 2.656995998442896 5.7748816309044486e-05
-2.6569959984428952 3.024879883901285 0.0002303704420139473
-2.6569959984428952 3.398558265859627 0.0008606063480711766
-2.6569959984428952 3.779206753435224 0.002916286272447976
-2.6569959984428952 4.168257066832501 0.008616603278246569
-2.6569959984428952 4.5675020728443965 0.021494992383242442
-2.6569959984428952 4.9792609785452555 0.04357502332844362
-2.6569959984428952 5.406654247970126 0.06901244283725227
-2.6569959984428952 5.854095056030399 0.08108972691965372
-2.6569959984428952 6.328255351220081 0.06615429968612596
-2.6569959984428952 6.840237305249354 0.03372503918484751
-2.6569959984428952 7.411582531485466 0.00898391013465182
-2.6569959984428952 8.098761139250847 0.00077785422908194
-2.2939171418750837 -8.09876113925085 0.0011502539045924137
-2.2939171418750837 -7.411582531485468 0.012036512123036204
-2.2939171418750837 -6.840237305249354 0.040679938579374894
-2.2939171418750837 -6.3282553512200845 0.0715302983491037
-2.2939171418750837 -5.8540950560304035 0.078035592533213
-2.2939171418750837 -5.406654247970128 0.05863463353643504
-2.2939171418750837 -4.979260978545257 0.03235269538076658
-2.2939171418750837 -4.567502072844396 0.013792148408914578
-2.2939171418750837 -4.168257066832499 0.004713221669052015
-2.2939171418750837 -3.7792067534352225 0.0013413677482456941
-2.2939171418750837 -3.3985582658596285 0.00032709684493879994
-2.2939171418750837 -3.0248798839012845 7.138916092224072e-05
-2.2939171418750837 -2.6569959984428952 1.4285844033703466e-05
-2.2939171418750837 -2.2939171418750837 2.8251604538616956e-06
-2.2939171418750837 -1.9347914722822965 5.560288504050639e-07
-2.2939171418750837 -1.578869894931614 1.2915810993995661e-07
-2.2939171418750837 -1.225480109046289 3.330534912604504e-08
-2.2939171418750837 -0.8740066123570872 1.3169948732521648e-08
-2.2939171418750837 -0.5238747138322762 6.400158910083928e-09
-2.2939171418750837 -0.17453721459758154 4.89402780400581e-09
-2.2939171418750837 0.17453721459758323 4.894027804006032e-09
-2.2939171418750837 0.5238747138322778 6.40015891006148e-09
-2.2939171418750837 0.8740066123570885 1.3169948732408174e-08
-2.2939171418750837 1.2254801090462892 3.330534912620936e-08
-2.2939171418750837 1.578869894931614 1.2915810994025773e-07
-2.2939171418750837 1.9347914722822956 5.560288504042134e-07
-2.2939171418750837 2.2939171418750837 2.8251604538483074e-06
-2.2939171418750837 2.656995998442896 1.4285844033618143e-05
-2.2939171418750837 3.024879883901285 7.138916092181823e-05
-2.2939171418750837 3.398558265859627 0.00032709684493700787
-2.2939171418750837 3.779206753435224 0.0013413677482374418
-2.2939171418750837 4.168257066832501 0.004713221669028366
-2.2939171418750837 4.5675020728443965 0.013792148408892346
-2.2939171418750837 4.9792609785452555 0.032352695380429224
-2.2939171418750837 5.406654247970126 0.058634633529585325
-2.2939171418750837 5.854095056030399 0.0780355925513621
-2.2939171418750837 6.328255351220081 0.0715302997636952
-2.2939171418750837 6.840237305249354 0.04067994406970158
-2.2939171418750837 7.411582531485466 0.012036533186020444
-2.2939171418750837 8.098761139250847 0.00115026316883303
-1.9347914722822965 -8.09876113925085 0.0015772035747007235
-1.9347914722822965 -7.411582531485468 0.015135971909772386
-1.9347914722822965 -6.840237305249354 0.04660948646212619
-1.9347914722822965 -6.3282553512200845 0.07434787711642178
-1.9347914722822965 -5.8540950560304035 0.07305254835192121
-1.9347914722822965 -5.406654247970128 0.04904196444959952
-1.9347914722822965 -4.979260978545257 0.023922791932609933
-1.9347914722822965 -4.567502072844396 0.008913329322375273
-1.9347914722822965 -4.168257066832499 0.0026227334546915886
-1.9347914722822965 -3.7792067534352225 0.0006332127234001254
-1.9347914722822965 -3.3985582658596285 0.00012817115955466703
-1.9347914722822965 -3.0248798839012845 2.2854438072745754e-05
-1.9347914722822965 -2.6569959984428952 3.591722993286092e-06
-1.9347914722822965 -2.2939171418750837 5.560288504055711e-07
-1.9347914722822965 -1.9347914722822965 7.534511581526004e-08
-1.9347914722822965 -1.578869894931614 1.2852530367262794e-08
-1.9347914722822965 -1.225480109046289 1.3025251174434172e-09
-1.9347914722822965 -0.8740066123570872 3.890063023453775e-10
-1.9347914722822965 -0.5238747138322762 6.986916878207662e-11
-1.9347914722822965 -0.17453721459758154 1.0950332577692105e-10
-1.9347914722822965 0.17453721459758323 1.0950332578991643e-10
-1.9347914722822965 0.5238747138322778 6.986916878676828e-11
-1.9347914722822965 0.8740066123570885 3.890063023139941e-10
-1.9347914722822965 1.2254801090462892 1.3025251174531924e-09
-1.9347914722822965 1.578869894931614 1.2852530367332917e-08
-1.9347914722822965 1.9347914722822956 7.534511581522412e-08
-1.9347914722822965 2.2939171418750837 5.56028850402758e-07
-1.9347914722822965 2.656995998442896 3.591722993263376e-06
-1.9347914722822965 3.024879883901285 2.2854438072606776e-05
-1.9347914722822965 3.398558265859627 0.0001281711595539344
-1.9347914722822965 3.779206753435224 0.0006332127233960391
-1.9347914722822965 4.168257066832501 0.002622733454677698
-1.9347914722822965 4.5675020728443965 0.008913329322358658
-1.9347914722822965 4.9792609785452555 0.023922791932354307
-1.9347914722822965 5.406654247970126 0.049041964443828245
-1.9347914722822965 5.854095056030399 0.07305254836901286
-1.9347914722822965 6.328255351220081 0.07434787859792409
-1.9347914722822965 6.840237305249354 0.04660949280932221
-1.9347914722822965 7.411582531485466 0.015135998685098927
-1.9347914722822965 8.098761139250847 0.001577216440649958
-1.578869894931614 -8.09876113925085 0.002023699508035043
-1.578869894931614 -7.411582531485468 0.018044165855965633
-1.578869894931614 -6.840237305249354 0.05130213352819012
-1.578869894931614 -6.3282553512200845 0.07524183607558269
-1.578869894931614 -5.8540950560304035 0.0675127478757874
-1.578869894931614 -5.406654247970128 0.041074209792984505
-1.578869894931614 -4.979260978545257 0.017972117456146814
-1.578869894931614 -4.567502072844396 0.005939859235315329
-1.578869894931614 -4.168257066832499 0.0015268605330769527
-1.578869894931614 -3.7792067534352225 0.00031735005766607823
-1.578869894931614 -3.3985582658596285 5.39662173799501e-05
-1.578869894931614 -3.0248798839012845 7.992343780651408e-06
-1.578869894931614 -2.6569959984428952 9.929545768420433e-07
-1.578869894931614 -2.2939171418750837 1.2915810994016737e-07
-1.578869894931614 -1.9347914722822965 1.2852530367375259e-08
-1.578869894931614 -1.578869894931614 2.992871486923659e-09
-1.578869894931614 -1.225480109046289 4.948969327101503e-10
-1.578869894931614 -0.8740066123570872 5.056743360836042e-10
-1.578869894931614 -0.5238747138322762 3.1879412897192383e-10
-1.578869894931614 -0.17453721459758154 3.5375883699702597e-10
-1.578869894931614 0.17453721459758323 3.5375883701554474e-10
-1.578869894931614 0.5238747138322778 3.1879412895322525e-10
-1.578869894931614 0.8740066123570885 5.056743360851469e-10
-1.578869894931614 1.2254801090462892 4.948969327279961e-10
-1.578869894931614 1.578869894931614 2.9928714870132655e-09
-1.578869894931614 1.9347914722822956 1.2852530367308873e-08
-1.578869894931614 2.2939171418750837 1.2915810993934704e-07
-1.578869894931614 2.656995998442896 9.929545768363176e-07
-1.578869894931614 3.024879883901285 7.992343780601967e-06
-1.578869894931614 3.398558265859627 5.3966217379620894e-05
-1.578869894931614 3.779206753435224 0.0003173500576639331
-1.578869894931614 4.168257066832501 0.001526860533068423
-1.578869894931614 4.5675020728443965 0.0059398592353028835
-1.578869894931614 4.9792609785452555 0.01797211745595049
-1.578869894931614 5.406654247970126 0.04107420978812241
-1.578869894931614 5.854095056030399 0.06751274789165687
-1.578869894931614 6.328255351220081 0.07524183758388434
-1.578869894931614 6.840237305249354 0.05130214056414634
-1.578869894931614 7.411582531485466 0.01804419805290689
-1.578869894931614 8.098761139250847 0.002023716187578914
-1.225480109046289 -8.09876113925085 0.002448159378299854
-1.225480109046289 -7.411582531485468 0.02056250712801389
-1.225480109046289 -6.840237305249354 0.05476030955143862
-1.225480109046289 -6.3282553512200845 0.07495110358051883
-1.225480109046289 -5.8540950560304035 0.062379660077083114
-1.225480109046289 -5.406654247970128 0.03496453904925127
-1.225480109046289 -4.979260978545257 0.013963307096404583
-1.225480109046289 -4.567502072844396 0.004169739246350929
-1.225480109046289 -4.168257066832499 0.0009543178417500971
-1.225480109046289 -3.7792067534352225 0.000174221371861082
-1.225480109046289 -3.3985582658596285 2.5325603430422244e-05
-1.225480109046289 -3.0248798839012845 3.1759456304681416e-06
-1.225480109046289 -2.6569959984428952 3.0573799014396336e-07
-1.225480109046289 -2.2939171418750837 3.3305349126125384e-08
-1.225480109046289 -1.9347914722822965 1.302525117419523e-09
-1.225480109046289 -1.578869894931614 4.948969327153187e-10
-1.225480109046289 -1.225480109046289 1.7447570407889639e-10
-1.225480109046289 -0.8740066123570872 2.1279400103101692e-10
-1.225480109046289 -0.5238747138322762 2.6369357727913276e-10
-1.225480109046289 -0.17453721459758154 2.530276423228749e-10
-1.225480109046289 0.17453721459758323 2.5302764233386573e-10
-1.225480109046289 0.5238747138322778 2.6369357729052577e-10
-1.225480109046289 0.8740066123570885 2.1279400102380365e-10
-1.225480109046289 1.2254801090462892 1.7447570408292626e-10
-1.225480109046289 1.578869894931614 4.948969327399443e-10
-1.225480109046289 1.9347914722822956 1.3025251174490083e-09
-1.225480109046289 2.2939171418750837 3.3305349125777234e-08
-1.225480109046289 2.656995998442896 3.0573799014246835e-07
-1.225480109046289 3.024879883901285 3.175945630450471e-06
-1.225480109046289 3.398558265859627 2.5325603430269557e-05
-1.225480109046289 3.779206753435224 0.0001742213718598505
-1.225480109046289 4.168257066832501 0.0009543178417445094
-1.225480109046289 4.5675020728443965 0.004169739246341277
-1.225480109046289 4.9792609785452555 0.013963307096249131
-1.225480109046289 5.406654247970126 0.034964539045093244
-1.225480109046289 5.854095056030399 0.062379660091796754
-1.225480109046289 6.328255351220081 0.07495110508986982
-1.225480109046289 6.840237305249354 0.054760317102669556
-1.225480109046289 7.411582531485466 0.020562544064257476
-1.225480109046289 8.098761139250847 0.002448179719828101
-0.8740066123570872 -8.09876113925085 0.0028091545863336382
-0.8740066123570872 -7.411582531485468 0.022547762943790198
-0.8740066123570872 -6.840237305249354 0.05711845065620756
-0.8740066123570872 -6.3282553512200845 0.07414289238982921
-0.8740066123570872 -5.8540950560304035 0.058230699745828875
-0.8740066123570872 -5.406654247970128 0.030631446785596497
-0.8740066123570872 -4.979260978545257 0.011391317591563963
-0.8740066123570872 -4.567502072844396 0.0031414321368567655
-0.8740066123570872 -4.168257066832499 0.0006555703008205222
-0.8740066123570872 -3.7792067534352225 0.00010794612966155288
-0.8740066123570872 -3.3985582658596285 1.379745848767294e-05
-0.8740066123570872 -3.0248798839012845 1.524266187116329e-06
-0.8740066123570872 -2.6569959984428952 1.181080505786747e-07
-0.8740066123570872 -2.2939171418750837 1.3169948732310183e-08
-0.8740066123570872 -1.9347914722822965 3.890063023194302e-10
-0.8740066123570872 -1.578869894931614 5.056743360869637e-10
-0.8740066123570872 -1.225480109046289 2.1279400103060809e-10
-0.8740066123570872 -0.8740066123570872 2.8928612611008284e-10
-0.8740066123570872 -0.5238747138322762 2.4629471040680993e-10
-0.8740066123570872 -0.17453721459758154 2.7039789252421327e-10
-0.8740066123570872 0.17453721459758323 2.7039789255259523e-10
-0.8740066123570872 0.5238747138322778 2.462947104130458e-10
-0.8740066123570872 0.8740066123570885 2.8928612610003906e-10
-0.8740066123570872 1.2254801090462892 2.1279400102899307e-10
-0.8740066123570872 1.578869894931614 5.056743360913042e-10
-0.8740066123570872 1.9347914722822956 3.8900630229736914e-10
-0.8740066123570872 2.2939171418750837 1.3169948732268448e-08
-0.8740066123570872 2.656995998442896 1.1810805057844151e-07
-0.8740066123570872 3.024879883901285 1.5242661871095879e-06
-0.8740066123570872 3.398558265859627 1.37974584875916e-05
-0.8740066123570872 3.779206753435224 0.0001079461296607635
-0.8740066123570872 4.168257066832501 0.000655570300816527
-0.8740066123570872 4.5675020728443965 0.0031414321368488838
-0.8740066123570872 4.9792609785452555 0.011391317591435236
-0.8740066123570872 5.406654247970126 0.030631446781941414
-0.8740066123570872 5.854095056030399 0.05823069975959788
-0.8740066123570872 6.328255351220081 0.0741428938878494
-0.8740066123570872 6.840237305249354 0.05711845856382553
-0.8740066123570872 7.411582531485466 0.02254780364398189
-0.8740066123570872 8.098761139250847 0.0028091780666161183
-0.5238747138322762 -8.09876113925085 0.0030712131551985456
-0.5238747138322762 -7.411582531485468 0.02391011209979404
-0.5238747138322762 -6.840237305249354 0.058556530927919966
-0.5238747138322762 -6.3282553512200845 0.07332816288287652
-0.5238747138322762 -5.8540950560304035 0.05536338166451596
-0.5238747138322762 -5.406654247970128 0.027888330985253455
-0.5238747138322762 -4.979260978545257 0.009875970195907654
-0.5238747138322762 -4.567502072844396 0.0025781375649402364
-0.5238747138322762 -4.168257066832499 0.0005044776788630201
-0.5238747138322762 -3.7792067534352225 7.728593648362978e-05
-0.5238747138322762 -3.3985582658596285 8.994363074045456e-06
-0.5238747138322762 -3.0248798839012845 9.074428109196765e-07
-0.5238747138322762 -2.6569959984428952 5.7041578277439865e-08
-0.5238747138322762 -2.2939171418750837 6.400158910046333e-09
-0.5238747138322762 -1.9347914722822965 6.986916878369739e-11
-0.5238747138322762 -1.578869894931614 3.187941289388732e-10
-0.5238747138322762 -1.225480109046289 2.636935772881267e-10
-0.5238747138322762 -0.8740066123570872 2.462947104172975e-10
-0.5238747138322762 -0.5238747138322762 2.7082653993451224e-10
-0.5238747138322762 -0.17453721459758154 2.607563572393208e-10
-0.5238747138322762 0.17453721459758323 2.607563572467119e-10
-0.5238747138322762 0.5238747138322778 2.708265399320135e-10
-0.5238747138322762 0.8740066123570885 2.462947104122569e-10
-0.5238747138322762 1.2254801090462892 2.6369357728489164e-10
-0.5238747138322762 1.578869894931614 3.187941289479567e-10
-0.5238747138322762 1.9347914722822956 6.986916878833015e-11
-0.5238747138322762 2.2939171418750837 6.400158909985464e-09
-0.5238747138322762 2.656995998442896 5.7041578277311917e-08
-0.5238747138322762 3.024879883901285 9.074428109170686e-07
-0.5238747138322762 3.398558265859627 8.994363073994398e-06
-0.5238747138322762 3.779206753435224 7.728593648308001e-05
-0.5238747138322762 4.168257066832501 0.0005044776788599137
-0.5238747138322762 4.5675020728443965 0.0025781375649335113
-0.5238747138322762 4.9792609785452555 0.00987597019579522
-0.5238747138322762 5.406654247970126 0.02788833098191837
-0.5238747138322762 5.854095056030399 0.05536338167762799
-0.5238747138322762 6.328255351220081 0.07332816436762282
-0.5238747138322762 6.840237305249354 0.0585565390555494
-0.5238747138322762 7.411582531485466 0.023910155396908862
-0.5238747138322762 8.098761139250847 0.0030712389266709344
-0.17453721459758154 -8.09876113925085 0.003208851801186998
-0.17453721459758154 -7.411582531485468 0.024601284075628727
-0.17453721459758154 -6.840237305249354 0.05923116208547046
-0.17453721459758154 -6.3282553512200845 0.07283994512227128
-0.17453721459758154 -5.8540950560304035 0.05390761808530759
-0.17453721459758154 -5.406654247970128 0.02656483779467141
-0.17453721459758154 -4.979260978545257 0.009175890424551292
-0.17453721459758154 -4.567502072844396 0.002329267797423274
-0.17453721459758154 -4.168257066832499 0.0004409602502064115
-0.17453721459758154 -3.7792067534352225 6.510636919777206e-05
-0.17453721459758154 -3.3985582658596285 7.216424222212001e-06
-0.17453721459758154 -3.0248798839012845 6.977703900798888e-07
-0.17453721459758154 -2.6569959984428952 3.951142383627408e-08
-0.17453721459758154 -2.2939171418750837 4.8940278039714765e-09
-0.17453721459758154 -1.9347914722822965 1.095033257766733e-10
-0.17453721459758154 -1.578869894931614 3.537588369921678e-10
-0.17453721459758154 -1.225480109046289 2.5302764233119203e-10
-0.17453721459758154 -0.8740066123570872 2.703978925454705e-10
-0.17453721459758154 -0.5238747138322762 2.6075635722486804e-10
-0.17453721459758154 -0.17453721459758154 2.663068190315162e-10
-0.17453721459758154 0.17453721459758323 2.663068190272933e-10
-0.17453721459758154 0.5238747138322778 2.607563572276258e-10
-0.17453721459758154 0.8740066123570885 2.703978925492825e-10
-0.17453721459758154 1.2254801090462892 2.530276423399638e-10
-0.17453721459758154 1.578869894931614 3.537588369874362e-10
-0.17453721459758154 1.9347914722822956 1.0950332576748795e-10
-0.17453721459758154 2.2939171418750837 4.894027804046794e-09
-0.17453721459758154 2.656995998442896 3.951142383624805e-08
-0.17453721459758154 3.024879883901285 6.977703900785022e-07
-0.17453721459758154 3.398558265859627 7.216424222173008e-06
-0.17453721459758154 3.779206753435224 6.510636919732386e-05
-0.17453721459758154 4.168257066832501 0.0004409602502037211
-0.17453721459758154 4.5675020728443965 0.0023292677974172046
-0.17453721459758154 4.9792609785452555 0.009175890424446444
-0.17453721459758154 5.406654247970126 0.02656483779149061
-0.17453721459758154 5.854095056030399 0.05390761809808453
-0.17453721459758154 6.328255351220081 0.07283994659869393
-0.17453721459758154 6.840237305249354 0.05923117031719697
-0.17453721459758154 7.411582531485466 0.024601328694597732
-0.17453721459758154 8.098761139250847 0.0032088787800475353
0.17453721459758323 -8.09876113925085 0.003208851801186785
0.17453721459758323 -7.411582531485468 0.02460128407562598
0.17453721459758323 -6.840237305249354 0.05923116208546091
0.17453721459758323 -6.3282553512200845 0.07283994512225657
0.17453721459758323 -5.8540950560304035 0.053907618085295025
0.17453721459758323 -5.406654247970128 0.026564837794664384
0.17453721459758323 -4.979260978545257 0.009175890424548552
0.17453721459758323 -4.567502072844396 0.0023292677974224604
0.17453721459758323 -4.168257066832499 0.0004409602502061945
0.17453721459758323 -3.7792067534352225 6.510636919773542e-05
0.17453721459758323 -3.3985582658596285 7.216424222202889e-06
0.17453721459758323 -3.0248798839012845 6.977703900805318e-07
0.17453721459758323 -2.6569959984428952 3.9511423836050756e-08
0.17453721459758323 -2.2939171418750837 4.894027803938007e-09
0.17453721459758323 -1.9347914722822965 1.0950332577182836e-10
0.17453721459758323 -1.578869894931614 3.5375883698848786e-10
0.17453721459758323 -1.225480109046289 2.530276423195573e-10
0.17453721459758323 -0.8740066123570872 2.7039789254609085e-10
0.17453721459758323 -0.5238747138322762 2.6075635722270517e-10
0.17453721459758323 -0.17453721459758154 2.663068190306325e-10
0.17453721459758323 0.17453721459758323 2.663068190284081e-10
0.17453721459758323 0.5238747138322778 2.6075635723569356e-10
0.17453721459758323 0.8740066123570885 2.703978925476806e-10
0.17453721459758323 1.2254801090462892 2.5302764235421856e-10
0.17453721459758323 1.578869894931614 3.5375883697889314e-10
0.17453721459758323 1.9347914722822956 1.0950332577643565e-10
0.17453721459758323 2.2939171418750837 4.89402780406022e-09
0.17453721459758323 2.656995998442896 3.9511423836489466e-08
0.17453721459758323 3.024879883901285 6.977703900794655e-07
0.17453721459758323 3.398558265859627 7.216424222175579e-06
0.17453721459758323 3.779206753435224 6.510636919730582e-05
0.17453721459758323 4.168257066832501 0.00044096025020355997
0.17453721459758323 4.5675020728443965 0.0023292677974164587
0.17453721459758323 4.9792609785452555 0.00917589042444375
0.17453721459758323 5.406654247970126 0.026564837791483695
0.17453721459758323 5.854095056030399 0.05390761809807187
0.17453721459758323 6.328255351220081 0.07283994659867915
0.17453721459758323 6.840237305249354 0.059231170317186846
0.17453721459758323 7.411582531485466 0.024601328694594648
0.17453721459758323 8.098761139250847 0.00320887878004729
0.5238747138322778 -8.09876113925085 0.003071213155197951
0.5238747138322778 -7.411582531485468 0.02391011209978591
0.5238747138322778 -6.840237305249354 0.05855653092789144
0.5238747138322778 -6.3282553512200845 0.07332816288283199
0.5238747138322778 -5.8540950560304035 0.05536338166447716
0.5238747138322778 -5.406654247970128 0.027888330985231625
0.5238747138322778 -4.979260978545257 0.009875970195898922
0.5238747138322778 -4.567502072844396 0.002578137564937576
0.5238747138322778 -4.168257066832499 0.0005044776788623826
0.5238747138322778 -3.7792067534352225 7.728593648350582e-05
0.5238747138322778 -3.3985582658596285 8.994363074024005e-06
0.5238747138322778 -3.0248798839012845 9.074428109194261e-07
0.5238747138322778 -2.6569959984428952 5.7041578277305504e-08
0.5238747138322778 -2.2939171418750837 6.400158910133073e-09
0.5238747138322778 -1.9347914722822965 6.986916878721252e-11
0.5238747138322778 -1.578869894931614 3.1879412895316456e-10
0.5238747138322778 -1.225480109046289 2.6369357727023116e-10
0.5238747138322778 -0.8740066123570872 2.462947104165648e-10
0.5238747138322778 -0.5238747138322762 2.70826539939874e-10
0.5238747138322778 -0.17453721459758154 2.6075635724925627e-10
0.5238747138322778 0.17453721459758323 2.607563572383529e-10
0.5238747138322778 0.5238747138322778 2.708265399275356e-10
0.5238747138322778 0.8740066123570885 2.4629471041073196e-10
0.5238747138322778 1.2254801090462892 2.636935772819016e-10
0.5238747138322778 1.578869894931614 3.187941289518978e-10
0.5238747138322778 1.9347914722822956 6.986916878497499e-11
0.5238747138322778 2.2939171418750837 6.4001589101005035e-09
0.5238747138322778 2.656995998442896 5.704157827755238e-08
0.5238747138322778 3.024879883901285 9.074428109177249e-07
0.5238747138322778 3.398558265859627 8.99436307398455e-06
0.5238747138322778 3.779206753435224 7.728593648299585e-05
0.5238747138322778 4.168257066832501 0.0005044776788593913
0.5238747138322778 4.5675020728443965 0.0025781375649309942
0.5238747138322778 4.9792609785452555 0.009875970195786487
0.5238747138322778 5.406654247970126 0.02788833098189641
0.5238747138322778 5.854095056030399 0.05536338167758925
0.5238747138322778 6.328255351220081 0.07332816436757872
0.5238747138322778 6.840237305249354 0.058556539055520315
0.5238747138322778 7.411582531485466 0.02391015539689992
0.5238747138322778 8.098761139250847 0.003071238926670224
0.8740066123570885 -8.09876113925085 0.002809154586332755
0.8740066123570885 -7.411582531485468 0.02254776294377716
0.8740066123570885 -6.840237305249354 0.05711845065616088
0.8740066123570885 -6.3282553512200845 0.07414289238975445
0.8740066123570885 -5.8540950560304035 0.0582306997457609
0.8740066123570885 -5.406654247970128 0.030631446785556318
0.8740066123570885 -4.979260978545257 0.011391317591546943
0.8740066123570885 -4.567502072844396 0.003141432136851508
0.8740066123570885 -4.168257066832499 0.0006555703008192652
0.8740066123570885 -3.7792067534352225 0.0001079461296613064
0.8740066123570885 -3.3985582658596285 1.3797458487638143e-05
0.8740066123570885 -3.0248798839012845 1.5242661871145786e-06
0.8740066123570885 -2.6569959984428952 1.1810805057921152e-07
0.8740066123570885 -2.2939171418750837 1.3169948732431247e-08
0.8740066123570885 -1.9347914722822965 3.890063022939499e-10
0.8740066123570885 -1.578869894931614 5.056743360994913e-10
0.8740066123570885 -1.225480109046289 2.1279400103551138e-10
0.8740066123570885 -0.8740066123570872 2.8928612611113527e-10
0.8740066123570885 -0.5238747138322762 2.462947103918108e-10
0.8740066123570885 -0.17453721459758154 2.703978925312214e-10
0.8740066123570885 0.17453721459758323 2.703978925673545e-10
0.8740066123570885 0.5238747138322778 2.4629471040569236e-10
0.8740066123570885 0.8740066123570885 2.8928612609831697e-10
0.8740066123570885 1.2254801090462892 2.1279400103192054e-10
0.8740066123570885 1.578869894931614 5.056743361038518e-10
0.8740066123570885 1.9347914722822956 3.89006302339523e-10
0.8740066123570885 2.2939171418750837 1.3169948732597654e-08
0.8740066123570885 2.656995998442896 1.1810805057949135e-07
0.8740066123570885 3.024879883901285 1.524266187109813e-06
0.8740066123570885 3.398558265859627 1.3797458487568585e-05
0.8740066123570885 3.779206753435224 0.00010794612966056749
0.8740066123570885 4.168257066832501 0.000655570300815347
0.8740066123570885 4.5675020728443965 0.003141432136843695
0.8740066123570885 4.9792609785452555 0.011391317591418244
0.8740066123570885 5.406654247970126 0.030631446781900842
0.8740066123570885 5.854095056030399 0.05823069975953033
0.8740066123570885 6.328255351220081 0.07414289388777569
0.8740066123570885 6.840237305249354 0.05711845856377906
0.8740066123570885 7.411582531485466 0.022547803643968172
0.8740066123570885 8.098761139250847 0.0028091780666150866
1.2254801090462892 -8.09876113925085 0.0024481593782988533
1.2254801090462892 -7.411582531485468 0.020562507127997644
1.2254801090462892 -6.840237305249354 0.05476030955137755
1.2254801090462892 -6.3282553512200845 0.074951103580416
1.2254801090462892 -5.8540950560304035 0.062379660076983943
1.2254801090462892 -5.406654247970128 0.034964539049188094
1.2254801090462892 -4.979260978545257 0.013963307096376004
1.2254801090462892 -4.567502072844396 0.004169739246341506
1.2254801090462892 -4.168257066832499 0.0009543178417476732
1.2254801090462892 -3.7792067534352225 0.0001742213718605855
1.2254801090462892 -3.3985582658596285 2.532560343034099e-05
1.2254801090462892 -3.0248798839012845 3.1759456304590564e-06
1.2254801090462892 -2.6569959984428952 3.05737990142936e-07
1.2254801090462892 -2.2939171418750837 3.330534912594276e-08
1.2254801090462892 -1.9347914722822965 1.3025251174341275e-09
1.2254801090462892 -1.578869894931614 4.948969327284521e-10
1.2254801090462892 -1.225480109046289 1.744757040820959e-10
1.2254801090462892 -0.8740066123570872 2.127940010355538e-10
1.2254801090462892 -0.5238747138322762 2.636935772668542e-10
1.2254801090462892 -0.17453721459758154 2.53027642327942e-10
1.2254801090462892 0.17453721459758323 2.5302764232745746e-10
1.2254801090462892 0.5238747138322778 2.636935772781685e-10
1.2254801090462892 0.8740066123570885 2.1279400103394814e-10
1.2254801090462892 1.2254801090462892 1.7447570409070307e-10
1.2254801090462892 1.578869894931614 4.948969327130606e-10
1.2254801090462892 1.9347914722822956 1.3025251174948447e-09
1.2254801090462892 2.2939171418750837 3.33053491262922e-08
1.2254801090462892 2.656995998442896 3.057379901433677e-07
1.2254801090462892 3.024879883901285 3.1759456304462624e-06
1.2254801090462892 3.398558265859627 2.5325603430207087e-05
1.2254801090462892 3.779206753435224 0.00017422137185937406
1.2254801090462892 4.168257066832501 0.0009543178417420151
1.2254801090462892 4.5675020728443965 0.0041697392463315355
1.2254801090462892 4.9792609785452555 0.01396330709622024
1.2254801090462892 5.406654247970126 0.03496453904502963
1.2254801090462892 5.854095056030399 0.062379660091697896
1.2254801090462892 6.328255351220081 0.0749511050897688
1.2254801090462892 6.840237305249354 0.05476031710260975
1.2254801090462892 7.411582531485466 0.020562544064241028
1.2254801090462892 8.098761139250847 0.0024481797198269905
1.578869894931614 -8.09876113925085 0.0020236995080340236
1.578869894931614 -7.411582531485468 0.01804416585594765
1.578869894931614 -6.840237305249354 0.05130213352811897
1.578869894931614 -6.3282553512200845 0.07524183607545436
1.578869894931614 -5.8540950560304035 0.06751274787565323
1.578869894931614 -5.406654247970128 0.04107420979289109
1.578869894931614 -4.979260978545257 0.017972117456100684
1.578869894931614 -4.567502072844396 0.005939859235298381
1.578869894931614 -4.168257066832499 0.001526860533072123
1.578869894931614 -3.7792067534352225 0.0003173500576649655
1.578869894931614 -3.3985582658596285 5.396621737974441e-05
1.578869894931614 -3.0248798839012845 7.992343780617623e-06
1.578869894931614 -2.6569959984428952 9.929545768370871e-07
1.578869894931614 -2.2939171418750837 1.2915810993972355e-07
1.578869894931614 -1.9347914722822965 1.2852530367215304e-08
1.578869894931614 -1.578869894931614 2.992871486897397e-09
1.578869894931614 -1.225480109046289 4.948969327049937e-10
1.578869894931614 -0.8740066123570872 5.056743360644459e-10
1.578869894931614 -0.5238747138322762 3.187941289598126e-10
1.578869894931614 -0.17453721459758154 3.537588369926808e-10
1.578869894931614 0.17453721459758323 3.5375883699536965e-10
1.578869894931614 0.5238747138322778 3.1879412895152214e-10
1.578869894931614 0.8740066123570885 5.056743361002783e-10
1.578869894931614 1.2254801090462892 4.948969327416967e-10
1.578869894931614 1.578869894931614 2.9928714869412656e-09
1.578869894931614 1.9347914722822956 1.2852530367339639e-08
1.578869894931614 2.2939171418750837 1.2915810993953032e-07
1.578869894931614 2.656995998442896 9.929545768349232e-07
1.578869894931614 3.024879883901285 7.99234378057801e-06
1.578869894931614 3.398558265859627 5.396621737944137e-05
1.578869894931614 3.779206753435224 0.00031735005766285283
1.578869894931614 4.168257066832501 0.0015268605330634353
1.578869894931614 4.5675020728443965 0.0059398592352852796
1.578869894931614 4.9792609785452555 0.017972117455903158
1.578869894931614 5.406654247970126 0.041074209788027616
1.578869894931614 5.854095056030399 0.06751274789152208
1.578869894931614 6.328255351220081 0.07524183758375713
1.578869894931614 6.840237305249354 0.05130214056407662
1.578869894931614 7.411582531485466 0.0180441980528894
1.578869894931614 8.098761139250847 0.0020237161875779073
1.9347914722822956 -8.09876113925085 0.0015772035746997532
1.9347914722822956 -7.411582531485468 0.015135971909754409
1.9347914722822956 -6.840237305249354 0.0466094864620495
1.9347914722822956 -6.3282553512200845 0.0743478771162715
1.9347914722822956 -5.8540950560304035 0.07305254835174757
1.9347914722822956 -5.406654247970128 0.04904196444946551
1.9347914722822956 -4.979260978545257 0.023922791932536172
1.9347914722822956 -4.567502072844396 0.008913329322344565
1.9347914722822956 -4.168257066832499 0.0026227334546816768
1.9347914722822956 -3.7792067534352225 0.0006332127233974867
1.9347914722822956 -3.3985582658596285 0.0001281711595540946
1.9347914722822956 -3.0248798839012845 2.2854438072637636e-05
1.9347914722822956 -2.6569959984428952 3.591722993267001e-06
1.9347914722822956 -2.2939171418750837 5.560288504031434e-07
1.9347914722822956 -1.9347914722822965 7.534511581481553e-08
1.9347914722822956 -1.578869894931614 1.2852530367206663e-08
1.9347914722822956 -1.225480109046289 1.3025251174275297e-09
1.9347914722822956 -0.8740066123570872 3.890063022983333e-10
1.9347914722822956 -0.5238747138322762 6.986916878614051e-11
1.9347914722822956 -0.17453721459758154 1.095033257807242e-10
1.9347914722822956 0.17453721459758323 1.0950332577602048e-10
1.9347914722822956 0.5238747138322778 6.986916878672604e-11
1.9347914722822956 0.8740066123570885 3.890063023324385e-10
1.9347914722822956 1.2254801090462892 1.3025251175008287e-09
1.9347914722822956 1.578869894931614 1.2852530367313229e-08
1.9347914722822956 1.9347914722822956 7.534511581485894e-08
1.9347914722822956 2.2939171418750837 5.560288504007261e-07
1.9347914722822956 2.656995998442896 3.591722993250733e-06
1.9347914722822956 3.024879883901285 2.2854438072515764e-05
1.9347914722822956 3.398558265859627 0.00012817115955339578
1.9347914722822956 3.779206753435224 0.0006332127233934341
1.9347914722822956 4.168257066832501 0.002622733454667505
1.9347914722822956 4.5675020728443965 0.008913329322327246
1.9347914722822956 4.9792609785452555 0.02392279193227889
1.9347914722822956 5.406654247970126 0.049041964443692646
1.9347914722822956 5.854095056030399 0.07305254836883784
1.9347914722822956 6.328255351220081 0.07434787859777363
1.9347914722822956 6.840237305249354 0.04660949280924697
1.9347914722822956 7.411582531485466 0.015135998685081954
1.9347914722822956 8.098761139250847 0.001577216440649122
2.2939171418750837 -8.09876113925085 0.0011502539045916444
2.2939171418750837 -7.411582531485468 0.01203651212302035
2.2939171418750837 -6.840237305249354 0.04067993857930004
2.2939171418750837 -6.3282553512200845 0.0715302983489406
2.2939171418750837 -5.8540950560304035 0.07803559253300316
2.2939171418750837 -5.406654247970128 0.05863463353625335
2.2939171418750837 -4.979260978545257 0.03235269538065336
2.2939171418750837 -4.567502072844396 0.013792148408860913
2.2939171418750837 -4.168257066832499 0.0047132216690317155
2.2939171418750837 -3.7792067534352225 0.0013413677482393398
2.2939171418750837 -3.3985582658596285 0.000327096844937095
2.2939171418750837 -3.0248798839012845 7.138916092182623e-05
2.2939171418750837 -2.6569959984428952 1.4285844033611263e-05
2.2939171418750837 -2.2939171418750837 2.825160453844415e-06
2.2939171418750837 -1.9347914722822965 5.560288504023365e-07
2.2939171418750837 -1.578869894931614 1.291581099392261e-07
2.2939171418750837 -1.225480109046289 3.3305349125763854e-08
2.2939171418750837 -0.8740066123570872 1.316994873237698e-08
2.2939171418750837 -0.5238747138322762 6.4001589100531474e-09
2.2939171418750837 -0.17453721459758154 4.894027803996939e-09
2.2939171418750837 0.17453721459758323 4.894027804026987e-09
2.2939171418750837 0.5238747138322778 6.400158910106039e-09
2.2939171418750837 0.8740066123570885 1.3169948732459126e-08
2.2939171418750837 1.2254801090462892 3.330534912621395e-08
2.2939171418750837 1.578869894931614 1.2915810993945993e-07
2.2939171418750837 1.9347914722822956 5.56028850400754e-07
2.2939171418750837 2.2939171418750837 2.8251604538333035e-06
2.2939171418750837 2.656995998442896 1.4285844033539554e-05
2.2939171418750837 3.024879883901285 7.138916092145188e-05
2.2939171418750837 3.398558265859627 0.0003270968449353446
2.2939171418750837 3.779206753435224 0.0013413677482311006
2.2939171418750837 4.168257066832501 0.004713221669007771
2.2939171418750837 4.5675020728443965 0.01379214840883763
2.2939171418750837 4.9792609785452555 0.03235269538031415
2.2939171418750837 5.406654247970126 0.05863463352940135
2.2939171418750837 5.854095056030399 0.07803559255114985
2.2939171418750837 6.328255351220081 0.07153029976353104
2.2939171418750837 6.840237305249354 0.0406799440696274
2.2939171418750837 7.411582531485466 0.012036533186005411
2.2939171418750837 8.098761139250847 0.0011502631688324028
2.656995998442896 -8.09876113925085 0.0007778480599927633
2.656995998442896 -7.411582531485468 0.008983894621537283
2.656995998442896 -6.840237305249354 0.03372503468338108
2.656995998442896 -6.3282553512200845 0.06615429838998571
2.656995998442896 -5.8540950560304035 0.08108972690068866
2.656995998442896 -5.406654247970128 0.06901244284500022
2.656995998442896 -4.979260978545257 0.04357502332871385
2.656995998442896 -4.567502072844396 0.021494992383178205
2.656995998442896 -4.168257066832499 0.00861660327824596
2.656995998442896 -3.7792067534352225 0.0029162862724495214
2.656995998442896 -3.3985582658596285 0.0008606063480705785
2.656995998442896 -3.0248798839012845 0.00023037044201370302
2.656995998442896 -2.6569959984428952 5.774881630896017e-05
2.656995998442896 -2.2939171418750837 1.4285844033597904e-05
2.656995998442896 -1.9347914722822965 3.591722993258912e-06
2.656995998442896 -1.578869894931614 9.929545768329818e-07
2.656995998442896 -1.225480109046289 3.057379901415254e-07
2.656995998442896 -0.8740066123570872 1.181080505782889e-07
2.656995998442896 -0.5238747138322762 5.704157827707129e-08
2.656995998442896 -0.17453721459758154 3.9511423835957636e-08
2.656995998442896 0.17453721459758323 3.95114238359253e-08
2.656995998442896 0.5238747138322778 5.704157827748605e-08
2.656995998442896 0.8740066123570885 1.1810805057871619e-07
2.656995998442896 1.2254801090462892 3.0573799014118107e-07
2.656995998442896 1.578869894931614 9.929545768330824e-07
2.656995998442896 1.9347914722822956 3.591722993247035e-06
2.656995998442896 2.2939171418750837 1.4285844033535097e-05
2.656995998442896 2.656995998442896 5.7748816308653116e-05
2.656995998442896 3.024879883901285 0.000230370442012488
2.656995998442896 3.398558265859627 0.0008606063480661282
2.656995998442896 3.779206753435224 0.002916286272432418
2.656995998442896 4.168257066832501 0.008616603278204552
2.656995998442896 4.5675020728443965 0.021494992383147324
2.656995998442896 4.9792609785452555 0.043575023328269985
2.656995998442896 5.406654247970126 0.0690124428370078
2.656995998442896 5.854095056030399 0.08108972691940342
2.656995998442896 6.328255351220081 0.0661542996859533
2.656995998442896 6.840237305249354 0.033725039184777574
2.656995998442896 7.411582531485466 0.008983910134639093
2.656995998442896 8.098761139250847 0.0007778542290814567
3.024879883901285 -8.09876113925085 0.00048245741859615144
3.024879883901285 -7.411582531485468 0.006219503661602797
3.024879883901285 -6.840237305249354 0.02620927253889959
3.024879883901285 -6.3282553512200845 0.05794929448347004
3.024879883901285 -5.8540950560304035 0.08061207472863945
3.024879883901285 -5.406654247970128 0.07845876110398022
3.024879883901285 -4.979260978545257 0.057195522791232474
3.024879883901285 -4.567502072844396 0.03290884281626767
3.024879883901285 -4.168257066832499 0.01557253622958747
3.024879883901285 -3.7792067534352225 0.0062966785660632405
3.024879883901285 -3.3985582658596285 0.0022510547730890166
3.024879883901285 -3.0248798839012845 0.0007386172605688871
3.024879883901285 -2.6569959984428952 0.00023037044201355212
3.024879883901285 -2.2939171418750837 7.138916092171248e-05
3.024879883901285 -1.9347914722822965 2.2854438072569344e-05
3.024879883901285 -1.578869894931614 7.992343780581197e-06
3.024879883901285 -1.225480109046289 3.175945630440538e-06
3.024879883901285 -0.8740066123570872 1.5242661871048606e-06
3.024879883901285 -0.5238747138322762 9.074428109128505e-07
3.024879883901285 -0.17453721459758154 6.977703900759903e-07
3.024879883901285 0.17453721459758323 6.977703900757705e-07
3.024879883901285 0.5238747138322778 9.074428109147493e-07
3.024879883901285 0.8740066123570885 1.524266187106618e-06
3.024879883901285 1.2254801090462892 3.1759456304389605e-06
3.024879883901285 1.578869894931614 7.992343780566332e-06
3.024879883901285 1.9347914722822956 2.2854438072493254e-05
3.024879883901285 2.2939171418750837 7.138916092141021e-05
3.024879883901285 2.656995998442896 0.00023037044201244702
3.024879883901285 3.024879883901285 0.0007386172605652015
3.024879883901285 3.398558265859627 0.0022510547730780197
3.024879883901285 3.779206753435224 0.006296678566028241
3.024879883901285 4.168257066832501 0.01557253622951703
3.024879883901285 4.5675020728443965 0.03290884281622891
3.024879883901285 4.9792609785452555 0.05719552279066684
3.024879883901285 5.406654247970126 0.07845876109499218
3.024879883901285 5.854095056030399 0.08061207474706872
3.024879883901285 6.328255351220081 0.05794929560553801
3.024879883901285 6.840237305249354 0.02620927598979359
3.024879883901285 7.411582531485466 0.006219514228761605
3.024879883901285 8.098761139250847 0.00048246117540665746
3.398558265859627 -8.09876113925085 0.0002709452437558202
3.398558265859627 -7.411582531485468 0.003938443789689978
3.398558265859627 -6.840237305249354 0.018803437684949582
3.398558265859627 -6.3282553512200845 0.04727386200890354
3.398558265859627 -5.8540950560304035 0.07524063026282884
3.398558265859627 -5.406654247970128 0.0843751827179911
3.398558265859627 -4.979260978545257 0.07146861193633999
3.398558265859627 -4.567502072844396 0.04820820401620986
3.398558265859627 -4.168257066832499 0.027010119696121365
3.398558265859627 -3.7792067534352225 0.013056644353660888
3.398558265859627 -3.3985582658596285 0.005636559648767764
3.398558265859627 -3.0248798839012845 0.002251054773087961
3.398558265859627 -2.6569959984428952 0.0008606063480695691
3.398558265859627 -2.2939171418750837 0.0003270968449364014
3.398558265859627 -1.9347914722822965 0.00012817115955369068
3.398558265859627 -1.578869894931614 5.3966217379499375e-05
3.398558265859627 -1.225480109046289 2.5325603430198884e-05
3.398558265859627 -0.8740066123570872 1.3797458487552779e-05
3.398558265859627 -0.5238747138322762 8.994363073966751e-06
3.398558265859627 -0.17453721459758154 7.216424222157847e-06
3.398558265859627 0.17453721459758323 7.216424222156786e-06
3.398558265859627 0.5238747138322778 8.994363073965287e-06
3.398558265859627 0.8740066123570885 1.3797458487541529e-05
3.398558265859627 1.2254801090462892 2.5325603430166304e-05
3.398558265859627 1.578869894931614 5.396621737937423e-05
3.398558265859627 1.9347914722822956 0.00012817115955329013
3.398558265859627 2.2939171418750837 0.00032709684493519465
3.398558265859627 2.656995998442896 0.0008606063480659272
3.398558265859627 3.024879883901285 0.002251054773077849
3.398558265859627 3.398558265859627 0.0056365596487426475
3.398558265859627 3.779206753435224 0.013056644353592935
3.398558265859627 4.168257066832501 0.027010119696007688
3.398558265859627 4.5675020728443965 0.04820820401616582
3.398558265859627 4.9792609785452555 0.07146861193565648
3.398558265859627 5.406654247970126 0.08437518270845086
3.398558265859627 5.854095056030399 0.07524063027982802
3.398558265859627 6.328255351220081 0.047273862911241644
3.398558265859627 6.840237305249354 0.018803440119891848
3.398558265859627 7.411582531485466 0.003938450351675219
3.398558265859627 8.098761139250847 0.0002709473083989827
3.779206753435224 -8.09876113925085 0.0001356777396199888
3.779206753435224 -7.411582531485468 0.0022441769780909104
3.779206753435224 -6.840237305249354 0.012234590719321153
3.779206753435224 -6.3282553512200845 0.035229065445943605
3.779206753435224 -5.8540950560304035 0.06456483753073732
3.779206753435224 -5.406654247970128 0.08388234814443123
3.779206753435224 -4.979260978545257 0.08290477457360798
3.779206753435224 -4.567502072844396 0.06573615176039123
3.779206753435224 -4.168257066832499 0.0436329280189304
3.779206753435224 -3.7792067534352225 0.025170670109667163
3.779206753435224 -3.3985582658596285 0.013056644353644273
3.779206753435224 -3.0248798839012845 0.006296678566052419
3.779206753435224 -2.6569959984428952 0.0029162862724425582
3.779206753435224 -2.2939171418750837 0.0013413677482349438
3.779206753435224 -1.9347914722822965 0.0006332127233948134
3.779206753435224 -1.578869894931614 0.00031735005766328196
3.779206753435224 -1.225480109046289 0.00017422137185947505
3.779206753435224 -0.8740066123570872 0.00010794612966052425
3.779206753435224 -0.5238747138322762 7.728593648292517e-05
3.779206753435224 -0.17453721459758154 6.510636919719994e-05
3.779206753435224 0.17453721459758323 6.510636919717387e-05
3.779206753435224 0.5238747138322778 7.728593648285322e-05
3.779206753435224 0.8740066123570885 0.00010794612966039085
3.779206753435224 1.2254801090462892 0.00017422137185915662
3.779206753435224 1.578869894931614 0.0003173500576625156
3.779206753435224 1.9347914722822956 0.0006332127233929514
3.779206753435224 2.2939171418750837 0.001341367748230393
3.779206753435224 2.656995998442896 0.0029162862724314413
3.779206753435224 3.024879883901285 0.0062966785660269866
3.779206753435224 3.398558265859627 0.013056644353591827
3.779206753435224 3.779206753435224 0.025170670109546475
3.779206753435224 4.168257066832501 0.043632928018761945
3.779206753435224 4.5675020728443965 0.06573615176034914
3.779206753435224 4.9792609785452555 0.08290477457284527
3.779206753435224 5.406654247970126 0.08388234813509657
3.779206753435224 5.854095056030399 0.06456483754511183
3.779206753435224 6.328255351220081 0.03522906610664644
3.779206753435224 6.840237305249354 0.012234592271811917
3.779206753435224 7.411582531485466 0.0022441806301597713
3.779206753435224 8.098761139250847 0.00013567874760339165
4.168257066832501 -8.09876113925085 5.947883406361061e-05
4.168257066832501 -7.411582531485468 0.001128537744219184
4.168257066832501 -6.840237305249354 0.007071342736919308
4.168257066832501 -6.3282553512200845 0.023455924471115785
4.168257066832501 -5.8540950560304035 0.0497408001499436
4.168257066832501 -5.406654247970128 0.07515220285007168
4.168257066832501 -4.979260978545257 0.08687319502290934
4.168257066832501 -4.567502072844396 0.08102805240948692
4.168257066832501 -4.168257066832499 0.06362514774817096
4.168257066832501 -3.7792067534352225 0.043632928018950586
4.168257066832501 -3.3985582658596285 0.027010119696100402
4.168257066832501 -3.0248798839012845 0.015572536229568851
4.168257066832501 -2.6569959984428952 0.008616603278230273
4.168257066832501 -2.2939171418750837 0.004713221669019456
4.168257066832501 -1.9347914722822965 0.002622733454672773
4.168257066832501 -1.578869894931614 0.001526860533065557
4.168257066832501 -1.225480109046289 0.000954317841742737
4.168257066832501 -0.8740066123570872 0.0006555703008153588
4.168257066832501 -0.5238747138322762 0.0005044776788590629
4.168257066832501 -0.17453721459758154 0.0004409602502029864
4.168257066832501 0.17453721459758323 0.0004409602502028468
4.168257066832501 0.5238747138322778 0.0005044776788585985
4.168257066832501 0.8740066123570885 0.0006555703008144282
4.168257066832501 1.2254801090462892 0.0009543178417409711
4.168257066832501 1.578869894931614 0.001526860533062047
4.168257066832501 1.9347914722822956 0.0026227334546656557
4.168257066832501 2.2939171418750837 0.004713221669005087
4.168257066832501 2.656995998442896 0.00861660327820105
4.168257066832501 3.024879883901285 0.01557253622951268
4.168257066832501 3.398558265859627 0.027010119696003223
4.168257066832501 3.779206753435224 0.04363292801875857
4.168257066832501 4.168257066832501 0.06362514774794846
4.168257066832501 4.5675020728443965 0.0810280524094583
4.168257066832501 4.9792609785452555 0.0868731950221453
4.168257066832501 5.406654247970126 0.07515220284187074
4.168257066832501 5.854095056030399 0.049740800160817264
4.168257066832501 6.328255351220081 0.02345592490157901
4.168257066832501 6.840237305249354 0.007071343612243898
4.168257066832501 7.411582531485466 0.0011285395293635918
4.168257066832501 8.098761139250847 5.947926303939311e-05
4.5675020728443965 -8.09876113925085 2.2320875676714205e-05
4.5675020728443965 -7.411582531485468 0.0004892546592148156
4.5675020728443965 -6.840237305249354 0.0035422203771254927
4.5675020728443965 -6.3282553512200845 0.013595844388096941
4.5675020728443965 -5.8540950560304035 0.03347607440088097
4.5675020728443965 -5.406654247970128 0.05895626194426548
4.5675020728443965 -4.979260978545257 0.07978062695369871
4.5675020728443965 -4.567502072844396 0.0874670773391931
4.5675020728443965 -4.168257066832499 0.08102805240970724
4.5675020728443965 -3.7792067534352225 0.0657361517606036
4.5675020728443965 -3.3985582658596285 0.048208204016309646
4.5675020728443965 -3.0248798839012845 0.0329088428163243
4.5675020728443965 -2.6569959984428952 0.02149499238320305
4.5675020728443965 -2.2939171418750837 0.013792148408867212
4.5675020728443965 -1.9347914722822965 0.008913329322342707
4.5675020728443965 -1.578869894931614 0.005939859235292572
4.5675020728443965 -1.225480109046289 0.004169739246334332
4.5675020728443965 -0.8740066123570872 0.0031414321368439515
4.5675020728443965 -0.5238747138322762 0.0025781375649295882
4.5675020728443965 -0.17453721459758154 0.0023292677974137144
4.5675020728443965 0.17453721459758323 0.0023292677974131124
4.5675020728443965 0.5238747138322778 0.002578137564927425
4.5675020728443965 0.8740066123570885 0.003141432136839786
4.5675020728443965 1.2254801090462892 0.0041697392463271865
4.5675020728443965 1.578869894931614 0.005939859235280123
4.5675020728443965 1.9347914722822956 0.00891332932232095
4.5675020728443965 2.2939171418750837 0.013792148408829679
4.5675020728443965 2.656995998442896 0.02149499238313728
4.5675020728443965 3.024879883901285 0.03290884281621723
4.5675020728443965 3.398558265859627 0.048208204016153625
4.5675020728443965 3.779206753435224 0.06573615176033874
4.5675020728443965 4.168257066832501 0.08102805240945239
4.5675020728443965 4.5675020728443965 0.08746707733918754
4.5675020728443965 4.9792609785452555 0.07978062695303247
4.5675020728443965 5.406654247970126 0.05895626193798558
4.5675020728443965 5.854095056030399 0.03347607440803293
4.5675020728443965 6.328255351220081 0.013595844630977351
4.5675020728443965 6.840237305249354 0.003542220802430977
4.5675020728443965 7.411582531485466 0.0004892554070409124
4.5675020728443965 8.098761139250847 2.2321031189504984e-05
4.9792609785452555 -8.09876113925085 6.9723684542106584e-06
4.9792609785452555 -7.411582531485468 0.00017764819161859347
4.9792609785452555 -6.840237305249354 0.0014923969531989846
4.9792609785452555 -6.3282553512200845 0.0066501813130543045
4.9792609785452555 -5.8540950560304035 0.019055581063728184
4.9792609785452555 -5.406654247970128 0.03916329485065219
4.9792609785452555 -4.979260978545257 0.06202352883926468
4.9792609785452555 -4.567502072844396 0.07978062695301058
4.9792609785452555 -4.168257066832499 0.08687319502237655
4.9792609785452555 -3.7792067534352225 0.08290477457313068
4.9792609785452555 -3.3985582658596285 0.07146861193584189
4.9792609785452555 -3.0248798839012845 0.05719552279081145
4.9792609785452555 -2.6569959984428952 0.04357502332836754
4.9792609785452555 -2.2939171418750837 0.03235269538037345
4.9792609785452555 -1.9347914722822965 0.023922791932314075
4.9792609785452555 -1.578869894931614 0.01797211745592125
4.9792609785452555 -1.225480109046289 0.013963307096227503
4.9792609785452555 -0.8740066123570872 0.011391317591418364
4.9792609785452555 -0.5238747138322762 0.009875970195781139
4.9792609785452555 -0.17453721459758154 0.009175890424433751
4.9792609785452555 0.17453721459758323 0.009175890424431645
4.9792609785452555 0.5238747138322778 0.009875970195774136
4.9792609785452555 0.8740066123570885 0.0113913175914054
4.9792609785452555 1.2254801090462892 0.013963307096206351
4.9792609785452555 1.578869894931614 0.017972117455888108
4.9792609785452555 1.9347914722822956 0.023922791932262075
4.9792609785452555 2.2939171418750837 0.0323526953802948
4.9792609785452555 2.656995998442896 0.043575023328247614
4.9792609785452555 3.024879883901285 0.057195522790643244
4.9792609785452555 3.398558265859627 0.0714686119356334
4.9792609785452555 3.779206753435224 0.0829047745728267
4.9792609785452555 4.168257066832501 0.08687319502213342
4.9792609785452555 4.5675020728443965 0.07978062695302754
4.9792609785452555 4.9792609785452555 0.062023528838776446
4.9792609785452555 5.406654247970126 0.039163294846605
4.9792609785452555 5.854095056030399 0.01905558106768173
4.9792609785452555 6.328255351220081 0.006650181427905363
4.9792609785452555 6.840237305249354 0.0014923971257389174
4.9792609785452555 7.411582531485466 0.0001776484520783395
4.9792609785452555 8.098761139250847 6.972415112820664e-06
5.406654247970126 -8.09876113925085 1.7482477594682773e-06
5.406654247970126 -7.411582531485468 5.20659845332377e-05
5.406654247970126 -6.840237305249354 0.0005092175363146254
5.406654247970126 -6.3282553512200845 0.002640546063505217
5.406654247970126 -5.8540950560304035 0.008817114141884316
5.406654247970126 -5.406654247970128 0.021151967115174065
5.406654247970126 -4.979260978545257 0.039163294846890954
5.406654247970126 -4.567502072844396 0.05895626193795155
5.406654247970126 -4.168257066832499 0.07515220284204085
5.406654247970126 -3.7792067534352225 0.08388234813535149
5.406654247970126 -3.3985582658596285 0.0843751827086383
5.406654247970126 -3.0248798839012845 0.07845876109516323
5.406654247970126 -2.6569959984428952 0.06901244283714028
5.406654247970126 -2.2939171418750837 0.05863463352949176
5.406654247970126 -1.9347914722822965 0.04904196444375157
5.406654247970126 -1.578869894931614 0.04107420978805996
5.406654247970126 -1.225480109046289 0.03496453904504222
5.406654247970126 -0.8740066123570872 0.030631446781898535
5.406654247970126 -0.5238747138322762 0.02788833098188108
5.406654247970126 -0.17453721459758154 0.026564837791456658
5.406654247970126 0.17453721459758323 0.026564837791451225
5.406654247970126 0.5238747138322778 0.02788833098186434
5.406654247970126 0.8740066123570885 0.030631446781868642
5.406654247970126 1.2254801090462892 0.034964539044996426
5.406654247970126 1.578869894931614 0.04107420978799346
5.406654247970126 1.9347914722822956 0.0490419644436572
5.406654247970126 2.2939171418750837 0.05863463352936509
5.406654247970126 2.656995998442896 0.0690124428369707
5.406654247970126 3.024879883901285 0.07845876109495635
5.406654247970126 3.398558265859627 0.0843751827084198
5.406654247970126 3.779206753435224 0.08388234813507346
5.406654247970126 4.168257066832501 0.07515220284185647
5.406654247970126 4.5675020728443965 0.058956261937978635
5.406654247970126 4.9792609785452555 0.03916329484660255
5.406654247970126 5.406654247970126 0.021151967113070557
5.406654247970126 5.854095056030399 0.008817114143645251
5.406654247970126 6.328255351220081 0.0026405461071841744
5.406654247970126 6.840237305249354 0.0005092175924579067
5.406654247970126 7.411582531485466 5.20660570778624e-05
5.406654247970126 8.098761139250847 1.7482589214553332e-06
5.854095056030399 -8.09876113925085 3.3494732984050753e-07
5.854095056030399 -7.411582531485468 1.1722655452343104e-05
5.854095056030399 -6.840237305249354 0.00013384225023191796
5.854095056030399 -6.3282553512200845 0.0008089895135620432
5.854095056030399 -5.8540950560304035 0.0031499468967391394
5.854095056030399 -5.406654247970128 0.008817114144478515
5.854095056030399 -4.979260978545257 0.019055581067809132
5.854095056030399 -4.567502072844396 0.033476074408004285
5.854095056030399 -4.168257066832499 0.0497408001609108
5.854095056030399 -3.7792067534352225 0.06456483754528212
5.854095056030399 -3.3985582658596285 0.07524063027996843
5.854095056030399 -3.0248798839012845 0.08061207474721714
5.854095056030399 -2.6569959984428952 0.08108972691953469
5.854095056030399 -2.2939171418750837 0.07803559255124932
5.854095056030399 -1.9347914722822965 0.07305254836890859
5.854095056030399 -1.578869894931614 0.0675127478915628
5.854095056030399 -1.225480109046289 0.06237966009171267
5.854095056030399 -0.8740066123570872 0.058230699759522934
5.854095056030399 -0.5238747138322762 0.05536338167755949
5.854095056030399 -0.17453721459758154 0.05390761809802079
5.854095056030399 0.17453721459758323 0.053907618098011534
5.854095056030399 0.5238747138322778 0.05536338167753093
5.854095056030399 0.8740066123570885 0.058230699759473155
5.854095056030399 1.2254801090462892 0.062379660091641496
5.854095056030399 1.578869894931614 0.06751274789146693
5.854095056030399 1.9347914722822956 0.07305254836878519
5.854095056030399 2.2939171418750837 0.07803559255110043
5.854095056030399 2.656995998442896 0.08108972691935874
5.854095056030399 3.024879883901285 0.08061207474702989
5.854095056030399 3.398558265859627 0.07524063027979788
5.854095056030399 3.779206753435224 0.06456483754509197
5.854095056030399 4.168257066832501 0.04974080016080601
5.854095056030399 4.5675020728443965 0.0334760744080276
5.854095056030399 4.9792609785452555 0.019055581067679708
5.854095056030399 5.406654247970126 0.008817114143644764
5.854095056030399 5.854095056030399 0.0031499468973371484
5.854095056030399 6.328255351220081 0.0008089895262137848
5.854095056030399 6.840237305249354 0.0001338422641216787
5.854095056030399 7.411582531485466 1.172267078914103e-05
5.854095056030399 8.098761139250847 3.349493541661345e-07
6.328255351220081 -8.09876113925085 4.5655390297154894e-08
6.328255351220081 -7.411582531485468 1.8889660468997609e-06
6.328255351220081 -6.840237305249354 2.5246101031941902e-05
6.328255351220081 -6.3282553512200845 0.00017811635551858693
6.328255351220081 -5.8540950560304035 0.0008089895260704722
6.328255351220081 -5.406654247970128 0.00264054610741701
6.328255351220081 -4.979260978545257 0.0066501814279452025
6.328255351220081 -4.567502072844396 0.013595844630962514
6.328255351220081 -4.168257066832499 0.023455924901614265
6.328255351220081 -3.7792067534352225 0.03522906610672512
6.328255351220081 -3.3985582658596285 0.04727386291131316
6.328255351220081 -3.0248798839012845 0.057949295605625124
6.328255351220081 -2.6569959984428952 0.06615429968604027
6.328255351220081 -2.2939171418750837 0.07153029976360317
6.328255351220081 -1.9347914722822965 0.07434787859782986
6.328255351220081 -1.578869894931614 0.07524183758379084
6.328255351220081 -1.225480109046289 0.07495110508978017
6.328255351220081 -0.8740066123570872 0.07414289388776457
6.328255351220081 -0.5238747138322762 0.0733281643675429
6.328255351220081 -0.17453721459758154 0.07283994659861788
6.328255351220081 0.17453721459758323 0.0728399465986067
6.328255351220081 0.5238747138322778 0.07332816436750932
6.328255351220081 0.8740066123570885 0.07414289388770935
6.328255351220081 1.2254801090462892 0.07495110508970657
6.328255351220081 1.578869894931614 0.07524183758369932
6.328255351220081 1.9347914722822956 0.07434787859772139
6.328255351220081 2.2939171418750837 0.07153029976348692
6.328255351220081 2.656995998442896 0.0661542996859174
6.328255351220081 3.024879883901285 0.05794929560551039
6.328255351220081 3.398558265859627 0.04727386291122274
6.328255351220081 3.779206753435224 0.03522906610663531
6.328255351220081 4.168257066832501 0.023455924901573482
6.328255351220081 4.5675020728443965 0.01359584463097501
6.328255351220081 4.9792609785452555 0.006650181427904418
6.328255351220081 5.406654247970126 0.0026405461071839706
6.328255351220081 5.854095056030399 0.0008089895262137867
6.328255351220081 6.328255351220081 0.0001781163581026834
6.328255351220081 6.840237305249354 2.5246103453203593e-05
6.328255351220081 7.411582531485466 1.8889683310509957e-06
6.328255351220081 8.098761139250847 4.5655649067654116e-08
6.840237305249354 -8.09876113925085 3.9512542285306654e-09
6.840237305249354 -7.411582531485468 1.9483182877340037e-07
6.840237305249354 -6.840237305249354 3.0597997421702964e-06
6.840237305249354 -6.3282553512200845 2.5246103123176002e-05
6.840237305249354 -5.8540950560304035 0.00013384226410019943
6.840237305249354 -5.406654247970128 0.0005092175924985763
6.840237305249354 -4.979260978545257 0.0014923971257466808
6.840237305249354 -4.567502072844396 0.00354222080242649
6.840237305249354 -4.168257066832499 0.0070713436122517
6.840237305249354 -3.7792067534352225 0.012234592271833575
6.840237305249354 -3.3985582658596285 0.01880344011991296
6.840237305249354 -3.0248798839012845 0.026209275989823443
6.840237305249354 -2.6569959984428952 0.03372503918481055
6.840237305249354 -2.2939171418750837 0.040679944069657276
6.840237305249354 -1.9347914722822965 0.046609492809272256
6.840237305249354 -1.578869894931614 0.05130214056409268
6.840237305249354 -1.225480109046289 0.054760317102614045
6.840237305249354 -0.8740066123570872 0.05711845856376995
6.840237305249354 -0.5238747138322762 0.058556539055495314
6.840237305249354 -0.17453721459758154 0.0592311703171446
6.840237305249354 0.17453721459758323 0.0592311703171372
6.840237305249354 0.5238747138322778 0.058556539055473165
6.840237305249354 0.8740066123570885 0.05711845856373564
6.840237305249354 1.2254801090462892 0.054760317102570226
6.840237305249354 1.578869894931614 0.0513021405640418
6.840237305249354 1.9347914722822956 0.04660949280921708
6.840237305249354 2.2939171418750837 0.040679944069603576
6.840237305249354 2.656995998442896 0.03372503918476015
6.840237305249354 3.024879883901285 0.026209275989781948
6.840237305249354 3.398558265859627 0.018803440119884808
6.840237305249354 3.779206753435224 0.01223459227180831
6.840237305249354 4.168257066832501 0.0070713436122424546
6.840237305249354 4.5675020728443965 0.0035422208024304806
6.840237305249354 4.9792609785452555 0.0014923971257388
6.840237305249354 5.406654247970126 0.0005092175924579112
6.840237305249354 5.854095056030399 0.00013384226412168447
6.840237305249354 6.328255351220081 2.5246103453202875e-05
6.840237305249354 6.840237305249354 3.0598000062142364e-06
6.840237305249354 7.411582531485466 1.9483204192607962e-07
6.840237305249354 8.098761139250847 3.951274999330932e-09
7.411582531485466 -8.09876113925085 1.75802610315933e-10
7.411582531485466 -7.411582531485468 1.0475401553358546e-08
7.411582531485466 -6.840237305249354 1.9483202740607818e-07
7.411582531485466 -6.3282553512200845 1.8889683098418169e-06
7.411582531485466 -5.8540950560304035 1.172267078752052e-05
7.411582531485466 -5.406654247970128 5.206605708142699e-05
7.411582531485466 -4.979260978545257 0.0001776484520790927
7.411582531485466 -4.567502072844396 0.0004892554070402453
7.411582531485466 -4.168257066832499 0.001128539529364383
7.411582531485466 -3.7792067534352225 0.0022441806301625737
7.411582531485466 -3.3985582658596285 0.003938450351677945
7.411582531485466 -3.0248798839012845 0.006219514228766019
7.411582531485466 -2.6569959984428952 0.008983910134644566
7.411582531485466 -2.2939171418750837 0.012036533186010777
7.411582531485466 -1.9347914722822965 0.015135998685086879
7.411582531485466 -1.578869894931614 0.018044198052892597
7.411582531485466 -1.225480109046289 0.020562544064241385
7.411582531485466 -0.8740066123570872 0.022547803643964883
7.411582531485466 -0.5238747138322762 0.023910155396891744
7.411582531485466 -0.17453721459758154 0.02460132869458104
7.411582531485466 0.17453721459758323 0.02460132869457881
7.411582531485466 0.5238747138322778 0.02391015539688543
7.411582531485466 0.8740066123570885 0.022547803643955488
7.411582531485466 1.2254801090462892 0.02056254406423005
7.411582531485466 1.578869894931614 0.01804419805288002
7.411582531485466 1.9347914722822956 0.0151359986850739
7.411582531485466 2.2939171418750837 0.012036533185999239
7.411582531485466 2.656995998442896 0.008983910134634898
7.411582531485466 3.024879883901285 0.00621951422875913
7.411582531485466 3.398558265859627 0.003938450351673929
7.411582531485466 3.779206753435224 0.002244180630159218
7.411582531485466 4.168257066832501 0.0011285395293634307
7.411582531485466 4.5675020728443965 0.0004892554070408826
7.411582531485466 4.9792609785452555 0.00017764845207834777
7.411582531485466 5.406654247970126 5.206605707787191e-05
7.411582531485466 5.854095056030399 1.1722670789142453e-05
7.411582531485466 6.328255351220081 1.8889683310501264e-06
7.411582531485466 6.840237305249354 1.9483204192595333e-07
7.411582531485466 7.411582531485466 1.047541161916558e-08
7.411582531485466 8.098761139250847 1.758034559155967e-10
8.098761139250847 -8.09876113925085 2.3685884133321966e-12
8.098761139250847 -7.411582531485468 1.7580331386331897e-10
8.098761139250847 -6.840237305249354 3.9512747616287904e-09
8.098761139250847 -6.3282553512200845 4.565564866400842e-08
8.098761139250847 -5.8540950560304035 3.3494935413005593e-07
8.098761139250847 -5.406654247970128 1.7482589215471162e-06
8.098761139250847 -4.979260978545257 6.9724151128417366e-06
8.098761139250847 -4.567502072844396 2.232103118947594e-05
8.098761139250847 -4.168257066832499 5.947926303940774e-05
8.098761139250847 -3.7792067534352225 0.00013567874760348733
8.098761139250847 -3.3985582658596285 0.0002709473083990626
8.098761139250847 -3.0248798839012845 0.00048246117540680497
8.098761139250847 -2.6569959984428952 0.0007778542290816452
8.098761139250847 -2.2939171418750837 0.0011502631688325832
8.098761139250847 -1.9347914722822965 0.0015772164406493098
8.098761139250847 -1.578869894931614 0.0020237161875780274
8.098761139250847 -1.225480109046289 0.002448179719826991
8.098761139250847 -0.8740066123570872 0.0028091780666148827
8.098761139250847 -0.5238747138322762 0.003071238926669692
8.098761139250847 -0.17453721459758154 0.0032088787800463488
8.098761139250847 0.17453721459758323 0.0032088787800462096
8.098761139250847 0.5238747138322778 0.0030712389266693042
8.098761139250847 0.8740066123570885 0.002809178066614344
8.098761139250847 1.2254801090462892 0.002448179719826366
8.098761139250847 1.578869894931614 0.0020237161875773105
8.098761139250847 1.9347914722822956 0.0015772164406485888
8.098761139250847 2.2939171418750837 0.001150263168831991
8.098761139250847 2.656995998442896 0.0007778542290811889
8.098761139250847 3.024879883901285 0.00048246117540652324
8.098761139250847 3.398558265859627 0.00027094730839893
8.098761139250847 3.779206753435224 0.00013567874760337276
8.098761139250847 4.168257066832501 5.947926303938933e-05
8.098761139250847 4.5675020728443965 2.2321031189504676e-05
8.098761139250847 4.9792609785452555 6.972415112822526e-06
8.098761139250847 5.406654247970126 1.7482589214561256e-06
8.098761139250847 5.854095056030399 3.3494935416631783e-07
8.098761139250847 6.328255351220081 4.565564906767198e-08
8.098761139250847 6.840237305249354 3.951274999319032e-09
8.098761139250847 7.411582531485466 1.7580345591757216e-10
8.098761139250847 8.098761139250847 2.3685986513848727e-12
