-8.09876113925085 -8.09876113925085 8.942375239949228e-13
-8.09876113925085 -7.411582531485468 7.034224563355548e-11
-8.09876113925085 -6.840237305249354 1.632291951846475e-09
-8.09876113925085 -6.3282553512200845 1.919846305497832e-08
-8.09876113925085 -5.8540950560304035 1.4210885555232405e-07
-8.09876113925085 -5.406654247970128 7.440428160305546e-07
-8.09876113925085 -4.979260978545257 2.9651774945832918e-06
-8.09876113925085 -4.567502072844396 9.461480869680717e-06
-8.09876113925085 -4.168257066832499 2.5089958478391832e-05
-8.09876113925085 -3.7792067534352225 5.690453831690052e-05
-8.09876113925085 -3.3985582658596285 0.00011294146191206207
-8.09876113925085 -3.0248798839012845 0.00019987674076858288
-8.09876113925085 -2.6569959984428952 0.00032036831258031023
-8.09876113925085 -2.2939171418750837 0.0004712040617934157
-8.09876113925085 -1.9347914722822965 0.000643035491746448
-8.09876113925085 -1.578869894931614 0.0008217461072063267
-8.09876113925085 -1.225480109046289 0.000990861894850492
-8.09876113925085 -0.8740066123570872 0.001134177797505026
-8.09876113925085 -0.5238747138322762 0.0012379493997538705
-8.09876113925085 -0.17453721459758154 0.0012923687018294233
-8.09876113925085 0.17453721459758323 0.0012923687018290572
-8.09876113925085 0.5238747138322778 0.0012379493997528748
-8.09876113925085 0.8740066123570885 0.0011341777975035286
-8.09876113925085 1.2254801090462892 0.0009908618948486826
-8.09876113925085 1.578869894931614 0.0008217461072044046
-8.09876113925085 1.9347914722822956 0.0006430354917446184
-8.09876113925085 2.2939171418750837 0.0004712040617918392
-8.09876113925085 2.656995998442896 0.00032036831257908904
-8.09876113925085 3.024879883901285 0.0001998767407677396
-8.09876113925085 3.398558265859627 0.00011294146191155168
-8.09876113925085 3.779206753435224 5.690453831661721e-05
-8.09876113925085 4.168257066832501 2.508995847826503e-05
-8.09876113925085 4.5675020728443965 9.461480869637308e-06
-8.09876113925085 4.9792609785452555 2.9651774945604706e-06
-8.09876113925085 5.406654247970126 7.440428160025246e-07
-8.09876113925085 5.854095056030399 1.4210885556044962e-07
-8.09876113925085 6.328255351220081 1.9198463165385373e-08
-8.09876113925085 6.840237305249354 1.632292020786819e-09
-8.09876113925085 7.411582531485466 7.034228925623841e-11
-8.09876113925085 8.098761139250847 8.942408250220163e-13
-7.411582531485468 -8.09876113925085 7.034224563337996e-11
-7.411582531485468 -7.411582531485468 4.178464515703944e-09
-7.411582531485468 -6.840237305249354 7.607842113474007e-08
-7.411582531485468 -6.3282553512200845 7.164944649711344e-07
-7.411582531485468 -5.8540950560304035 4.3056344768379486e-06
-7.411582531485468 -5.406654247970128 1.8504326612281563e-05
-7.411582531485468 -4.979260978545257 6.113161276724693e-05
-7.411582531485468 -4.567502072844396 0.00016324880494281174
-7.411582531485468 -4.168257066832499 0.00036582216342738054
-7.411582531485468 -3.7792067534352225 0.000708271846497231
-7.411582531485468 -3.3985582658596285 0.001213045008200183
-7.411582531485468 -3.0248798839012845 0.001874032052731258
-7.411582531485468 -2.6569959984428952 0.0026548141558170256
-7.411582531485468 -2.2939171418750837 0.003497069493064277
-7.411582531485468 -1.9347914722822965 0.004334431061131535
-7.411582531485468 -1.578869894931614 0.0051056731315942
-7.411582531485468 -1.225480109046289 0.005763035192331451
-7.411582531485468 -0.8740066123570872 0.006274642007646993
-7.411582531485468 -0.5238747138322762 0.006622407022835416
-7.411582531485468 -0.17453721459758154 0.0067978127077287925
-7.411582531485468 0.17453721459758323 0.006797812707726779
-7.411582531485468 0.5238747138322778 0.006622407022829564
-7.411582531485468 0.8740066123570885 0.006274642007637877
-7.411582531485468 1.2254801090462892 0.005763035192319977
-7.411582531485468 1.578869894931614 0.005105673131581243
-7.411582531485468 1.9347914722822956 0.004334431061118234
-7.411582531485468 2.2939171418750837 0.0034970694930517134
-7.411582531485468 2.656995998442896 0.0026548141558061173
-7.411582531485468 3.024879883901285 0.0018740320527226764
-7.411582531485468 3.398558265859627 0.0012130450081941618
-7.411582531485468 3.779206753435224 0.0007082718464933214
-7.411582531485468 4.168257066832501 0.0003658221634253174
-7.411582531485468 4.5675020728443965 0.00016324880494196956
-7.411582531485468 4.9792609785452555 6.113161276676387e-05
-7.411582531485468 5.406654247970126 1.8504326611596395e-05
-7.411582531485468 5.854095056030399 4.305634477090668e-06
-7.411582531485468 6.328255351220081 7.16494469091989e-07
-7.411582531485468 6.840237305249354 7.607842434803218e-08
-7.411582531485468 7.411582531485466 4.178467107014904e-09
-7.411582531485468 8.098761139250847 7.034250531545524e-11
-6.840237305249354 -8.09876113925085 1.6322919518319413e-09
-6.840237305249354 -7.411582531485468 7.607842113474451e-08
-6.840237305249354 -6.840237305249354 1.1200810101814542e-06
-6.840237305249354 -6.3282553512200845 8.662841980823255e-06
-6.840237305249354 -5.8540950560304035 4.3179656596003894e-05
-6.840237305249354 -5.406654247970128 0.00015511654952728518
-6.840237305249354 -4.979260978545257 0.00043126305972029
-6.840237305249354 -4.567502072844396 0.0009756538569016721
-6.840237305249354 -4.168257066832499 0.001865067510358263
-6.840237305249354 -3.7792067534352225 0.003103743358752375
-6.840237305249354 -3.3985582658596285 0.0046076626822049915
-6.840237305249354 -3.0248798839012845 0.006228782497404887
-6.840237305249354 -2.6569959984428952 0.007803408295049373
-6.840237305249354 -2.2939171418750837 0.009198244590477144
-6.840237305249354 -1.9347914722822965 0.010335694336532841
-6.840237305249354 -1.578869894931614 0.011195324636877948
-6.840237305249354 -1.225480109046289 0.01179922345575485
-6.840237305249354 -0.8740066123570872 0.012191673164977395
-6.840237305249354 -0.5238747138322762 0.012420683172601624
-6.840237305249354 -0.17453721459758154 0.01252469760818466
-6.840237305249354 0.17453721459758323 0.012524697608180556
-6.840237305249354 0.5238747138322778 0.012420683172589713
-6.840237305249354 0.8740066123570885 0.012191673164958292
-6.840237305249354 1.2254801090462892 0.011799223455729336
-6.840237305249354 1.578869894931614 0.011195324636847227
-6.840237305249354 1.9347914722822956 0.010335694336498627
-6.840237305249354 2.2939171418750837 0.009198244590441653
-6.840237305249354 2.656995998442896 0.007803408295015056
-6.840237305249354 3.024879883901285 0.006228782497374527
-6.840237305249354 3.398558265859627 0.004607662682180619
-6.840237305249354 3.779206753435224 0.003103743358734151
-6.840237305249354 4.168257066832501 0.0018650675103470296
-6.840237305249354 4.5675020728443965 0.0009756538568962613
-6.840237305249354 4.9792609785452555 0.00043126305971673187
-6.840237305249354 5.406654247970126 0.00015511654952149405
-6.840237305249354 5.854095056030399 4.317965659852541e-05
-6.840237305249354 6.328255351220081 8.662842030646868e-06
-6.840237305249354 6.840237305249354 1.1200810574918694e-06
-6.840237305249354 7.411582531485466 7.607846831613075e-08
-6.840237305249354 8.098761139250847 1.6322979777828124e-09
-6.3282553512200845 -8.09876113925085 1.919846305492644e-08
-6.3282553512200845 -7.411582531485468 7.164944649710706e-07
-6.3282553512200845 -6.840237305249354 8.662841980823648e-06
-6.3282553512200845 -6.3282553512200845 5.5722075290319375e-05
-6.3282553512200845 -5.8540950560304035 0.00023279024896409668
-6.3282553512200845 -5.406654247970128 0.0007049610601038184
-6.3282553512200845 -4.979260978545257 0.0016605097883701226
-6.3282553512200845 -4.567502072844396 0.0031984401343377474
-6.3282553512200845 -4.168257066832499 0.005233704137705676
-6.3282553512200845 -3.7792067534352225 0.007501137081028181
-6.3282553512200845 -3.3985582658596285 0.009659179947838159
-6.3282553512200845 -3.0248798839012845 0.011420828595495309
-6.3282553512200845 -2.6569959984428952 0.012636266659658136
-6.3282553512200845 -2.2939171418750837 0.013301908187216637
-6.3282553512200845 -1.9347914722822965 0.01351766039130849
-6.3282553512200845 -1.578869894931614 0.013429528921324664
-6.3282553512200845 -1.225480109046289 0.013183700548297199
-6.3282553512200845 -0.8740066123570872 0.01290092931761355
-6.3282553512200845 -0.5238747138322762 0.012667973148199136
-6.3282553512200845 -0.17453721459758154 0.012538785176867247
-6.3282553512200845 0.17453721459758323 0.012538785176862839
-6.3282553512200845 0.5238747138322778 0.012667973148186011
-6.3282553512200845 0.8740066123570885 0.012900929317591701
-6.3282553512200845 1.2254801090462892 0.013183700548266473
-6.3282553512200845 1.578869894931614 0.013429528921285003
-6.3282553512200845 1.9347914722822956 0.013517660391260308
-6.3282553512200845 2.2939171418750837 0.013301908187161494
-6.3282553512200845 2.656995998442896 0.012636266659598798
-6.3282553512200845 3.024879883901285 0.011420828595436059
-6.3282553512200845 3.398558265859627 0.00965917994778393
-6.3282553512200845 3.779206753435224 0.007501137080981606
-6.3282553512200845 4.168257066832501 0.005233704137672312
-6.3282553512200845 4.5675020728443965 0.003198440134318805
-6.3282553512200845 4.9792609785452555 0.0016605097883557593
-6.3282553512200845 5.406654247970126 0.000704961060077242
-6.3282553512200845 5.854095056030399 0.000232790248977584
-6.3282553512200845 6.328255351220081 5.572207561076872e-05
-6.3282553512200845 6.840237305249354 8.662842346730687e-06
-6.3282553512200845 7.411582531485466 7.164949093197773e-07
-6.3282553512200845 8.098761139250847 1.919853393017338e-08
-5.8540950560304035 -8.09876113925085 1.4210885555211973e-07
-5.8540950560304035 -7.411582531485468 4.305634476836293e-06
-5.8540950560304035 -6.840237305249354 4.317965659599715e-05
-5.8540950560304035 -6.3282553512200845 0.00023279024896407166
-5.8540950560304035 -5.8540950560304035 0.0008199071180667859
-5.8540950560304035 -5.406654247970128 0.00210178477200742
-5.8540950560304035 -4.979260978545257 0.0042048278723215505
-5.8540950560304035 -4.567502072844396 0.006902319206429383
-5.8540950560304035 -4.168257066832499 0.009662404632208276
-5.8540950560304035 -3.7792067534352225 0.011902977052131114
-5.8540950560304035 -3.3985582658596285 0.013250920490139219
-5.8540950560304035 -3.0248798839012845 0.013642970636667664
-5.8540950560304035 -2.6569959984428952 0.013260360717735993
-5.8540950560304035 -2.2939171418750837 0.012392375056640769
-5.8540950560304035 -1.9347914722822965 0.011319339550564599
-5.8540950560304035 -1.578869894931614 0.010252626093690351
-5.8540950560304035 -1.225480109046289 0.009324094211215026
-5.8540950560304035 -0.8740066123570872 0.008602240357542203
-5.8540950560304035 -0.5238747138322762 0.008115366869457736
-5.8540950560304035 -0.17453721459758154 0.00787149756170217
-5.8540950560304035 0.17453721459758323 0.007871497561699189
-5.8540950560304035 0.5238747138322778 0.008115366869448637
-5.8540950560304035 0.8740066123570885 0.008602240357526453
-5.8540950560304035 1.2254801090462892 0.009324094211191592
-5.8540950560304035 1.578869894931614 0.010252626093657798
-5.8540950560304035 1.9347914722822956 0.011319339550521276
-5.8540950560304035 2.2939171418750837 0.012392375056585742
-5.8540950560304035 2.656995998442896 0.013260360717669433
-5.8540950560304035 3.024879883901285 0.01364297063659222
-5.8540950560304035 3.398558265859627 0.01325092049006032
-5.8540950560304035 3.779206753435224 0.011902977052053081
-5.8540950560304035 4.168257066832501 0.009662404632143233
-5.8540950560304035 4.5675020728443965 0.006902319206386009
-5.8540950560304035 4.9792609785452555 0.004204827872283653
-5.8540950560304035 5.406654247970126 0.0021017847719273955
-5.8540950560304035 5.854095056030399 0.0008199071181139964
-5.8540950560304035 6.328255351220081 0.0002327902503027117
-5.8540950560304035 6.840237305249354 4.317965841983807e-05
-5.8540950560304035 7.411582531485466 4.30563714706496e-06
-5.8540950560304035 8.098761139250847 1.4210938017775605e-07
-5.406654247970128 -8.09876113925085 7.440428160295738e-07
-5.406654247970128 -7.411582531485468 1.850432661227235e-05
-5.406654247970128 -6.840237305249354 0.0001551165495272408
-5.406654247970128 -6.3282553512200845 0.0007049610601036672
-5.406654247970128 -5.8540950560304035 0.002101784772007125
-5.406654247970128 -5.406654247970128 0.00457201915112135
-5.406654247970128 -4.979260978545257 0.007775841395829543
-5.406654247970128 -4.567502072844396 0.010871149825258697
-5.406654247970128 -4.168257066832499 0.012991678155516172
-5.406654247970128 -3.7792067534352225 0.01370726155166534
-5.406654247970128 -3.3985582658596285 0.013128520360441787
-5.406654247970128 -3.0248798839012845 0.0117003726426539
-5.406654247970128 -2.6569959984428952 0.00992240014510595
-5.406654247970128 -2.2939171418750837 0.008172227226297325
-5.406654247970128 -1.9347914722822965 0.006659635255117228
-5.406654247970128 -1.578869894931614 0.005460303471306296
-5.406654247970128 -1.225480109046289 0.004570939499918105
-5.406654247970128 -0.8740066123570872 0.003955134673434539
-5.406654247970128 -0.5238747138322762 0.0035715726224222095
-5.406654247970128 -0.17453721459758154 0.003388251020861755
-5.406654247970128 0.17453721459758323 0.003388251020860397
-5.406654247970128 0.5238747138322778 0.0035715726224179256
-5.406654247970128 0.8740066123570885 0.003955134673426708
-5.406654247970128 1.2254801090462892 0.004570939499905714
-5.406654247970128 1.578869894931614 0.005460303471287599
-5.406654247970128 1.9347914722822956 0.0066596352550898925
-5.406654247970128 2.2939171418750837 0.008172227226258473
-5.406654247970128 2.656995998442896 0.009922400145052857
-5.406654247970128 3.024879883901285 0.01170037264258525
-5.406654247970128 3.398558265859627 0.013128520360358933
-5.406654247970128 3.779206753435224 0.013707261551570428
-5.406654247970128 4.168257066832501 0.01299167815542388
-5.406654247970128 4.5675020728443965 0.010871149825186348
-5.406654247970128 4.9792609785452555 0.0077758413957566145
-5.406654247970128 5.406654247970126 0.00457201915094567
-5.406654247970128 5.854095056030399 0.002101784772127341
-5.406654247970128 6.328255351220081 0.0007049610641571854
-5.406654247970128 6.840237305249354 0.00015511655607905188
-5.406654247970128 7.411582531485466 1.850433808810986e-05
-5.406654247970128 8.098761139250847 7.440455628254221e-07
-4.979260978545257 -8.09876113925085 2.9651774945799854e-06
-4.979260978545257 -7.411582531485468 6.1131612767215e-05
-4.979260978545257 -6.840237305249354 0.0004312630597201193
-4.979260978545257 -6.3282553512200845 0.0016605097883695972
-4.979260978545257 -5.8540950560304035 0.004204827872320551
-4.979260978545257 -5.406654247970128 0.007775841395828576
-4.979260978545257 -4.979260978545257 0.011244885932835536
-4.979260978545257 -4.567502072844396 0.013370523627902824
-4.979260978545257 -4.168257066832499 0.013598810873913137
-4.979260978545257 -3.7792067534352225 0.012230698015895604
-4.979260978545257 -3.3985582658596285 0.01001502689676997
-4.979260978545257 -3.0248798839012845 0.007666468903651855
-4.979260978545257 -2.6569959984428952 0.005622112444828974
-4.979260978545257 -2.2939171418750837 0.0040410921223319445
-4.979260978545257 -1.9347914722822965 0.0029082868547641973
-4.979260978545257 -1.578869894931614 0.0021371138859128183
-4.979260978545257 -1.225480109046289 0.0016318121648489468
-4.979260978545257 -0.8740066123570872 0.0013142344620848644
-4.979260978545257 -0.5238747138322762 0.001129777554139322
-4.979260978545257 -0.17453721459758154 0.0010452732013005357
-4.979260978545257 0.17453721459758323 0.001045273201300069
-4.979260978545257 0.5238747138322778 0.0011297775541378474
-4.979260978545257 0.8740066123570885 0.0013142344620820459
-4.979260978545257 1.2254801090462892 0.0016318121648441655
-4.979260978545257 1.578869894931614 0.002137113885904975
-4.979260978545257 1.9347914722822956 0.002908286854751404
-4.979260978545257 2.2939171418750837 0.004041092122311416
-4.979260978545257 2.656995998442896 0.0056221124447969305
-4.979260978545257 3.024879883901285 0.0076664689036041005
-4.979260978545257 3.398558265859627 0.010015026896703062
-4.979260978545257 3.779206753435224 0.012230698015806304
-4.979260978545257 4.168257066832501 0.01359881087381128
-4.979260978545257 4.5675020728443965 0.013370523627808573
-4.979260978545257 4.9792609785452555 0.0112448859327256
-4.979260978545257 5.406654247970126 0.007775841395526723
-4.979260978545257 5.854095056030399 0.004204827872559334
-4.979260978545257 6.328255351220081 0.0016605097979168154
-4.979260978545257 6.840237305249354 0.0004312630779356242
-4.979260978545257 7.411582531485466 6.113165067921357e-05
-4.979260978545257 8.098761139250847 2.9651884411764068e-06
-4.567502072844396 -8.09876113925085 9.461480869674403e-06
-4.567502072844396 -7.411582531485468 0.00016324880494270996
-4.567502072844396 -6.840237305249354 0.000975653856901159
-4.567502072844396 -6.3282553512200845 0.003198440134336405
-4.567502072844396 -5.8540950560304035 0.006902319206427044
-4.567502072844396 -5.406654247970128 0.010871149825256117
-4.567502072844396 -4.979260978545257 0.013370523627901214
-4.567502072844396 -4.567502072844396 0.013501180823530615
-4.567502072844396 -4.168257066832499 0.011648738935707635
-4.567502072844396 -3.7792067534352225 0.008885994398554075
-4.567502072844396 -3.3985582658596285 0.006178480150548348
-4.567502072844396 -3.0248798839012845 0.004028260345982092
-4.567502072844396 -2.6569959984428952 0.00252953571882398
-4.567502072844396 -2.2939171418750837 0.0015697646436348964
-4.567502072844396 -1.9347914722822965 0.0009865881594555957
-4.567502072844396 -1.578869894931614 0.0006426956752100524
-4.567502072844396 -1.225480109046289 0.0004431834876056079
-4.567502072844396 -0.8740066123570872 0.00032951079457674813
-4.567502072844396 -0.5238747138322762 0.0002680795715366666
-4.567502072844396 -0.17453721459758154 0.00024115561500707966
-4.567502072844396 0.17453721459758323 0.00024115561500697048
-4.567502072844396 0.5238747138322778 0.0002680795715362926
-4.567502072844396 0.8740066123570885 0.0003295107945759877
-4.567502072844396 1.2254801090462892 0.00044318348760419713
-4.567502072844396 1.578869894931614 0.0006426956752075026
-4.567502072844396 1.9347914722822956 0.0009865881594509464
-4.567502072844396 2.2939171418750837 0.001569764643626399
-4.567502072844396 2.656995998442896 0.0025295357188086574
-4.567502072844396 3.024879883901285 0.004028260345955446
-4.567502072844396 3.398558265859627 0.006178480150504612
-4.567502072844396 3.779206753435224 0.008885994398485603
-4.567502072844396 4.168257066832501 0.01164873893561559
-4.567502072844396 4.5675020728443965 0.013501180823429795
-4.567502072844396 4.9792609785452555 0.013370523627765104
-4.567502072844396 5.406654247970126 0.010871149824829741
-4.567502072844396 5.854095056030399 0.006902319206816397
-4.567502072844396 6.328255351220081 0.003198440152724921
-4.567502072844396 6.840237305249354 0.0009756538981101056
-4.567502072844396 7.411582531485466 0.00016324890618468703
-4.567502072844396 8.098761139250847 9.461515798778934e-06
-4.168257066832499 -8.09876113925085 2.508995847837617e-05
-4.168257066832499 -7.411582531485468 0.00036582216342709653
-4.168257066832499 -6.840237305249354 0.0018650675103569737
-4.168257066832499 -6.3282553512200845 0.005233704137702686
-4.168257066832499 -5.8540950560304035 0.009662404632203633
-4.168257066832499 -5.406654247970128 0.012991678155511319
-4.168257066832499 -4.979260978545257 0.013598810873909673
-4.168257066832499 -4.567502072844396 0.011648738935706136
-4.168257066832499 -4.168257066832499 0.008499747294755309
-4.168257066832499 -3.7792067534352225 0.005471021786124989
-4.168257066832499 -3.3985582658596285 0.0032063496709443494
-4.168257066832499 -3.0248798839012845 0.0017635302181536912
-4.168257066832499 -2.6569959984428952 0.0009372343538511782
-4.168257066832499 -2.2939171418750837 0.0004954531499505903
-4.168257066832499 -1.9347914722822965 0.0002679594423944761
-4.168257066832499 -1.578869894931614 0.00015242228536764473
-4.168257066832499 -1.225480109046289 9.354818154284276e-05
-4.168257066832499 -0.8740066123570872 6.340582888927118e-05
-4.168257066832499 -0.5238747138322762 4.8361856097377084e-05
-4.168257066832499 -0.17453721459758154 4.208750337636779e-05
-4.168257066832499 0.17453721459758323 4.2087503376347426e-05
-4.168257066832499 0.5238747138322778 4.836185609731034e-05
-4.168257066832499 0.8740066123570885 6.340582888911703e-05
-4.168257066832499 1.2254801090462892 9.354818154252145e-05
-4.168257066832499 1.578869894931614 0.00015242228536699106
-4.168257066832499 1.9347914722822956 0.000267959442393114
-4.168257066832499 2.2939171418750837 0.000495453149947722
-4.168257066832499 2.656995998442896 0.0009372343538451331
-4.168257066832499 3.024879883901285 0.0017635302181413237
-4.168257066832499 3.398558265859627 0.0032063496709203204
-4.168257066832499 3.779206753435224 0.005471021786080478
-4.168257066832499 4.168257066832501 0.008499747294684501
-4.168257066832499 4.5675020728443965 0.011648738935614224
-4.168257066832499 4.9792609785452555 0.013598810873765776
-4.168257066832499 5.406654247970126 0.012991678154997091
-4.168257066832499 5.854095056030399 0.009662404632745598
-4.168257066832499 6.328255351220081 0.005233704167790837
-4.168257066832499 6.840237305249354 0.0018650675891318288
-4.168257066832499 7.411582531485466 0.0003658223902988577
-4.168257066832499 8.098761139250847 2.5090051103382392e-05
-3.7792067534352225 -8.09876113925085 5.6904538316857605e-05
-3.7792067534352225 -7.411582531485468 0.0007082718464965777
-3.7792067534352225 -6.840237305249354 0.0031037433587497477
-3.7792067534352225 -6.3282553512200845 0.007501137081022583
-3.7792067534352225 -5.8540950560304035 0.01190297705212344
-3.7792067534352225 -5.406654247970128 0.013707261551657988
-3.7792067534352225 -4.979260978545257 0.012230698015890596
-3.7792067534352225 -4.567502072844396 0.008885994398551563
-3.7792067534352225 -4.168257066832499 0.005471021786124196
-3.7792067534352225 -3.7792067534352225 0.0029580890475036444
-3.7792067534352225 -3.3985582658596285 0.0014510703527622095
-3.7792067534352225 -3.0248798839012845 0.0006669975107255316
-3.7792067534352225 -2.6569959984428952 0.0002964995368316647
-3.7792067534352225 -2.2939171418750837 0.00013172996410850765
-3.7792067534352225 -1.9347914722822965 6.0412806745509525e-05
-3.7792067534352225 -1.578869894931614 2.9575108084161193e-05
-3.7792067534352225 -1.225480109046289 1.5939300536840963e-05
-3.7792067534352225 -0.8740066123570872 9.742678450098584e-06
-3.7792067534352225 -0.5238747138322762 6.9128995406604536e-06
-3.7792067534352225 -0.17453721459758154 5.797671294942286e-06
-3.7792067534352225 0.17453721459758323 5.797671294941381e-06
-3.7792067534352225 0.5238747138322778 6.912899540651901e-06
-3.7792067534352225 0.8740066123570885 9.742678450074506e-06
-3.7792067534352225 1.2254801090462892 1.593930053678258e-05
-3.7792067534352225 1.578869894931614 2.9575108084021222e-05
-3.7792067534352225 1.9347914722822956 6.041280674517632e-05
-3.7792067534352225 2.2939171418750837 0.00013172996410769255
-3.7792067534352225 2.656995998442896 0.000296499536829627
-3.7792067534352225 3.024879883901285 0.0006669975107205682
-3.7792067534352225 3.398558265859627 0.0014510703527506798
-3.7792067534352225 3.779206753435224 0.0029580890474782497
-3.7792067534352225 4.168257066832501 0.005471021786076215
-3.7792067534352225 4.5675020728443965 0.008885994398477861
-3.7792067534352225 4.9792609785452555 0.012230698015756577
-3.7792067534352225 5.406654247970126 0.013707261551110758
-3.7792067534352225 5.854095056030399 0.011902977052787471
-3.7792067534352225 6.328255351220081 0.007501137124144095
-3.7792067534352225 6.840237305249354 0.0031037434898417856
-3.7792067534352225 7.411582531485466 0.0007082722857450268
-3.7792067534352225 8.098761139250847 5.690474839225388e-05
-3.3985582658596285 -8.09876113925085 0.00011294146191194469
-3.3985582658596285 -7.411582531485468 0.0012130450081988642
-3.3985582658596285 -6.840237305249354 0.004607662682200336
-3.3985582658596285 -6.3282553512200845 0.009659179947829217
-3.3985582658596285 -5.8540950560304035 0.013250920490128142
-3.3985582658596285 -5.406654247970128 0.013128520360432324
-3.3985582658596285 -4.979260978545257 0.010015026896764066
-3.3985582658596285 -4.567502072844396 0.006178480150545477
-3.3985582658596285 -4.168257066832499 0.0032063496709433224
-3.3985582658596285 -3.7792067534352225 0.001451070352761983
-3.3985582658596285 -3.3985582658596285 0.0005918602601981
-3.3985582658596285 -3.0248798839012845 0.00022513632048171603
-3.3985582658596285 -2.6569959984428952 8.256385148373666e-05
-3.3985582658596285 -2.2939171418750837 3.0298711098339114e-05
-3.3985582658596285 -1.9347914722822965 1.1529159638742691e-05
-3.3985582658596285 -1.578869894931614 4.740790757497696e-06
-3.3985582658596285 -1.225480109046289 2.1834422207381883e-06
-3.3985582658596285 -0.8740066123570872 1.1735420001957681e-06
-3.3985582658596285 -0.5238747138322762 7.580801577290492e-07
-3.3985582658596285 -0.17453721459758154 6.055885754104727e-07
-3.3985582658596285 0.17453721459758323 6.055885754103406e-07
-3.3985582658596285 0.5238747138322778 7.580801577283128e-07
-3.3985582658596285 0.8740066123570885 1.1735420001929185e-06
-3.3985582658596285 1.2254801090462892 2.1834422207298717e-06
-3.3985582658596285 1.578869894931614 4.74079075747352e-06
-3.3985582658596285 1.9347914722822956 1.1529159638674981e-05
-3.3985582658596285 2.2939171418750837 3.0298711098136575e-05
-3.3985582658596285 2.656995998442896 8.256385148312555e-05
-3.3985582658596285 3.024879883901285 0.00022513632047991671
-3.3985582658596285 3.398558265859627 0.000591860260193085
-3.3985582658596285 3.779206753435224 0.0014510703527487868
-3.3985582658596285 4.168257066832501 0.003206349670913739
-3.3985582658596285 4.5675020728443965 0.006178480150491692
-3.3985582658596285 4.9792609785452555 0.010015026896650623
-3.3985582658596285 5.406654247970126 0.013128520359903842
-3.3985582658596285 5.854095056030399 0.013250920490863386
-3.3985582658596285 6.328255351220081 0.009659180003353864
-3.3985582658596285 6.840237305249354 0.0046076628768118135
-3.3985582658596285 7.411582531485466 0.0012130457604918293
-3.3985582658596285 8.098761139250847 0.00011294187885973741
-3.0248798839012845 -8.09876113925085 0.0001998767407683257
-3.0248798839012845 -7.411582531485468 0.0018740320527289378
-3.0248798839012845 -6.840237305249354 0.006228782497397612
-3.0248798839012845 -6.3282553512200845 0.011420828595482825
-3.0248798839012845 -5.8540950560304035 0.01364297063665377
-3.0248798839012845 -5.406654247970128 0.011700372642643215
-3.0248798839012845 -4.979260978545257 0.007666468903645771
-3.0248798839012845 -4.567502072844396 0.00402826034597939
-3.0248798839012845 -4.168257066832499 0.0017635302181527805
-3.0248798839012845 -3.7792067534352225 0.0006669975107253024
-3.0248798839012845 -3.3985582658596285 0.00022513632048167564
-3.0248798839012845 -3.0248798839012845 7.032882522719355e-05
-3.0248798839012845 -2.6569959984428952 2.1033038838355167e-05
-3.0248798839012845 -2.2939171418750837 6.292889569898236e-06
-3.0248798839012845 -1.9347914722822965 1.9560268682830658e-06
-3.0248798839012845 -1.578869894931614 6.683254378555925e-07
-3.0248798839012845 -1.225480109046289 2.6057885061063143e-07
-3.0248798839012845 -0.8740066123570872 1.234508128335333e-07
-3.0248798839012845 -0.5238747138322762 7.278822390538177e-08
-3.0248798839012845 -0.17453721459758154 5.573651953425666e-08
-3.0248798839012845 0.17453721459758323 5.5736519534271835e-08
-3.0248798839012845 0.5238747138322778 7.278822390534056e-08
-3.0248798839012845 0.8740066123570885 1.234508128332963e-07
-3.0248798839012845 1.2254801090462892 2.6057885060980684e-07
-3.0248798839012845 1.578869894931614 6.683254378525006e-07
-3.0248798839012845 1.9347914722822956 1.9560268682709286e-06
-3.0248798839012845 2.2939171418750837 6.292889569851826e-06
-3.0248798839012845 2.656995998442896 2.103303883818489e-05
-3.0248798839012845 3.024879883901285 7.032882522658739e-05
-3.0248798839012845 3.398558265859627 0.00022513632047963344
-3.0248798839012845 3.779206753435224 0.0006669975107188787
-3.0248798839012845 4.168257066832501 0.001763530218135698
-3.0248798839012845 4.5675020728443965 0.004028260345942743
-3.0248798839012845 4.9792609785452555 0.007666468903556187
-3.0248798839012845 5.406654247970126 0.011700372642168241
-3.0248798839012845 5.854095056030399 0.013642970637406424
-3.0248798839012845 6.328255351220081 0.011420828661130743
-3.0248798839012845 6.840237305249354 0.006228782760477896
-3.0248798839012845 7.411582531485466 0.001874033214945204
-3.0248798839012845 8.098761139250847 0.00019987747865645507
-2.6569959984428952 -8.09876113925085 0.0003203683125798419
-2.6569959984428952 -7.411582531485468 0.0026548141558133662
-2.6569959984428952 -6.840237305249354 0.007803408295039078
-2.6569959984428952 -6.3282553512200845 0.01263626665964215
-2.6569959984428952 -5.8540950560304035 0.013260360717720139
-2.6569959984428952 -5.406654247970128 0.009922400145095002
-2.6569959984428952 -4.979260978545257 0.005622112444823343
-2.6569959984428952 -4.567502072844396 0.002529535718821763
-2.6569959984428952 -4.168257066832499 0.00093723435385049
-2.6569959984428952 -3.7792067534352225 0.00029649953683149433
-2.6569959984428952 -3.3985582658596285 8.256385148370382e-05
-2.6569959984428952 -3.0248798839012845 2.1033038838349837e-05
-2.6569959984428952 -2.6569959984428952 5.053012676241834e-06
-2.6569959984428952 -2.2939171418750837 1.2066780573234297e-06
-2.6569959984428952 -1.9347914722822965 2.942142903873534e-07
-2.6569959984428952 -1.578869894931614 7.948619723850228e-08
-2.6569959984428952 -1.225480109046289 2.3947222201201424e-08
-2.6569959984428952 -0.8740066123570872 9.14720166098819e-09
-2.6569959984428952 -0.5238747138322762 4.3629322463788e-09
-2.6569959984428952 -0.17453721459758154 3.0158138608787425e-09
-2.6569959984428952 0.17453721459758323 3.0158138608744598e-09
-2.6569959984428952 0.5238747138322778 4.362932246371864e-09
-2.6569959984428952 0.8740066123570885 9.147201661027131e-09
-2.6569959984428952 1.2254801090462892 2.394722220115536e-08
-2.6569959984428952 1.578869894931614 7.948619723819705e-08
-2.6569959984428952 1.9347914722822956 2.942142903854657e-07
-2.6569959984428952 2.2939171418750837 1.2066780573136833e-06
-2.6569959984428952 2.656995998442896 5.053012676197416e-06
-2.6569959984428952 3.024879883901285 2.10330388381517e-05
-2.6569959984428952 3.398558265859627 8.256385148289877e-05
-2.6569959984428952 3.779206753435224 0.0002964995368284678
-2.6569959984428952 4.168257066832501 0.000937234353840988
-2.6569959984428952 4.5675020728443965 0.0025295357187977655
-2.6569959984428952 4.9792609785452555 0.005622112444755739
-2.6569959984428952 5.406654247970126 0.009922400144689
-2.6569959984428952 5.854095056030399 0.013260360718447705
-2.6569959984428952 6.328255351220081 0.012636266732273242
-2.6569959984428952 6.840237305249354 0.007803408624623787
-2.6569959984428952 7.411582531485466 0.002654815802245861
-2.6569959984428952 8.098761139250847 0.00032036949528859105
-2.2939171418750837 -8.09876113925085 0.00047120406179265576
-2.2939171418750837 -7.411582531485468 0.0034970694930589537
-2.2939171418750837 -6.840237305249354 0.009198244590463587
-2.2939171418750837 -6.3282553512200845 0.013301908187197524
-2.2939171418750837 -5.8540950560304035 0.012392375056623672
-2.2939171418750837 -5.406654247970128 0.008172227226286672
-2.2939171418750837 -4.979260978545257 0.004041092122327025
-2.2939171418750837 -4.567502072844396 0.0015697646436331454
-2.2939171418750837 -4.168257066832499 0.0004954531499500927
-2.2939171418750837 -3.7792067534352225 0.00013172996410839343
-2.2939171418750837 -3.3985582658596285 3.0298711098318413e-05
-2.2939171418750837 -3.0248798839012845 6.292889569895416e-06
-2.2939171418750837 -2.6569959984428952 1.2066780573235149e-06
-2.2939171418750837 -2.2939171418750837 2.3067894579648889e-07
-2.2939171418750837 -1.9347914722822965 4.402898656877895e-08
-2.2939171418750837 -1.578869894931614 1.005667657435085e-08
-2.2939171418750837 -1.225480109046289 2.530820799394678e-09
-2.2939171418750837 -0.8740066123570872 9.993752799249395e-10
-2.2939171418750837 -0.5238747138322762 4.746390148420215e-10
-2.2939171418750837 -0.17453721459758154 3.6331229468527845e-10
-2.2939171418750837 0.17453721459758323 3.633122946865491e-10
-2.2939171418750837 0.5238747138322778 4.746390148398199e-10
-2.2939171418750837 0.8740066123570885 9.993752799116852e-10
-2.2939171418750837 1.2254801090462892 2.5308207994057783e-09
-2.2939171418750837 1.578869894931614 1.0056676574362481e-08
-2.2939171418750837 1.9347914722822956 4.402898656859692e-08
-2.2939171418750837 2.2939171418750837 2.3067894579455612e-07
-2.2939171418750837 2.656995998442896 1.206678057311226e-06
-2.2939171418750837 3.024879883901285 6.292889569830422e-06
-2.2939171418750837 3.398558265859627 3.0298711098007633e-05
-2.2939171418750837 3.779206753435224 0.00013172996410699161
-2.2939171418750837 4.168257066832501 0.0004954531499448922
-2.2939171418750837 4.5675020728443965 0.0015697646436177272
-2.2939171418750837 4.9792609785452555 0.004041092122277108
-2.2939171418750837 5.406654247970126 0.008172227225949805
-2.2939171418750837 5.854095056030399 0.01239237505730027
-2.2939171418750837 6.328255351220081 0.013301908263651591
-2.2939171418750837 6.840237305249354 0.009198244978958844
-2.2939171418750837 7.411582531485466 0.0034970716618312673
-2.2939171418750837 8.098761139250847 0.00047120580134407257
-1.9347914722822965 -8.09876113925085 0.0006430354917453408
-1.9347914722822965 -7.411582531485468 0.004334431061124361
-1.9347914722822965 -6.840237305249354 0.010335694336515967
-1.9347914722822965 -6.3282553512200845 0.013517660391286799
-1.9347914722822965 -5.8540950560304035 0.011319339550546923
-1.9347914722822965 -5.406654247970128 0.006659635255107258
-1.9347914722822965 -4.979260978545257 0.002908286854760052
-1.9347914722822965 -4.567502072844396 0.0009865881594542886
-1.9347914722822965 -4.168257066832499 0.0002679594423941448
-1.9347914722822965 -3.7792067534352225 6.0412806745439573e-05
-1.9347914722822965 -3.3985582658596285 1.1529159638730187e-05
-1.9347914722822965 -3.0248798839012845 1.956026868281397e-06
-1.9347914722822965 -2.6569959984428952 2.9421429038727133e-07
-1.9347914722822965 -2.2939171418750837 4.402898656879578e-08
-1.9347914722822965 -1.9347914722822965 5.730153553779133e-09
-1.9347914722822965 -1.578869894931614 9.618953036641033e-10
-1.9347914722822965 -1.225480109046289 8.61078720614339e-11
-1.9347914722822965 -0.8740066123570872 2.582610511562277e-11
-1.9347914722822965 -0.5238747138322762 2.4991957465184243e-12
-1.9347914722822965 -0.17453721459758154 5.94157479245233e-12
-1.9347914722822965 0.17453721459758323 5.941574793158014e-12
-1.9347914722822965 0.5238747138322778 2.4991957467958703e-12
-1.9347914722822965 0.8740066123570885 2.582610511234147e-11
-1.9347914722822965 1.2254801090462892 8.610787206134744e-11
-1.9347914722822965 1.578869894931614 9.618953036705214e-10
-1.9347914722822965 1.9347914722822956 5.730153553762579e-09
-1.9347914722822965 2.2939171418750837 4.402898656840972e-08
-1.9347914722822965 2.656995998442896 2.9421429038411746e-07
-1.9347914722822965 3.024879883901285 1.956026868260422e-06
-1.9347914722822965 3.398558265859627 1.1529159638606717e-05
-1.9347914722822965 3.779206753435224 6.0412806744769686e-05
-1.9347914722822965 4.168257066832501 0.0002679594423912269
-1.9347914722822965 4.5675020728443965 0.0009865881594442402
-1.9347914722822965 4.9792609785452555 0.002908286854723232
-1.9347914722822965 5.406654247970126 0.006659635254830983
-1.9347914722822965 5.854095056030399 0.011319339551162369
-1.9347914722822965 6.328255351220081 0.013517660468978194
-1.9347914722822965 6.840237305249354 0.010335694773050507
-1.9347914722822965 7.411582531485466 0.004334433749201258
-1.9347914722822965 8.098761139250847 0.0006430378656494653
-1.578869894931614 -8.09876113925085 0.0008217461072047974
-1.578869894931614 -7.411582531485468 0.00510567313158494
-1.578869894931614 -6.840237305249354 0.011195324636857955
-1.578869894931614 -6.3282553512200845 0.013429528921300856
-1.578869894931614 -5.8540950560304035 0.010252626093672418
-1.578869894931614 -5.406654247970128 0.005460303471297005
-1.578869894931614 -4.979260978545257 0.0021371138859093333
-1.578869894931614 -4.567502072844396 0.0006426956752090452
-1.578869894931614 -4.168257066832499 0.00015242228536742548
-1.578869894931614 -3.7792067534352225 2.9575108084122805e-05
-1.578869894931614 -3.3985582658596285 4.740790757492401e-06
-1.578869894931614 -3.0248798839012845 6.68325437855402e-07
-1.578869894931614 -2.6569959984428952 7.948619723845787e-08
-1.578869894931614 -2.2939171418750837 1.0056676574362202e-08
-1.578869894931614 -1.9347914722822965 9.618953036734633e-10
-1.578869894931614 -1.578869894931614 2.280779664443969e-10
-1.578869894931614 -1.225480109046289 3.3532826382021264e-11
-1.578869894931614 -0.8740066123570872 3.638365675051581e-11
-1.578869894931614 -0.5238747138322762 2.0744886070091266e-11
-1.578869894931614 -0.17453721459758154 2.3804412918876632e-11
-1.578869894931614 0.17453721459758323 2.3804412920871708e-11
-1.578869894931614 0.5238747138322778 2.0744886069029754e-11
-1.578869894931614 0.8740066123570885 3.638365675073511e-11
-1.578869894931614 1.2254801090462892 3.353282638382113e-11
-1.578869894931614 1.578869894931614 2.2807796645151264e-10
-1.578869894931614 1.9347914722822956 9.618953036640882e-10
-1.578869894931614 2.2939171418750837 1.0056676574258678e-08
-1.578869894931614 2.656995998442896 7.948619723768195e-08
-1.578869894931614 3.024879883901285 6.683254378480478e-07
-1.578869894931614 3.398558265859627 4.740790757439288e-06
-1.578869894931614 3.779206753435224 2.9575108083783057e-05
-1.578869894931614 4.168257066832501 0.00015242228536570655
-1.578869894931614 4.5675020728443965 0.0006426956752022856
-1.578869894931614 4.9792609785452555 0.002137113885881658
-1.578869894931614 5.406654247970126 0.005460303471069216
-1.578869894931614 5.854095056030399 0.010252626094227927
-1.578869894931614 6.328255351220081 0.013429528998483377
-1.578869894931614 6.840237305249354 0.011195325109697712
-1.578869894931614 7.411582531485466 0.005105676297961122
-1.578869894931614 8.098761139250847 0.0008217491408576095
-1.225480109046289 -8.09876113925085 0.0009908618948485303
-1.225480109046289 -7.411582531485468 0.005763035192320112
-1.225480109046289 -6.840237305249354 0.011799223455731866
-1.225480109046289 -6.3282553512200845 0.013183700548271634
-1.225480109046289 -5.8540950560304035 0.00932409421119703
-1.225480109046289 -5.406654247970128 0.004570939499909406
-1.225480109046289 -4.979260978545257 0.0016318121648459156
-1.225480109046289 -4.567502072844396 0.00044318348760481
-1.225480109046289 -4.168257066832499 9.354818154268343e-05
-1.225480109046289 -3.7792067534352225 1.593930053681752e-05
-1.225480109046289 -3.3985582658596285 2.183442220735317e-06
-1.225480109046289 -3.0248798839012845 2.6057885061011273e-07
-1.225480109046289 -2.6569959984428952 2.394722220110937e-08
-1.225480109046289 -2.2939171418750837 2.5308207993971504e-09
-1.225480109046289 -1.9347914722822965 8.610787205852644e-11
-1.225480109046289 -1.578869894931614 3.35328263827572e-11
-1.225480109046289 -1.225480109046289 1.0917718294839885e-11
-1.225480109046289 -0.8740066123570872 1.2995034221986897e-11
-1.225480109046289 -0.5238747138322762 1.7277228782388853e-11
-1.225480109046289 -0.17453721459758154 1.606458668304086e-11
-1.225480109046289 0.17453721459758323 1.6064586683902224e-11
-1.225480109046289 0.5238747138322778 1.7277228783122653e-11
-1.225480109046289 0.8740066123570885 1.2995034221236012e-11
-1.225480109046289 1.2254801090462892 1.0917718294790031e-11
-1.225480109046289 1.578869894931614 3.353282638482697e-11
-1.225480109046289 1.9347914722822956 8.61078720605984e-11
-1.225480109046289 2.2939171418750837 2.530820799359718e-09
-1.225480109046289 2.656995998442896 2.3947222200894967e-08
-1.225480109046289 3.024879883901285 2.6057885060743436e-07
-1.225480109046289 3.398558265859627 2.183442220711023e-06
-1.225480109046289 3.779206753435224 1.593930053662862e-05
-1.225480109046289 4.168257066832501 9.354818154159603e-05
-1.225480109046289 4.5675020728443965 0.00044318348760001396
-1.225480109046289 4.9792609785452555 0.001631812164824369
-1.225480109046289 5.406654247970126 0.004570939499717808
-1.225480109046289 5.854095056030399 0.009324094211700556
-1.225480109046289 6.328255351220081 0.013183700624039263
-1.225480109046289 6.840237305249354 0.011799223954076106
-1.225480109046289 7.411582531485466 0.005763038766370763
-1.225480109046289 8.098761139250847 0.0009908655528286247
-0.8740066123570872 -8.09876113925085 0.001134177797502636
-0.8740066123570872 -7.411582531485468 0.006274642007633632
-0.8740066123570872 -6.840237305249354 0.0121916731649516
-0.8740066123570872 -6.3282553512200845 0.012900929317586378
-0.8740066123570872 -5.8540950560304035 0.008602240357524087
-0.8740066123570872 -5.406654247970128 0.0039551346734262175
-0.8740066123570872 -4.979260978545257 0.0013142344620821476
-0.8740066123570872 -4.567502072844396 0.00032951079457608714
-0.8740066123570872 -4.168257066832499 6.340582888915186e-05
-0.8740066123570872 -3.7792067534352225 9.742678450082406e-06
-0.8740066123570872 -3.3985582658596285 1.1735420001935908e-06
-0.8740066123570872 -3.0248798839012845 1.2345081283310544e-07
-0.8740066123570872 -2.6569959984428952 9.147201660930535e-09
-0.8740066123570872 -2.2939171418750837 9.993752799031944e-10
-0.8740066123570872 -1.9347914722822965 2.5826105112987586e-11
-0.8740066123570872 -1.578869894931614 3.638365675094638e-11
-0.8740066123570872 -1.225480109046289 1.2995034221733456e-11
-0.8740066123570872 -0.8740066123570872 1.9233125845210008e-11
-0.8740066123570872 -0.5238747138322762 1.5358537506721183e-11
-0.8740066123570872 -0.17453721459758154 1.7325678015955703e-11
-0.8740066123570872 0.17453721459758323 1.7325678018005004e-11
-0.8740066123570872 0.5238747138322778 1.5358537506895957e-11
-0.8740066123570872 0.8740066123570885 1.9233125844502836e-11
-0.8740066123570872 1.2254801090462892 1.2995034221615966e-11
-0.8740066123570872 1.578869894931614 3.638365675119957e-11
-0.8740066123570872 1.9347914722822956 2.5826105111321334e-11
-0.8740066123570872 2.2939171418750837 9.993752798999163e-10
-0.8740066123570872 2.656995998442896 9.147201660886362e-09
-0.8740066123570872 3.024879883901285 1.2345081283203328e-07
-0.8740066123570872 3.398558265859627 1.1735420001807617e-06
-0.8740066123570872 3.779206753435224 9.742678449963682e-06
-0.8740066123570872 4.168257066832501 6.340582888839577e-05
-0.8740066123570872 4.5675020728443965 0.0003295107945724341
-0.8740066123570872 4.9792609785452555 0.0013142344620645234
-0.8740066123570872 5.406654247970126 0.003955134673259811
-0.8740066123570872 5.854095056030399 0.00860224035798746
-0.8740066123570872 6.328255351220081 0.01290092939172747
-0.8740066123570872 6.840237305249354 0.01219167367987
-0.8740066123570872 7.411582531485466 0.006274645898966047
-0.8740066123570872 8.098761139250847 0.0011341819845641513
-0.5238747138322762 -8.09876113925085 0.0012379493997511028
-0.5238747138322762 -7.411582531485468 0.006622407022820353
-0.5238747138322762 -6.840237305249354 0.012420683172573447
-0.5238747138322762 -6.3282553512200845 0.012667973148170482
-0.5238747138322762 -5.8540950560304035 0.008115366869439292
-0.5238747138322762 -5.406654247970128 0.0035715726224141084
-0.5238747138322762 -4.979260978545257 0.0011297775541367575
-0.5238747138322762 -4.567502072844396 0.00026807957153607016
-0.5238747138322762 -4.168257066832499 4.8361856097268576e-05
-0.5238747138322762 -3.7792067534352225 6.912899540645046e-06
-0.5238747138322762 -3.3985582658596285 7.580801577275626e-07
-0.5238747138322762 -3.0248798839012845 7.278822390512516e-08
-0.5238747138322762 -2.6569959984428952 4.362932246365829e-09
-0.5238747138322762 -2.2939171418750837 4.746390148373131e-10
-0.5238747138322762 -1.9347914722822965 2.4991957465817356e-12
-0.5238747138322762 -1.578869894931614 2.0744886067904107e-11
-0.5238747138322762 -1.225480109046289 1.7277228783275788e-11
-0.5238747138322762 -0.8740066123570872 1.5358537507099444e-11
-0.5238747138322762 -0.5238747138322762 1.7367347483865927e-11
-0.5238747138322762 -0.17453721459758154 1.640536279450621e-11
-0.5238747138322762 0.17453721459758323 1.6405362794883196e-11
-0.5238747138322762 0.5238747138322778 1.7367347483641234e-11
-0.5238747138322762 0.8740066123570885 1.5358537507042653e-11
-0.5238747138322762 1.2254801090462892 1.727722878285254e-11
-0.5238747138322762 1.578869894931614 2.0744886067964892e-11
-0.5238747138322762 1.9347914722822956 2.49919574692347e-12
-0.5238747138322762 2.2939171418750837 4.746390148316318e-10
-0.5238747138322762 2.656995998442896 4.362932246345371e-09
-0.5238747138322762 3.024879883901285 7.27882239046372e-08
-0.5238747138322762 3.398558265859627 7.580801577194282e-07
-0.5238747138322762 3.779206753435224 6.91289954056263e-06
-0.5238747138322762 4.168257066832501 4.836185609668771e-05
-0.5238747138322762 4.5675020728443965 0.0002680795715330628
-0.5238747138322762 4.9792609785452555 0.00112977755412149
-0.5238747138322762 5.406654247970126 0.003571572622263458
-0.5238747138322762 5.854095056030399 0.008115366869875686
-0.5238747138322762 6.328255351220081 0.012667973220971705
-0.5238747138322762 6.840237305249354 0.012420683697163287
-0.5238747138322762 7.411582531485466 0.006622411129825139
-0.5238747138322762 8.098761139250847 0.0012379539699077205
-0.17453721459758154 -8.09876113925085 0.0012923687018263701
-0.17453721459758154 -7.411582531485468 0.006797812707712545
-0.17453721459758154 -6.840237305249354 0.01252469760815464
-0.17453721459758154 -6.3282553512200845 0.012538785176837262
-0.17453721459758154 -5.8540950560304035 0.007871497561683264
-0.17453721459758154 -5.406654247970128 0.0033882510208536245
-0.17453721459758154 -4.979260978545257 0.0010452732012979952
-0.17453721459758154 -4.567502072844396 0.00024115561500648625
-0.17453721459758154 -4.168257066832499 4.2087503376261815e-05
-0.17453721459758154 -3.7792067534352225 5.7976712949262964e-06
-0.17453721459758154 -3.3985582658596285 6.055885754086067e-07
-0.17453721459758154 -3.0248798839012845 5.573651953406164e-08
-0.17453721459758154 -2.6569959984428952 3.015813860887396e-09
-0.17453721459758154 -2.2939171418750837 3.633122946835978e-10
-0.17453721459758154 -1.9347914722822965 5.941574792056274e-12
-0.17453721459758154 -1.578869894931614 2.380441291893268e-11
-0.17453721459758154 -1.225480109046289 1.6064586683623664e-11
-0.17453721459758154 -0.8740066123570872 1.732567801725186e-11
-0.17453721459758154 -0.5238747138322762 1.640536279351635e-11
-0.17453721459758154 -0.17453721459758154 1.6809587927367128e-11
-0.17453721459758154 0.17453721459758323 1.680958792694496e-11
-0.17453721459758154 0.5238747138322778 1.640536279370476e-11
-0.17453721459758154 0.8740066123570885 1.7325678017508734e-11
-0.17453721459758154 1.2254801090462892 1.6064586684334946e-11
-0.17453721459758154 1.578869894931614 2.3804412918589103e-11
-0.17453721459758154 1.9347914722822956 5.9415747915082265e-12
-0.17453721459758154 2.2939171418750837 3.633122946880293e-10
-0.17453721459758154 2.656995998442896 3.0158138608770836e-09
-0.17453721459758154 3.024879883901285 5.5736519533736954e-08
-0.17453721459758154 3.398558265859627 6.055885754023663e-07
-0.17453721459758154 3.779206753435224 5.797671294859138e-06
-0.17453721459758154 4.168257066832501 4.208750337575796e-05
-0.17453721459758154 4.5675020728443965 0.0002411556150037727
-0.17453721459758154 4.9792609785452555 0.001045273201283806
-0.17453721459758154 5.406654247970126 0.0033882510207104326
-0.17453721459758154 5.854095056030399 0.007871497562106016
-0.17453721459758154 6.328255351220081 0.012538785248895392
-0.17453721459758154 6.840237305249354 0.012524698137136926
-0.17453721459758154 7.411582531485466 0.006797816923497907
-0.17453721459758154 8.098761139250847 0.0012923734728834681
0.17453721459758323 -8.09876113925085 0.001292368701825869
0.17453721459758323 -7.411582531485468 0.006797812707709851
0.17453721459758323 -6.840237305249354 0.012524697608149222
0.17453721459758323 -6.3282553512200845 0.01253878517683136
0.17453721459758323 -5.8540950560304035 0.007871497561679318
0.17453721459758323 -5.406654247970128 0.0033882510208518147
0.17453721459758323 -4.979260978545257 0.0010452732012973906
0.17453721459758323 -4.567502072844396 0.00024115561500633002
0.17453721459758323 -4.168257066832499 4.208750337622681e-05
0.17453721459758323 -3.7792067534352225 5.7976712949210025e-06
0.17453721459758323 -3.3985582658596285 6.055885754075481e-07
0.17453721459758323 -3.0248798839012845 5.573651953412502e-08
0.17453721459758323 -2.6569959984428952 3.015813860866989e-09
0.17453721459758323 -2.2939171418750837 3.6331229468046535e-10
0.17453721459758323 -1.9347914722822965 5.941574791734587e-12
0.17453721459758323 -1.578869894931614 2.3804412918371102e-11
0.17453721459758323 -1.225480109046289 1.6064586682951826e-11
0.17453721459758323 -0.8740066123570872 1.732567801715373e-11
0.17453721459758323 -0.5238747138322762 1.6405362793249437e-11
0.17453721459758323 -0.17453721459758154 1.6809587927196402e-11
0.17453721459758323 0.17453721459758323 1.6809587926843286e-11
0.17453721459758323 0.5238747138322778 1.640536279436086e-11
0.17453721459758323 0.8740066123570885 1.7325678017334745e-11
0.17453721459758323 1.2254801090462892 1.606458668553589e-11
0.17453721459758323 1.578869894931614 2.380441291760698e-11
0.17453721459758323 1.9347914722822956 5.941574792091918e-12
0.17453721459758323 2.2939171418750837 3.6331229468824157e-10
0.17453721459758323 2.656995998442896 3.0158138608930254e-09
0.17453721459758323 3.024879883901285 5.5736519533810216e-08
0.17453721459758323 3.398558265859627 6.055885754024897e-07
0.17453721459758323 3.779206753435224 5.7976712948556175e-06
0.17453721459758323 4.168257066832501 4.208750337572872e-05
0.17453721459758323 4.5675020728443965 0.00024115561500362458
0.17453721459758323 4.9792609785452555 0.0010452732012831937
0.17453721459758323 5.406654247970126 0.0033882510207085756
0.17453721459758323 5.854095056030399 0.007871497562101945
0.17453721459758323 6.328255351220081 0.01253878524888932
0.17453721459758323 6.840237305249354 0.012524698137131156
0.17453721459758323 7.411582531485466 0.006797816923494978
0.17453721459758323 8.098761139250847 0.0012923734728829237
0.5238747138322778 -8.09876113925085 0.0012379493997496751
0.5238747138322778 -7.411582531485468 0.006622407022812441
0.5238747138322778 -6.840237305249354 0.012420683172557295
0.5238747138322778 -6.3282553512200845 0.012667973148152642
0.5238747138322778 -5.8540950560304035 0.008115366869427093
0.5238747138322778 -5.406654247970128 0.0035715726224083938
0.5238747138322778 -4.979260978545257 0.0011297775541348103
0.5238747138322778 -4.567502072844396 0.0002680795715355576
0.5238747138322778 -4.168257066832499 4.836185609716151e-05
0.5238747138322778 -3.7792067534352225 6.9128995406266036e-06
0.5238747138322778 -3.3985582658596285 7.580801577248025e-07
0.5238747138322778 -3.0248798839012845 7.278822390502989e-08
0.5238747138322778 -2.6569959984428952 4.362932246349329e-09
0.5238747138322778 -2.2939171418750837 4.746390148464062e-10
0.5238747138322778 -1.9347914722822965 2.499195746907487e-12
0.5238747138322778 -1.578869894931614 2.074488606859572e-11
0.5238747138322778 -1.225480109046289 1.7277228781678506e-11
0.5238747138322778 -0.8740066123570872 1.535853750708433e-11
0.5238747138322778 -0.5238747138322762 1.7367347484362113e-11
0.5238747138322778 -0.17453721459758154 1.6405362795097194e-11
0.5238747138322778 0.17453721459758323 1.640536279450375e-11
0.5238747138322778 0.5238747138322778 1.7367347483409614e-11
0.5238747138322778 0.8740066123570885 1.535853750652296e-11
0.5238747138322778 1.2254801090462892 1.7277228782518117e-11
0.5238747138322778 1.578869894931614 2.0744886068951453e-11
0.5238747138322778 1.9347914722822956 2.499195746732249e-12
0.5238747138322778 2.2939171418750837 4.746390148414014e-10
0.5238747138322778 2.656995998442896 4.362932246359841e-09
0.5238747138322778 3.024879883901285 7.278822390461068e-08
0.5238747138322778 3.398558265859627 7.580801577178236e-07
0.5238747138322778 3.779206753435224 6.912899540548417e-06
0.5238747138322778 4.168257066832501 4.836185609659227e-05
0.5238747138322778 4.5675020728443965 0.00026807957153255794
0.5238747138322778 4.9792609785452555 0.0011297775541195048
0.5238747138322778 5.406654247970126 0.0035715726222575943
0.5238747138322778 5.854095056030399 0.008115366869863146
0.5238747138322778 6.328255351220081 0.012667973220953404
0.5238747138322778 6.840237305249354 0.012420683697146367
0.5238747138322778 7.411582531485466 0.006622411129816622
0.5238747138322778 8.098761139250847 0.001237953969906168
0.8740066123570885 -8.09876113925085 0.0011341777975004753
0.8740066123570885 -7.411582531485468 0.006274642007621026
0.8740066123570885 -6.840237305249354 0.012191673164925011
0.8740066123570885 -6.3282553512200845 0.012900929317556084
0.8740066123570885 -5.8540950560304035 0.008602240357502493
0.8740066123570885 -5.406654247970128 0.00395513467341565
0.8740066123570885 -4.979260978545257 0.0013142344620783383
0.8740066123570885 -4.567502072844396 0.0003295107945750526
0.8740066123570885 -4.168257066832499 6.340582888893173e-05
0.8740066123570885 -3.7792067534352225 9.742678450043581e-06
0.8740066123570885 -3.3985582658596285 1.1735420001884635e-06
0.8740066123570885 -3.0248798839012845 1.2345081283274958e-07
0.8740066123570885 -2.6569959984428952 9.147201660967242e-09
0.8740066123570885 -2.2939171418750837 9.99375279915427e-10
0.8740066123570885 -1.9347914722822965 2.5826105111193127e-11
0.8740066123570885 -1.578869894931614 3.638365675170184e-11
0.8740066123570885 -1.225480109046289 1.2995034221961017e-11
0.8740066123570885 -0.8740066123570872 1.9233125845712304e-11
0.8740066123570885 -0.5238747138322762 1.5358537505398124e-11
0.8740066123570885 -0.17453721459758154 1.7325678016118428e-11
0.8740066123570885 0.17453721459758323 1.7325678018698498e-11
0.8740066123570885 0.5238747138322778 1.5358537506348965e-11
0.8740066123570885 0.8740066123570885 1.923312584401078e-11
0.8740066123570885 1.2254801090462892 1.2995034221913357e-11
0.8740066123570885 1.578869894931614 3.638365675235829e-11
0.8740066123570885 1.9347914722822956 2.582610511490558e-11
0.8740066123570885 2.2939171418750837 9.993752799270745e-10
0.8740066123570885 2.656995998442896 9.147201660970415e-09
0.8740066123570885 3.024879883901285 1.2345081283188487e-07
0.8740066123570885 3.398558265859627 1.1735420001768395e-06
0.8740066123570885 3.779206753435224 9.742678449930699e-06
0.8740066123570885 4.168257066832501 6.340582888818265e-05
0.8740066123570885 4.5675020728443965 0.00032951079457139325
0.8740066123570885 4.9792609785452555 0.001314234462060653
0.8740066123570885 5.406654247970126 0.003955134673248974
0.8740066123570885 5.854095056030399 0.008602240357965458
0.8740066123570885 6.328255351220081 0.012900929391696533
0.8740066123570885 6.840237305249354 0.01219167367984255
0.8740066123570885 7.411582531485466 0.00627464589895279
0.8740066123570885 8.098761139250847 0.001134181984561837
1.2254801090462892 -8.09876113925085 0.0009908618948459263
1.2254801090462892 -7.411582531485468 0.0057630351923038965
1.2254801090462892 -6.840237305249354 0.01179922345569592
1.2254801090462892 -6.3282553512200845 0.013183700548228578
1.2254801090462892 -5.8540950560304035 0.00932409421116454
1.2254801090462892 -5.406654247970128 0.00457093949989237
1.2254801090462892 -4.979260978545257 0.001631812164839342
1.2254801090462892 -4.567502072844396 0.0004431834876028983
1.2254801090462892 -4.168257066832499 9.354818154224338e-05
1.2254801090462892 -3.7792067534352225 1.5939300536735534e-05
1.2254801090462892 -3.3985582658596285 2.18344222072291e-06
1.2254801090462892 -3.0248798839012845 2.605788506087357e-07
1.2254801090462892 -2.6569959984428952 2.3947222200968417e-08
1.2254801090462892 -2.2939171418750837 2.5308207993790798e-09
1.2254801090462892 -1.9347914722822965 8.610787205943806e-11
1.2254801090462892 -1.578869894931614 3.3532826383339215e-11
1.2254801090462892 -1.225480109046289 1.0917718294710234e-11
1.2254801090462892 -0.8740066123570872 1.2995034222256952e-11
1.2254801090462892 -0.5238747138322762 1.727722878114978e-11
1.2254801090462892 -0.17453721459758154 1.6064586683295775e-11
1.2254801090462892 0.17453721459758323 1.6064586683166007e-11
1.2254801090462892 0.5238747138322778 1.727722878240064e-11
1.2254801090462892 0.8740066123570885 1.299503422171119e-11
1.2254801090462892 1.2254801090462892 1.0917718295559278e-11
1.2254801090462892 1.578869894931614 3.353282638224217e-11
1.2254801090462892 1.9347914722822956 8.610787206468661e-11
1.2254801090462892 2.2939171418750837 2.5308207994009442e-09
1.2254801090462892 2.656995998442896 2.3947222200937722e-08
1.2254801090462892 3.024879883901285 2.605788506065767e-07
1.2254801090462892 3.398558265859627 2.1834422207005657e-06
1.2254801090462892 3.779206753435224 1.5939300536548604e-05
1.2254801090462892 4.168257066832501 9.354818154114501e-05
1.2254801090462892 4.5675020728443965 0.00044318348759803973
1.2254801090462892 4.9792609785452555 0.0016318121648176576
1.2254801090462892 5.406654247970126 0.004570939499700414
1.2254801090462892 5.854095056030399 0.00932409421166754
1.2254801090462892 6.328255351220081 0.013183700623995572
1.2254801090462892 6.840237305249354 0.011799223954039519
1.2254801090462892 7.411582531485466 0.005763038766354055
1.2254801090462892 8.098761139250847 0.0009908655528258826
1.578869894931614 -8.09876113925085 0.0008217461072020613
1.578869894931614 -7.411582531485468 0.0051056731315665994
1.578869894931614 -6.840237305249354 0.0111953246368146
1.578869894931614 -6.3282553512200845 0.013429528921245286
1.578869894931614 -5.8540950560304035 0.01025262609362711
1.578869894931614 -5.406654247970128 0.005460303471271111
1.578869894931614 -4.979260978545257 0.0021371138858984197
1.578869894931614 -4.567502072844396 0.0006426956752055233
1.578869894931614 -4.168257066832499 0.00015242228536652448
1.578869894931614 -3.7792067534352225 2.9575108083932802e-05
1.578869894931614 -3.3985582658596285 4.740790757459589e-06
1.578869894931614 -3.0248798839012845 6.683254378503808e-07
1.578869894931614 -2.6569959984428952 7.948619723781828e-08
1.578869894931614 -2.2939171418750837 1.0056676574300274e-08
1.578869894931614 -1.9347914722822965 9.618953036556431e-10
1.578869894931614 -1.578869894931614 2.2807796644057168e-10
1.578869894931614 -1.225480109046289 3.353282638202552e-11
1.578869894931614 -0.8740066123570872 3.638365674920181e-11
1.578869894931614 -0.5238747138322762 2.074488606946361e-11
1.578869894931614 -0.17453721459758154 2.3804412918772643e-11
1.578869894931614 0.17453721459758323 2.3804412918888252e-11
1.578869894931614 0.5238747138322778 2.0744886068812574e-11
1.578869894931614 0.8740066123570885 3.6383656752072023e-11
1.578869894931614 1.2254801090462892 3.353282638461872e-11
1.578869894931614 1.578869894931614 2.2807796644506745e-10
1.578869894931614 1.9347914722822956 9.618953036646164e-10
1.578869894931614 2.2939171418750837 1.0056676574249407e-08
1.578869894931614 2.656995998442896 7.94861972373315e-08
1.578869894931614 3.024879883901285 6.68325437844099e-07
1.578869894931614 3.398558265859627 4.740790757409341e-06
1.578869894931614 3.779206753435224 2.9575108083597188e-05
1.578869894931614 4.168257066832501 0.00015242228536478338
1.578869894931614 4.5675020728443965 0.0006426956751986513
1.578869894931614 4.9792609785452555 0.0021371138858704607
1.578869894931614 5.406654247970126 0.005460303471042762
1.578869894931614 5.854095056030399 0.010252626094181781
1.578869894931614 6.328255351220081 0.013429528998426938
1.578869894931614 6.840237305249354 0.011195325109653818
1.578869894931614 7.411582531485466 0.005105676297942494
1.578869894931614 8.098761139250847 0.0008217491408548134
1.9347914722822956 -8.09876113925085 0.0006430354917427327
1.9347914722822956 -7.411582531485468 0.004334431061105508
1.9347914722822956 -6.840237305249354 0.010335694336467735
1.9347914722822956 -6.3282553512200845 0.0135176603912195
1.9347914722822956 -5.8540950560304035 0.011319339550486585
1.9347914722822956 -5.406654247970128 0.006659635255069093
1.9347914722822956 -4.979260978545257 0.002908286854742132
1.9347914722822956 -4.567502072844396 0.0009865881594477482
1.9347914722822956 -4.168257066832499 0.00026795944239224227
1.9347914722822956 -3.7792067534352225 6.041280674497655e-05
1.9347914722822956 -3.3985582658596285 1.1529159638635658e-05
1.9347914722822956 -3.0248798839012845 1.956026868264567e-06
1.9347914722822956 -2.6569959984428952 2.942142903845313e-07
1.9347914722822956 -2.2939171418750837 4.402898656844609e-08
1.9347914722822956 -1.9347914722822965 5.730153553716112e-09
1.9347914722822956 -1.578869894931614 9.618953036555764e-10
1.9347914722822956 -1.225480109046289 8.610787205880567e-11
1.9347914722822956 -0.8740066123570872 2.5826105111645605e-11
1.9347914722822956 -0.5238747138322762 2.499195746799307e-12
1.9347914722822956 -0.17453721459758154 5.941574792335006e-12
1.9347914722822956 0.17453721459758323 5.9415747919879646e-12
1.9347914722822956 0.5238747138322778 2.4991957468824125e-12
1.9347914722822956 0.8740066123570885 2.5826105114185763e-11
1.9347914722822956 1.2254801090462892 8.610787206479293e-11
1.9347914722822956 1.578869894931614 9.618953036642617e-10
1.9347914722822956 1.9347914722822956 5.730153553709361e-09
1.9347914722822956 2.2939171418750837 4.402898656809104e-08
1.9347914722822956 2.656995998442896 2.942142903820289e-07
1.9347914722822956 3.024879883901285 1.956026868245595e-06
1.9347914722822956 3.398558265859627 1.1529159638517118e-05
1.9347914722822956 3.779206753435224 6.0412806744313514e-05
1.9347914722822956 4.168257066832501 0.0002679594423892911
1.9347914722822956 4.5675020728443965 0.0009865881594375717
1.9347914722822956 4.9792609785452555 0.002908286854704945
1.9347914722822956 5.406654247970126 0.006659635254792191
1.9347914722822956 5.854095056030399 0.011319339551101001
1.9347914722822956 6.328255351220081 0.013517660468909789
1.9347914722822956 6.840237305249354 0.010335694773001681
1.9347914722822956 7.411582531485466 0.004334433749182394
1.9347914722822956 8.098761139250847 0.0006430378656468997
2.2939171418750837 -8.09876113925085 0.00047120406179043255
2.2939171418750837 -7.411582531485468 0.0034970694930412253
2.2939171418750837 -6.840237305249354 0.00919824459041358
2.2939171418750837 -6.3282553512200845 0.013301908187120381
2.2939171418750837 -5.8540950560304035 0.012392375056546782
2.2939171418750837 -5.406654247970128 0.008172227226232275
2.2939171418750837 -4.979260978545257 0.004041092122298157
2.2939171418750837 -4.567502072844396 0.001569764643621139
2.2939171418750837 -4.168257066832499 0.0004954531499460206
2.2939171418750837 -3.7792067534352225 0.00013172996410723111
2.2939171418750837 -3.3985582658596285 3.0298711098029456e-05
2.2939171418750837 -3.0248798839012845 6.2928895698300644e-06
2.2939171418750837 -2.6569959984428952 1.2066780573099003e-06
2.2939171418750837 -2.2939171418750837 2.3067894579393e-07
2.2939171418750837 -1.9347914722822965 4.4028986568330565e-08
2.2939171418750837 -1.578869894931614 1.0056676574246074e-08
2.2939171418750837 -1.225480109046289 2.530820799357589e-09
2.2939171418750837 -0.8740066123570872 9.9937527990781e-10
2.2939171418750837 -0.5238747138322762 4.746390148368181e-10
2.2939171418750837 -0.17453721459758154 3.633122946844855e-10
2.2939171418750837 0.17453721459758323 3.6331229468779815e-10
2.2939171418750837 0.5238747138322778 4.746390148413109e-10
2.2939171418750837 0.8740066123570885 9.993752799115212e-10
2.2939171418750837 1.2254801090462892 2.5308207993901297e-09
2.2939171418750837 1.578869894931614 1.0056676574234758e-08
2.2939171418750837 1.9347914722822956 4.402898656808354e-08
2.2939171418750837 2.2939171418750837 2.3067894579226312e-07
2.2939171418750837 2.656995998442896 1.2066780572991455e-06
2.2939171418750837 3.024879883901285 6.29288956977047e-06
2.2939171418750837 3.398558265859627 3.0298711097724748e-05
2.2939171418750837 3.779206753435224 0.0001317299641058376
2.2939171418750837 4.168257066832501 0.0004954531499407932
2.2939171418750837 4.5675020728443965 0.0015697646436055512
2.2939171418750837 4.9792609785452555 0.0040410921222478295
2.2939171418750837 5.406654247970126 0.008172227225894614
2.2939171418750837 5.854095056030399 0.012392375057222255
2.2939171418750837 6.328255351220081 0.013301908263573246
2.2939171418750837 6.840237305249354 0.009198244978908265
2.2939171418750837 7.411582531485466 0.0034970716618135584
2.2939171418750837 8.098761139250847 0.0004712058013419105
2.656995998442896 -8.09876113925085 0.00032036831257812324
2.656995998442896 -7.411582531485468 0.0026548141557980586
2.656995998442896 -6.840237305249354 0.0078034082949908325
2.656995998442896 -6.3282553512200845 0.01263626665955873
2.656995998442896 -5.8540950560304035 0.01326036071762661
2.656995998442896 -5.406654247970128 0.009922400145020124
2.656995998442896 -4.979260978545257 0.005622112444777942
2.656995998442896 -4.567502072844396 0.0025295357187999443
2.656995998442896 -4.168257066832499 0.0009372343538418268
2.656995998442896 -3.7792067534352225 0.000296499536828552
2.656995998442896 -3.3985582658596285 8.25638514828243e-05
2.656995998442896 -3.0248798839012845 2.1033038838110628e-05
2.656995998442896 -2.6569959984428952 5.053012676182995e-06
2.656995998442896 -2.2939171418750837 1.2066780573078742e-06
2.656995998442896 -1.9347914722822965 2.942142903833529e-07
2.656995998442896 -1.578869894931614 7.948619723726634e-08
2.656995998442896 -1.225480109046289 2.3947222200776703e-08
2.656995998442896 -0.8740066123570872 9.147201660859343e-09
2.656995998442896 -0.5238747138322762 4.362932246310376e-09
2.656995998442896 -0.17453721459758154 3.0158138608480065e-09
2.656995998442896 0.17453721459758323 3.0158138608455423e-09
2.656995998442896 0.5238747138322778 4.362932246349715e-09
2.656995998442896 0.8740066123570885 9.147201660881567e-09
2.656995998442896 1.2254801090462892 2.3947222200713093e-08
2.656995998442896 1.578869894931614 7.948619723713327e-08
2.656995998442896 1.9347914722822956 2.9421429038156027e-07
2.656995998442896 2.2939171418750837 1.206678057298563e-06
2.656995998442896 2.656995998442896 5.0530126761368614e-06
2.656995998442896 3.024879883901285 2.1033038837913273e-05
2.656995998442896 3.398558265859627 8.2563851482021e-05
2.656995998442896 3.779206753435224 0.00029649953682553783
2.656995998442896 4.168257066832501 0.0009372343538323076
2.656995998442896 4.5675020728443965 0.0025295357187758026
2.656995998442896 4.9792609785452555 0.005622112444709937
2.656995998442896 5.406654247970126 0.009922400144613198
2.656995998442896 5.854095056030399 0.013260360718352864
2.656995998442896 6.328255351220081 0.012636266732188614
2.656995998442896 6.840237305249354 0.007803408624574924
2.656995998442896 7.411582531485466 0.0026548158022305143
2.656995998442896 8.098761139250847 0.0003203694952869068
3.024879883901285 -8.09876113925085 0.00019987674076711817
3.024879883901285 -7.411582531485468 0.0018740320527169164
3.024879883901285 -6.840237305249354 0.006228782497354731
3.024879883901285 -6.3282553512200845 0.011420828595398913
3.024879883901285 -5.8540950560304035 0.013642970636547035
3.024879883901285 -5.406654247970128 0.011700372642545549
3.024879883901285 -4.979260978545257 0.007666468903577538
3.024879883901285 -4.567502072844396 0.004028260345941242
3.024879883901285 -4.168257066832499 0.0017635302181349879
3.024879883901285 -3.7792067534352225 0.0006669975107181187
3.024879883901285 -3.3985582658596285 0.00022513632047910082
3.024879883901285 -3.0248798839012845 7.032882522633652e-05
3.024879883901285 -2.6569959984428952 2.1033038838083465e-05
3.024879883901285 -2.2939171418750837 6.292889569811965e-06
3.024879883901285 -1.9347914722822965 1.9560268682543767e-06
3.024879883901285 -1.578869894931614 6.683254378453217e-07
3.024879883901285 -1.225480109046289 2.605788506062008e-07
3.024879883901285 -0.8740066123570872 1.2345081283144348e-07
3.024879883901285 -0.5238747138322762 7.27882239041379e-08
3.024879883901285 -0.17453721459758154 5.573651953345482e-08
3.024879883901285 0.17453721459758323 5.573651953344279e-08
3.024879883901285 0.5238747138322778 7.278822390429495e-08
3.024879883901285 0.8740066123570885 1.2345081283149923e-07
3.024879883901285 1.2254801090462892 2.6057885060575517e-07
3.024879883901285 1.578869894931614 6.683254378427601e-07
3.024879883901285 1.9347914722822956 1.9560268682428677e-06
3.024879883901285 2.2939171418750837 6.29288956976523e-06
3.024879883901285 2.656995998442896 2.1033038837906923e-05
3.024879883901285 3.024879883901285 7.032882522570868e-05
3.024879883901285 3.398558265859627 0.00022513632047700815
3.024879883901285 3.779206753435224 0.0006669975107116316
3.024879883901285 4.168257066832501 0.0017635302181177753
3.024879883901285 4.5675020728443965 0.004028260345904362
3.024879883901285 4.9792609785452555 0.007666468903487458
3.024879883901285 5.406654247970126 0.011700372642069497
3.024879883901285 5.854095056030399 0.013642970637298062
3.024879883901285 6.328255351220081 0.011420828661045579
3.024879883901285 6.840237305249354 0.006228782760434343
3.024879883901285 7.411582531485466 0.001874033214933014
3.024879883901285 8.098761139250847 0.00019987747865525543
3.398558265859627 -8.09876113925085 0.00011294146191118893
3.398558265859627 -7.411582531485468 0.0012130450081903493
3.398558265859627 -6.840237305249354 0.004607662682165645
3.398558265859627 -6.3282553512200845 0.009659179947751832
3.398558265859627 -5.8540950560304035 0.01325092049001545
3.398558265859627 -5.406654247970128 0.013128520360313452
3.398558265859627 -4.979260978545257 0.010015026896667658
3.398558265859627 -4.567502072844396 0.0061784801504824165
3.398558265859627 -4.168257066832499 0.0032063496709086874
3.398558265859627 -3.7792067534352225 0.001451070352745367
3.398558265859627 -3.3985582658596285 0.0005918602601909158
3.398558265859627 -3.0248798839012845 0.00022513632047882392
3.398558265859627 -2.6569959984428952 8.256385148261275e-05
3.398558265859627 -2.2939171418750837 3.0298711097904603e-05
3.398558265859627 -1.9347914722822965 1.1529159638567796e-05
3.398558265859627 -1.578869894931614 4.740790757421578e-06
3.398558265859627 -1.225480109046289 2.1834422207014466e-06
3.398558265859627 -0.8740066123570872 1.1735420001755592e-06
3.398558265859627 -0.5238747138322762 7.580801577158413e-07
3.398558265859627 -0.17453721459758154 6.055885754001927e-07
3.398558265859627 0.17453721459758323 6.055885754000667e-07
3.398558265859627 0.5238747138322778 7.580801577152866e-07
3.398558265859627 0.8740066123570885 1.173542000173354e-06
3.398558265859627 1.2254801090462892 2.1834422206953636e-06
3.398558265859627 1.578869894931614 4.740790757400529e-06
3.398558265859627 1.9347914722822956 1.1529159638502368e-05
3.398558265859627 2.2939171418750837 3.0298711097701658e-05
3.398558265859627 2.656995998442896 8.256385148198474e-05
3.398558265859627 3.024879883901285 0.0002251363204769707
3.398558265859627 3.398558265859627 0.0005918602601857675
3.398558265859627 3.779206753435224 0.00145107035273195
3.398558265859627 4.168257066832501 0.0032063496708787925
3.398558265859627 4.5675020728443965 0.006178480150428352
3.398558265859627 4.9792609785452555 0.010015026896553616
3.398558265859627 5.406654247970126 0.013128520359783562
3.398558265859627 5.854095056030399 0.013250920490748767
3.398558265859627 6.328255351220081 0.009659180003275019
3.398558265859627 6.840237305249354 0.004607662876776444
3.398558265859627 7.411582531485466 0.0012130457604831227
3.398558265859627 8.098761139250847 0.00011294187885897656
3.779206753435224 -8.09876113925085 5.690453831642487e-05
3.779206753435224 -7.411582531485468 0.0007082718464910451
3.779206753435224 -6.840237305249354 0.003103743358723827
3.779206753435224 -6.3282553512200845 0.007501137080956093
3.779206753435224 -5.8540950560304035 0.011902977052011883
3.779206753435224 -5.406654247970128 0.013707261551522045
3.779206753435224 -4.979260978545257 0.012230698015762362
3.779206753435224 -4.567502072844396 0.008885994398453344
3.779206753435224 -4.168257066832499 0.005471021786060576
3.779206753435224 -3.7792067534352225 0.002958089047467397
3.779206753435224 -3.3985582658596285 0.0014510703527434682
3.779206753435224 -3.0248798839012845 0.0006669975107164487
3.779206753435224 -2.6569959984428952 0.0002964995368274281
3.779206753435224 -2.2939171418750837 0.00013172996410653855
3.779206753435224 -1.9347914722822965 6.041280674456016e-05
3.779206753435224 -1.578869894931614 2.9575108083677205e-05
3.779206753435224 -1.225480109046289 1.5939300536569946e-05
3.779206753435224 -0.8740066123570872 9.742678449927192e-06
3.779206753435224 -0.5238747138322762 6.912899540538649e-06
3.779206753435224 -0.17453721459758154 5.797671294839779e-06
3.779206753435224 0.17453721459758323 5.797671294836014e-06
3.779206753435224 0.5238747138322778 6.912899540527317e-06
3.779206753435224 0.8740066123570885 9.74267844990438e-06
3.779206753435224 1.2254801090462892 1.593930053651532e-05
3.779206753435224 1.578869894931614 2.9575108083545498e-05
3.779206753435224 1.9347914722822956 6.0412806744235784e-05
3.779206753435224 2.2939171418750837 0.00013172996410571453
3.779206753435224 2.656995998442896 0.00029649953682535054
3.779206753435224 3.024879883901285 0.000666997510711374
3.779206753435224 3.398558265859627 0.0014510703527316972
3.779206753435224 3.779206753435224 0.0029580890474416154
3.779206753435224 4.168257066832501 0.0054710217860120995
3.779206753435224 4.5675020728443965 0.008885994398379206
3.779206753435224 4.9792609785452555 0.012230698015627697
3.779206753435224 5.406654247970126 0.013707261550973465
3.779206753435224 5.854095056030399 0.011902977052674278
3.779206753435224 6.328255351220081 0.007501137124076463
3.779206753435224 6.840237305249354 0.003103743489815294
3.779206753435224 7.411582531485466 0.0007082722857393323
3.779206753435224 8.098761139250847 5.690474839182207e-05
4.168257066832501 -8.09876113925085 2.508995847817429e-05
4.168257066832501 -7.411582531485468 0.00036582216342409475
4.168257066832501 -6.840237305249354 0.0018650675103406844
4.168257066832501 -6.3282553512200845 0.005233704137654136
4.168257066832501 -5.8540950560304035 0.009662404632109114
4.168257066832501 -5.406654247970128 0.012991678155377275
4.168257066832501 -4.979260978545257 0.013598810873761719
4.168257066832501 -4.567502072844396 0.011648738935572936
4.168257066832501 -4.168257066832499 0.008499747294653354
4.168257066832501 -3.7792067534352225 0.005471021786056139
4.168257066832501 -3.3985582658596285 0.003206349670901935
4.168257066832501 -3.0248798839012845 0.0017635302181292084
4.168257066832501 -2.6569959984428952 0.0009372343538376113
4.168257066832501 -2.2939171418750837 0.0004954531499431321
4.168257066832501 -1.9347914722822965 0.0002679594423902912
4.168257066832501 -1.578869894931614 0.00015242228536518101
4.168257066832501 -1.225480109046289 9.35481815412785e-05
4.168257066832501 -0.8740066123570872 6.340582888818844e-05
4.168257066832501 -0.5238747138322762 4.83618560965379e-05
4.168257066832501 -0.17453721459758154 4.2087503375630755e-05
4.168257066832501 0.17453721459758323 4.2087503375606855e-05
4.168257066832501 0.5238747138322778 4.8361856096458555e-05
4.168257066832501 0.8740066123570885 6.340582888802683e-05
4.168257066832501 1.2254801090462892 9.354818154096136e-05
4.168257066832501 1.578869894931614 0.00015242228536453396
4.168257066832501 1.9347914722822956 0.00026795944238894206
4.168257066832501 2.2939171418750837 0.0004954531499402651
4.168257066832501 2.656995998442896 0.0009372343538315662
4.168257066832501 3.024879883901285 0.0017635302181167928
4.168257066832501 3.398558265859627 0.0032063496708776814
4.168257066832501 3.779206753435224 0.005471021786011175
4.168257066832501 4.168257066832501 0.008499747294582005
4.168257066832501 4.5675020728443965 0.01164873893548067
4.168257066832501 4.9792609785452555 0.013598810873617348
4.168257066832501 5.406654247970126 0.012991678154862123
4.168257066832501 5.854095056030399 0.009662404632650149
4.168257066832501 6.328255351220081 0.005233704167741721
4.168257066832501 6.840237305249354 0.0018650675891151874
4.168257066832501 7.411582531485466 0.0003658223902957587
4.168257066832501 8.098761139250847 2.509005110318282e-05
4.5675020728443965 -8.09876113925085 9.461480869599044e-06
4.5675020728443965 -7.411582531485468 0.0001632488049414078
4.5675020728443965 -6.840237305249354 0.0009756538568928623
4.5675020728443965 -6.3282553512200845 0.0031984401343074843
4.5675020728443965 -5.8540950560304035 0.006902319206361217
4.5675020728443965 -5.406654247970128 0.010871149825146715
4.5675020728443965 -4.979260978545257 0.013370523627759348
4.5675020728443965 -4.567502072844396 0.013501180823380083
4.5675020728443965 -4.168257066832499 0.011648738935571529
4.5675020728443965 -3.7792067534352225 0.008885994398445242
4.5675020728443965 -3.3985582658596285 0.00617848015046901
4.5675020728443965 -3.0248798839012845 0.00402826034592801
4.5675020728443965 -2.6569959984428952 0.002529535718788667
4.5675020728443965 -2.2939171418750837 0.0015697646436121694
4.5675020728443965 -1.9347914722822965 0.0009865881594408312
4.5675020728443965 -1.578869894931614 0.0006426956752001367
4.5675020728443965 -1.225480109046289 0.00044318348759858725
4.5675020728443965 -0.8740066123570872 0.00032951079457142974
4.5675020728443965 -0.5238747138322762 0.00026807957153227746
4.5675020728443965 -0.17453721459758154 0.0002411556150030882
4.5675020728443965 0.17453721459758323 0.00024115561500297122
4.5675020728443965 0.5238747138322778 0.000268079571531868
4.5675020728443965 0.8740066123570885 0.0003295107945706335
4.5675020728443965 1.2254801090462892 0.0004431834875971711
4.5675020728443965 1.578869894931614 0.0006426956751975901
4.5675020728443965 1.9347914722822956 0.0009865881594362234
4.5675020728443965 2.2939171418750837 0.0015697646436037594
4.5675020728443965 2.656995998442896 0.0025295357187734508
4.5675020728443965 3.024879883901285 0.0040282603459014694
4.5675020728443965 3.398558265859627 0.006178480150425123
4.5675020728443965 3.779206753435224 0.008885994398376219
4.5675020728443965 4.168257066832501 0.011648738935478782
4.5675020728443965 4.5675020728443965 0.01350118082327888
4.5675020728443965 4.9792609785452555 0.013370523627622822
4.5675020728443965 5.406654247970126 0.010871149824719758
4.5675020728443965 5.854095056030399 0.006902319206750149
4.5675020728443965 6.328255351220081 0.003198440152695764
4.5675020728443965 6.840237305249354 0.0009756538981016381
4.5675020728443965 7.411582531485466 0.0001632489061833358
4.5675020728443965 8.098761139250847 9.461515798705923e-06
4.9792609785452555 -8.09876113925085 2.965177494546809e-06
4.9792609785452555 -7.411582531485468 6.113161276654815e-05
4.9792609785452555 -6.840237305249354 0.0004312630597152087
4.9792609785452555 -6.3282553512200845 0.0016605097883497736
4.9792609785452555 -5.8540950560304035 0.004204827872268287
4.9792609785452555 -5.406654247970128 0.007775841395727966
4.9792609785452555 -4.979260978545257 0.011244885932684048
4.9792609785452555 -4.567502072844396 0.013370523627715694
4.9792609785452555 -4.168257066832499 0.013598810873715794
4.9792609785452555 -3.7792067534352225 0.012230698015711668
4.9792609785452555 -3.3985582658596285 0.010015026896614031
4.9792609785452555 -3.0248798839012845 0.0076664689035284145
4.9792609785452555 -2.6569959984428952 0.005622112444735648
4.9792609785452555 -2.2939171418750837 0.004041092122262997
4.9792609785452555 -1.9347914722822965 0.0029082868547133664
4.9792609785452555 -1.578869894931614 0.002137113885874644
4.9792609785452555 -1.225480109046289 0.0016318121648192514
4.9792609785452555 -0.8740066123570872 0.0013142344620605856
4.9792609785452555 -0.5238747138322762 0.0011297775541182404
4.9792609785452555 -0.17453721459758154 0.001045273201280914
4.9792609785452555 0.17453721459758323 0.0010452732012804552
4.9792609785452555 0.5238747138322778 0.0011297775541167262
4.9792609785452555 0.8740066123570885 0.001314234462057738
4.9792609785452555 1.2254801090462892 0.001631812164814453
4.9792609785452555 1.578869894931614 0.002137113885866861
4.9792609785452555 1.9347914722822956 0.002908286854700763
4.9792609785452555 2.2939171418750837 0.004041092122242857
4.9792609785452555 2.656995998442896 0.005622112444704005
4.9792609785452555 3.024879883901285 0.0076664689034808475
4.9792609785452555 3.398558265859627 0.010015026896546767
4.9792609785452555 3.779206753435224 0.012230698015621655
4.9792609785452555 4.168257066832501 0.013598810873613114
4.9792609785452555 4.5675020728443965 0.013370523627620827
4.9792609785452555 4.9792609785452555 0.011244885932573553
4.9792609785452555 5.406654247970126 0.007775841395425539
4.9792609785452555 5.854095056030399 0.004204827872506738
4.9792609785452555 6.328255351220081 0.0016605097978968407
4.9792609785452555 6.840237305249354 0.0004312630779306181
4.9792609785452555 7.411582531485466 6.11316506785231e-05
4.9792609785452555 8.098761139250847 2.9651884411440666e-06
5.406654247970126 -8.09876113925085 7.440428159988421e-07
5.406654247970126 -7.411582531485468 1.850432661152775e-05
5.406654247970126 -6.840237305249354 0.00015511654952094333
5.406654247970126 -6.3282553512200845 0.0007049610600746581
5.406654247970126 -5.8540950560304035 0.002101784771919601
5.406654247970126 -5.406654247970128 0.004572019150928718
5.406654247970126 -4.979260978545257 0.007775841395497989
5.406654247970126 -4.567502072844396 0.010871149824789728
5.406654247970126 -4.168257066832499 0.012991678154949325
5.406654247970126 -3.7792067534352225 0.013707261551060553
5.406654247970126 -3.3985582658596285 0.013128520359856045
5.406654247970126 -3.0248798839012845 0.011700372642126372
5.406654247970126 -2.6569959984428952 0.009922400144654137
5.406654247970126 -2.2939171418750837 0.008172227225921801
5.406654247970126 -1.9347914722822965 0.006659635254808773
5.406654247970126 -1.578869894931614 0.005460303471051551
5.406654247970126 -1.225480109046289 0.004570939499703593
5.406654247970126 -0.8740066123570872 0.003955134673247989
5.406654247970126 -0.5238747138322762 0.003571572622253245
5.406654247970126 -0.17453721459758154 0.0033882510207012087
5.406654247970126 0.17453721459758323 0.0033882510206998417
5.406654247970126 0.5238747138322778 0.0035715726222489944
5.406654247970126 0.8740066123570885 0.003955134673240266
5.406654247970126 1.2254801090462892 0.004570939499691323
5.406654247970126 1.578869894931614 0.005460303471033167
5.406654247970126 1.9347914722822956 0.006659635254781903
5.406654247970126 2.2939171418750837 0.00817222722588369
5.406654247970126 2.656995998442896 0.009922400144601681
5.406654247970126 3.024879883901285 0.011700372642057876
5.406654247970126 3.398558265859627 0.01312852035977277
5.406654247970126 3.779206753435224 0.013707261550964703
5.406654247970126 4.168257066832501 0.012991678154856197
5.406654247970126 4.5675020728443965 0.010871149824716533
5.406654247970126 4.9792609785452555 0.0077758413954243395
5.406654247970126 5.406654247970126 0.0045720191507524505
5.406654247970126 5.854095056030399 0.002101784772039471
5.406654247970126 6.328255351220081 0.0007049610641280048
5.406654247970126 6.840237305249354 0.00015511655607268614
5.406654247970126 7.411582531485466 1.8504338087358186e-05
5.406654247970126 8.098761139250847 7.440455627952407e-07
5.854095056030399 -8.09876113925085 1.421088555595355e-07
5.854095056030399 -7.411582531485468 4.305634477074543e-06
5.854095056030399 -6.840237305249354 4.3179656598369426e-05
5.854095056030399 -6.3282553512200845 0.00023279024897671752
5.854095056030399 -5.8540950560304035 0.0008199071181109087
5.854095056030399 -5.406654247970128 0.0021017847721194905
5.854095056030399 -4.979260978545257 0.004204827872543847
5.854095056030399 -4.567502072844396 0.006902319206791189
5.854095056030399 -4.168257066832499 0.009662404632710292
5.854095056030399 -3.7792067534352225 0.011902977052744158
5.854095056030399 -3.3985582658596285 0.01325092049081578
5.854095056030399 -3.0248798839012845 0.013642970637358313
5.854095056030399 -2.6569959984428952 0.013260360718402038
5.854095056030399 -2.2939171418750837 0.012392375057258648
5.854095056030399 -1.9347914722822965 0.011319339551125206
5.854095056030399 -1.578869894931614 0.010252626094195196
5.854095056030399 -1.225480109046289 0.009324094211671796
5.854095056030399 -0.8740066123570872 0.008602240357961978
5.854095056030399 -0.5238747138322762 0.008115366869852626
5.854095056030399 -0.17453721459758154 0.007871497562084736
5.854095056030399 0.17453721459758323 0.007871497562081902
5.854095056030399 0.5238747138322778 0.008115366869843797
5.854095056030399 0.8740066123570885 0.008602240357946456
5.854095056030399 1.2254801090462892 0.009324094211648601
5.854095056030399 1.578869894931614 0.010252626094162914
5.854095056030399 1.9347914722822956 0.011319339551082438
5.854095056030399 2.2939171418750837 0.012392375057204216
5.854095056030399 2.656995998442896 0.013260360718335898
5.854095056030399 3.024879883901285 0.013642970637282805
5.854095056030399 3.398558265859627 0.013250920490736121
5.854095056030399 3.779206753435224 0.011902977052665216
5.854095056030399 4.168257066832501 0.00966240463264444
5.854095056030399 4.5675020728443965 0.006902319206747135
5.854095056030399 4.9792609785452555 0.004204827872505465
5.854095056030399 5.406654247970126 0.002101784772039125
5.854095056030399 5.854095056030399 0.0008199071181578938
5.854095056030399 6.328255351220081 0.00023279025031524637
5.854095056030399 6.840237305249354 4.3179658422178136e-05
5.854095056030399 7.411582531485466 4.3056371473022985e-06
5.854095056030399 8.098761139250847 1.4210938018565884e-07
6.328255351220081 -8.09876113925085 1.9198463165216383e-08
6.328255351220081 -7.411582531485468 7.164944690896681e-07
6.328255351220081 -6.840237305249354 8.662842030616439e-06
6.328255351220081 -6.3282553512200845 5.5722075610555915e-05
6.328255351220081 -5.8540950560304035 0.00023279025030181186
6.328255351220081 -5.406654247970128 0.0007049610641545216
6.328255351220081 -4.979260978545257 0.0016605097979107
6.328255351220081 -4.567502072844396 0.0031984401527132703
6.328255351220081 -4.168257066832499 0.005233704167771901
6.328255351220081 -3.7792067534352225 0.007501137124117185
6.328255351220081 -3.3985582658596285 0.009659180003319721
6.328255351220081 -3.0248798839012845 0.01142082866109122
6.328255351220081 -2.6569959984428952 0.01263626673223049
6.328255351220081 -2.2939171418750837 0.013301908263607396
6.328255351220081 -1.9347914722822965 0.013517660468934276
6.328255351220081 -1.578869894931614 0.013429528998440866
6.328255351220081 -1.225480109046289 0.013183700623999046
6.328255351220081 -0.8740066123570872 0.012900929391689672
6.328255351220081 -0.5238747138322762 0.01266797322093627
6.328255351220081 -0.17453721459758154 0.012538785248861971
6.328255351220081 0.17453721459758323 0.012538785248857619
6.328255351220081 0.5238747138322778 0.012667973220923199
6.328255351220081 0.8740066123570885 0.012900929391667771
6.328255351220081 1.2254801090462892 0.013183700623968349
6.328255351220081 1.578869894931614 0.013429528998401368
6.328255351220081 1.9347914722822956 0.013517660468886286
6.328255351220081 2.2939171418750837 0.01330190826355258
6.328255351220081 2.656995998442896 0.012636266732171095
6.328255351220081 3.024879883901285 0.011420828661031564
6.328255351220081 3.398558265859627 0.0096591800032648
6.328255351220081 3.779206753435224 0.007501137124069866
6.328255351220081 4.168257066832501 0.005233704167738014
6.328255351220081 4.5675020728443965 0.003198440152693978
6.328255351220081 4.9792609785452555 0.0016605097978960866
6.328255351220081 5.406654247970126 0.0007049610641278029
6.328255351220081 5.854095056030399 0.00023279025031522747
6.328255351220081 6.328255351220081 5.572207593096832e-05
6.328255351220081 6.840237305249354 8.662842396516295e-06
6.328255351220081 7.411582531485466 7.164949134387124e-07
6.328255351220081 8.098761139250847 1.9198534040628963e-08
6.840237305249354 -8.09876113925085 1.6322920207915317e-09
6.840237305249354 -7.411582531485468 7.60784243480521e-08
6.840237305249354 -6.840237305249354 1.1200810574893128e-06
6.840237305249354 -6.3282553512200845 8.662842346700817e-06
6.840237305249354 -5.8540950560304035 4.317965841966927e-05
6.840237305249354 -5.406654247970128 0.0001551165560784638
6.840237305249354 -4.979260978545257 0.0004312630779340442
6.840237305249354 -4.567502072844396 0.0009756538981065704
6.840237305249354 -4.168257066832499 0.0018650675891251174
6.840237305249354 -3.7792067534352225 0.003103743489830694
6.840237305249354 -3.3985582658596285 0.00460766287679566
6.840237305249354 -3.0248798839012845 0.006228782760456545
6.840237305249354 -2.6569959984428952 0.00780340862459753
6.840237305249354 -2.2939171418750837 0.009198244978928474
6.840237305249354 -1.9347914722822965 0.010335694773017124
6.840237305249354 -1.578869894931614 0.011195325109662627
6.840237305249354 -1.225480109046289 0.011799223954040374
6.840237305249354 -0.8740066123570872 0.01219167367983446
6.840237305249354 -0.5238747138322762 0.012420683697128771
6.840237305249354 -0.17453721459758154 0.012524698137103744
6.840237305249354 0.17453721459758323 0.012524698137099685
6.840237305249354 0.5238747138322778 0.012420683697116757
6.840237305249354 0.8740066123570885 0.01219167367981532
6.840237305249354 1.2254801090462892 0.011799223954014806
6.840237305249354 1.578869894931614 0.011195325109631931
6.840237305249354 1.9347914722822956 0.010335694772982872
6.840237305249354 2.2939171418750837 0.009198244978892938
6.840237305249354 2.656995998442896 0.0078034086245632505
6.840237305249354 3.024879883901285 0.00622878276042608
6.840237305249354 3.398558265859627 0.0046076628767710934
6.840237305249354 3.779206753435224 0.0031037434898122415
6.840237305249354 4.168257066832501 0.0018650675891137224
6.840237305249354 4.5675020728443965 0.0009756538981010287
6.840237305249354 4.9792609785452555 0.00043126307793041845
6.840237305249354 5.406654247970126 0.00015511655607265205
6.840237305249354 5.854095056030399 4.317965842217779e-05
6.840237305249354 6.328255351220081 8.66284239651521e-06
6.840237305249354 6.840237305249354 1.1200811047992306e-06
6.840237305249354 7.411582531485466 7.607847152959856e-08
6.840237305249354 8.098761139250847 1.6322980467351804e-09
7.411582531485466 -8.09876113925085 7.034228926136692e-11
7.411582531485466 -7.411582531485468 4.178467107074264e-09
7.411582531485466 -6.840237305249354 7.607846831620675e-08
7.411582531485466 -6.3282553512200845 7.164949093182443e-07
7.411582531485466 -5.8540950560304035 4.3056371470503765e-06
7.411582531485466 -5.406654247970128 1.8504338088043483e-05
7.411582531485466 -4.979260978545257 6.113165067899274e-05
7.411582531485466 -4.567502072844396 0.00016324890618410568
7.411582531485466 -4.168257066832499 0.00036582239029757396
7.411582531485466 -3.7792067534352225 0.0007082722857425188
7.411582531485466 -3.3985582658596285 0.0012130457604876026
7.411582531485466 -3.0248798839012845 0.0018740332149387684
7.411582531485466 -2.6569959984428952 0.0026548158022369887
7.411582531485466 -2.2939171418750837 0.0034970716618198355
7.411582531485466 -1.9347914722822965 0.004334433749187406
7.411582531485466 -1.578869894931614 0.005105676297945196
7.411582531485466 -1.225480109046289 0.005763038766353222
7.411582531485466 -0.8740066123570872 0.0062746458989476365
7.411582531485466 -0.5238747138322762 0.00662241112980654
7.411582531485466 -0.17453721459758154 0.006797816923479736
7.411582531485466 0.17453721459758323 0.006797816923477746
7.411582531485466 0.5238747138322778 0.006622411129800764
7.411582531485466 0.8740066123570885 0.0062746458989387435
7.411582531485466 1.2254801090462892 0.0057630387663419585
7.411582531485466 1.578869894931614 0.005105676297932402
7.411582531485466 1.9347914722822956 0.004334433749174087
7.411582531485466 2.2939171418750837 0.0034970716618072193
7.411582531485466 2.656995998442896 0.002654815802226118
7.411582531485466 3.024879883901285 0.0018740332149302698
7.411582531485466 3.398558265859627 0.0012130457604815658
7.411582531485466 3.779206753435224 0.0007082722857385625
7.411582531485466 4.168257066832501 0.00036582239029545093
7.411582531485466 4.5675020728443965 0.00016324890618323897
7.411582531485466 4.9792609785452555 6.113165067850737e-05
7.411582531485466 5.406654247970126 1.8504338087359382e-05
7.411582531485466 5.854095056030399 4.305637147302709e-06
7.411582531485466 6.328255351220081 7.164949134380879e-07
7.411582531485466 6.840237305249354 7.607847152942417e-08
7.411582531485466 7.411582531485466 4.178469698408143e-09
7.411582531485466 8.098761139250847 7.034254893935137e-11
8.098761139250847 -8.09876113925085 8.942408250659277e-13
8.098761139250847 -7.411582531485468 7.034250531853873e-11
8.098761139250847 -6.840237305249354 1.6322979777951254e-09
8.098761139250847 -6.3282553512200845 1.919853393024483e-08
8.098761139250847 -5.8540950560304035 1.4210938017756213e-07
8.098761139250847 -5.406654247970128 7.440455628233641e-07
8.098761139250847 -4.979260978545257 2.965188441167623e-06
8.098761139250847 -4.567502072844396 9.461515798751158e-06
8.098761139250847 -4.168257066832499 2.509005110330147e-05
8.098761139250847 -3.7792067534352225 5.690474839206276e-05
8.098761139250847 -3.3985582658596285 0.00011294187885935368
8.098761139250847 -3.0248798839012845 0.00019987747865578208
8.098761139250847 -2.6569959984428952 0.00032036949528753774
8.098761139250847 -2.2939171418750837 0.0004712058013425537
8.098761139250847 -1.9347914722822965 0.0006430378656474131
8.098761139250847 -1.578869894931614 0.0008217491408549974
8.098761139250847 -1.225480109046289 0.0009908655528255209
8.098761139250847 -0.8740066123570872 0.001134181984560725
8.098761139250847 -0.5238747138322762 0.001237953969904184
8.098761139250847 -0.17453721459758154 0.00129237347287998
8.098761139250847 0.17453721459758323 0.0012923734728796181
8.098761139250847 0.5238747138322778 0.0012379539699031825
8.098761139250847 0.8740066123570885 0.001134181984559292
8.098761139250847 1.2254801090462892 0.0009908655528238076
8.098761139250847 1.578869894931614 0.0008217491408531436
8.098761139250847 1.9347914722822956 0.000643037865645596
8.098761139250847 2.2939171418750837 0.0004712058013409682
8.098761139250847 2.656995998442896 0.0003203694952863092
8.098761139250847 3.024879883901285 0.00019987747865493304
8.098761139250847 3.398558265859627 0.00011294187885882513
8.098761139250847 3.779206753435224 5.6904748391757524e-05
8.098761139250847 4.168257066832501 2.5090051103161242e-05
8.098761139250847 4.5675020728443965 9.461515798701998e-06
8.098761139250847 4.9792609785452555 2.965188441145279e-06
8.098761139250847 5.406654247970126 7.440455627963583e-07
8.098761139250847 5.854095056030399 1.4210938018601311e-07
8.098761139250847 6.328255351220081 1.9198534040633268e-08
8.098761139250847 6.840237305249354 1.6322980467307556e-09
8.098761139250847 7.411582531485466 7.034254893970722e-11
8.098761139250847 8.098761139250847 8.942441262523623e-13
