-8.09876113925085 -8.09876113925085 1.4341999083599263e-12
-8.09876113925085 -7.411582531485468 1.2856526437974102e-10
-8.09876113925085 -6.840237305249354 3.2665536910510134e-09
-8.09876113925085 -6.3282553512200845 4.1219391565620513e-08
-8.09876113925085 -5.8540950560304035 3.231151692960372e-07
-8.09876113925085 -5.406654247970128 1.7750188839484073e-06
-8.09876113925085 -4.979260978545257 7.36947540014849e-06
-8.09876113925085 -4.567502072844396 2.4358208802324914e-05
-8.09876113925085 -4.168257066832499 6.659201542992333e-05
-8.09876113925085 -3.7792067534352225 0.0001550739077831205
-8.09876113925085 -3.3985582658596285 0.00031489770790075463
-8.09876113925085 -3.0248798839012845 0.0005683635242871263
-8.09876113925085 -2.6569959984428952 0.0009264408585255918
-8.09876113925085 -2.2939171418750837 0.001382117592197336
-8.09876113925085 -1.9347914722822965 0.0019084954662027748
-8.09876113925085 -1.578869894931614 0.00246230134485373
-8.09876113925085 -1.225480109046289 0.0029912605925397355
-8.09876113925085 -0.8740066123570872 0.0034427238667110952
-8.09876113925085 -0.5238747138322762 0.00377126407317533
-8.09876113925085 -0.17453721459758154 0.0039440712194864815
-8.09876113925085 0.17453721459758323 0.0039440712194861545
-8.09876113925085 0.5238747138322778 0.0037712640731745253
-8.09876113925085 0.8740066123570885 0.003442723866709842
-8.09876113925085 1.2254801090462892 0.0029912605925382354
-8.09876113925085 1.578869894931614 0.002462301344852119
-8.09876113925085 1.9347914722822956 0.0019084954662012075
-8.09876113925085 2.2939171418750837 0.0013821175921960146
-8.09876113925085 2.656995998442896 0.0009264408585245891
-8.09876113925085 3.024879883901285 0.0005683635242864886
-8.09876113925085 3.398558265859627 0.0003148977079004377
-8.09876113925085 3.779206753435224 0.0001550739077829093
-8.09876113925085 4.168257066832501 6.659201542987116e-05
-8.09876113925085 4.5675020728443965 2.4358208802349495e-05
-8.09876113925085 4.9792609785452555 7.369475400117216e-06
-8.09876113925085 5.406654247970126 1.775018883836733e-06
-8.09876113925085 5.854095056030399 3.2311516933729397e-07
-8.09876113925085 6.328255351220081 4.121939201355319e-08
-8.09876113925085 6.840237305249354 3.2665539374082163e-09
-8.09876113925085 7.411582531485466 1.2856539591696364e-10
-8.09876113925085 8.098761139250847 1.4342075867290035e-12
-7.411582531485468 -8.09876113925085 1.2856526438002092e-10
-7.411582531485468 -7.411582531485468 9.244081596632096e-09
-7.411582531485468 -6.840237305249354 1.9172937352650497e-07
-7.411582531485468 -6.3282553512200845 1.994464544095502e-06
-7.411582531485468 -5.8540950560304035 1.2983296094448145e-05
-7.411582531485468 -5.406654247970128 5.962114887772914e-05
-7.411582531485468 -4.979260978545257 0.00020829596071052258
-7.411582531485468 -4.567502072844396 0.0005834467068977145
-7.411582531485468 -4.168257066832499 0.0013622193200082367
-7.411582531485468 -3.7792067534352225 0.0027324348087080065
-7.411582531485468 -3.3985582658596285 0.004824845520199504
-7.411582531485468 -3.0248798839012845 0.0076520639852289225
-7.411582531485468 -2.6569959984428952 0.0110857656915274
-7.411582531485468 -2.2939171418750837 0.014881793596953423
-7.411582531485468 -1.9347914722822965 0.018737668281324178
-7.411582531485468 -1.578869894931614 0.022355364025080468
-7.411582531485468 -1.225480109046289 0.025487017214630474
-7.411582531485468 -0.8740066123570872 0.027954629140110113
-7.411582531485468 -0.5238747138322762 0.029647252601426845
-7.411582531485468 -0.17453721459758154 0.030505723223115712
-7.411582531485468 0.17453721459758323 0.030505723223112007
-7.411582531485468 0.5238747138322778 0.029647252601416013
-7.411582531485468 0.8740066123570885 0.027954629140093407
-7.411582531485468 1.2254801090462892 0.025487017214610087
-7.411582531485468 1.578869894931614 0.022355364025057757
-7.411582531485468 1.9347914722822956 0.018737668281301113
-7.411582531485468 2.2939171418750837 0.01488179359693244
-7.411582531485468 2.656995998442896 0.011085765691509469
-7.411582531485468 3.024879883901285 0.007652063985215661
-7.411582531485468 3.398558265859627 0.004824845520191375
-7.411582531485468 3.779206753435224 0.0027324348087020356
-7.411582531485468 4.168257066832501 0.001362219320006114
-7.411582531485468 4.5675020728443965 0.0005834467068980384
-7.411582531485468 4.9792609785452555 0.00020829596070943597
-7.411582531485468 5.406654247970126 5.962114887333542e-05
-7.411582531485468 5.854095056030399 1.2983296096406512e-05
-7.411582531485468 6.328255351220081 1.9944645695823045e-06
-7.411582531485468 6.840237305249354 1.9172939049441596e-07
-7.411582531485468 7.411582531485466 9.244092614341113e-09
-7.411582531485468 8.098761139250847 1.2856604738859255e-10
-6.840237305249354 -8.09876113925085 3.266553691056682e-09
-6.840237305249354 -7.411582531485468 1.9172937352667665e-07
-6.840237305249354 -6.840237305249354 3.2954903541073953e-06
-6.840237305249354 -6.3282553512200845 2.8644456906234638e-05
-6.840237305249354 -5.8540950560304035 0.00015669733893233754
-6.840237305249354 -5.406654247970128 0.0006076639347336687
-6.840237305249354 -4.979260978545257 0.0018014103283163674
-6.840237305249354 -4.567502072844396 0.004303630646592548
-6.840237305249354 -4.168257066832499 0.008619753096843732
-6.840237305249354 -3.7792067534352225 0.014931331938980393
-6.840237305249354 -3.3985582658596285 0.022943904141559578
-6.840237305249354 -3.0248798839012845 0.03194723293425238
-6.840237305249354 -2.6569959984428952 0.04104532525621029
-6.840237305249354 -2.2939171418750837 0.049422382547154864
-6.840237305249354 -1.9347914722822965 0.05652407249663317
-6.840237305249354 -1.578869894931614 0.062109421529344025
-6.840237305249354 -1.225480109046289 0.06619817811887904
-6.840237305249354 -0.8740066123570872 0.06896767442325549
-6.840237305249354 -0.5238747138322762 0.0706464047879815
-6.840237305249354 -0.17453721459758154 0.07143049761021353
-6.840237305249354 0.17453721459758323 0.071430497610202
-6.840237305249354 0.5238747138322778 0.07064640478794852
-6.840237305249354 0.8740066123570885 0.06896767442320317
-6.840237305249354 1.2254801090462892 0.06619817811881143
-6.840237305249354 1.578869894931614 0.06210942152926436
-6.840237305249354 1.9347914722822956 0.05652407249654615
-6.840237305249354 2.2939171418750837 0.04942238254706829
-6.840237305249354 2.656995998442896 0.04104532525612844
-6.840237305249354 3.024879883901285 0.03194723293418409
-6.840237305249354 3.398558265859627 0.022943904141510915
-6.840237305249354 3.779206753435224 0.014931331938940248
-6.840237305249354 4.168257066832501 0.00861975309682618
-6.840237305249354 4.5675020728443965 0.00430363064659356
-6.840237305249354 4.9792609785452555 0.0018014103283055867
-6.840237305249354 5.406654247970126 0.0006076639346849844
-6.840237305249354 5.854095056030399 0.00015669733895792552
-6.840237305249354 6.328255351220081 2.864445730438219e-05
-6.840237305249354 6.840237305249354 3.2954906719398544e-06
-6.840237305249354 7.411582531485466 1.917296226176925e-07
-6.840237305249354 8.098761139250847 3.266575218719227e-09
-6.3282553512200845 -8.09876113925085 4.121939156557192e-08
-6.3282553512200845 -7.411582531485468 1.994464544095977e-06
-6.3282553512200845 -6.840237305249354 2.864445690623667e-05
-6.3282553512200845 -6.3282553512200845 0.00020954629532424047
-6.3282553512200845 -5.8540950560304035 0.0009692387398114395
-6.3282553512200845 -5.406654247970128 0.0031900276328322113
-6.3282553512200845 -4.979260978545257 0.008055123621702373
-6.3282553512200845 -4.567502072844396 0.016456302536377795
-6.3282553512200845 -4.168257066832499 0.028315376456561705
-6.3282553512200845 -3.7792067534352225 0.04236885088295665
-6.3282553512200845 -3.3985582658596285 0.056612816549932526
-6.3282553512200845 -3.0248798839012845 0.06909090987107652
-6.3282553512200845 -2.6569959984428952 0.07853234697477161
-6.3282553512200845 -2.2939171418750837 0.08456927206029619
-6.3282553512200845 -1.9347914722822965 0.08757744647008883
-6.3282553512200845 -1.578869894931614 0.0883475381470535
-6.3282553512200845 -1.225480109046289 0.08777404929588924
-6.3282553512200845 -0.8740066123570872 0.08665158426435528
-6.3282553512200845 -0.5238747138322762 0.08558159831713491
-6.3282553512200845 -0.17453721459758154 0.08495276021961777
-6.3282553512200845 0.17453721459758323 0.08495276021960185
-6.3282553512200845 0.5238747138322778 0.08558159831708805
-6.3282553512200845 0.8740066123570885 0.08665158426427816
-6.3282553512200845 1.2254801090462892 0.08777404929578365
-6.3282553512200845 1.578869894931614 0.08834753814692024
-6.3282553512200845 1.9347914722822956 0.0875774464699305
-6.3282553512200845 2.2939171418750837 0.0845692720601224
-6.3282553512200845 2.656995998442896 0.07853234697458951
-6.3282553512200845 3.024879883901285 0.0690909098709052
-6.3282553512200845 3.398558265859627 0.05661281654979249
-6.3282553512200845 3.779206753435224 0.04236885088282596
-6.3282553512200845 4.168257066832501 0.028315376456493055
-6.3282553512200845 4.5675020728443965 0.0164563025363766
-6.3282553512200845 4.9792609785452555 0.008055123621649054
-6.3282553512200845 5.406654247970126 0.003190027632562662
-6.3282553512200845 5.854095056030399 0.0009692387399777086
-6.3282553512200845 6.328255351220081 0.00020954629839678356
-6.3282553512200845 6.840237305249354 2.8644459827323684e-05
-6.3282553512200845 7.411582531485466 1.994467289048123e-06
-6.3282553512200845 8.098761139250847 4.121967876132004e-08
-5.8540950560304035 -8.09876113925085 3.2311516929573784e-07
-5.8540950560304035 -7.411582531485468 1.2983296094447776e-05
-5.8540950560304035 -6.840237305249354 0.00015669733893232849
-5.8540950560304035 -6.3282553512200845 0.0009692387398113859
-5.8540950560304035 -5.8540950560304035 0.0038037814747613565
-5.8540950560304035 -5.406654247970128 0.010649178353329148
-5.8540950560304035 -4.979260978545257 0.022926655592053837
-5.8540950560304035 -4.567502072844396 0.04003942770816077
-5.8540950560304035 -4.168257066832499 0.05908650651080927
-5.8540950560304035 -3.7792067534352225 0.07614905199304427
-5.8540950560304035 -3.3985582658596285 0.08811621190584543
-5.8540950560304035 -3.0248798839012845 0.0937751127986386
-5.8540950560304035 -2.6569959984428952 0.09374651386020924
-5.8540950560304035 -2.2939171418750837 0.08971136776189736
-5.8540950560304035 -1.9347914722822965 0.08357020338448144
-5.8540950560304035 -1.578869894931614 0.07691010883670853
-5.8540950560304035 -1.225480109046289 0.07082092270163057
-5.8540950560304035 -0.8740066123570872 0.06593964235846388
-5.8540950560304035 -0.5238747138322762 0.06258359992083325
-5.8540950560304035 -0.17453721459758154 0.060884605151272725
-5.8540950560304035 0.17453721459758323 0.060884605151259624
-5.8540950560304035 0.5238747138322778 0.06258359992079367
-5.8540950560304035 0.8740066123570885 0.06593964235839654
-5.8540950560304035 1.2254801090462892 0.07082092270153313
-5.8540950560304035 1.578869894931614 0.0769101088365764
-5.8540950560304035 1.9347914722822956 0.08357020338430952
-5.8540950560304035 2.2939171418750837 0.0897113677616882
-5.8540950560304035 2.656995998442896 0.09374651385996305
-5.8540950560304035 3.024879883901285 0.09377511279837537
-5.8540950560304035 3.398558265859627 0.08811621190559865
-5.8540950560304035 3.779206753435224 0.07614905199278194
-5.8540950560304035 4.168257066832501 0.059086506510644995
-5.8540950560304035 4.5675020728443965 0.04003942770814633
-5.8540950560304035 4.9792609785452555 0.02292665559189036
-5.8540950560304035 5.406654247970126 0.0106491783523948
-5.8540950560304035 5.854095056030399 0.003803781475436555
-5.8540950560304035 6.328255351220081 0.0009692387545670809
-5.8540950560304035 6.840237305249354 0.0001566973555593115
-5.8540950560304035 7.411582531485466 1.2983314728054891e-05
-5.8540950560304035 8.098761139250847 3.23117517303457e-07
-5.406654247970128 -8.09876113925085 1.7750188839473593e-06
-5.406654247970128 -7.411582531485468 5.962114887772054e-05
-5.406654247970128 -6.840237305249354 0.0006076639347336147
-5.406654247970128 -6.3282553512200845 0.0031900276328319195
-5.406654247970128 -5.8540950560304035 0.010649178353328358
-5.406654247970128 -5.406654247970128 0.025392736168894287
-5.406654247970128 -4.979260978545257 0.04660790805648613
-5.406654247970128 -4.567502072844396 0.0694835830561478
-5.406654247970128 -4.168257066832499 0.08769758300731927
-5.406654247970128 -3.7792067534352225 0.09694777020224946
-5.406654247970128 -3.3985582658596285 0.09663763115647955
-5.406654247970128 -3.0248798839012845 0.08911414286063471
-5.406654247970128 -2.6569959984428952 0.07779533272370898
-5.406654247970128 -2.2939171418750837 0.0656556406336772
-5.406654247970128 -1.9347914722822965 0.05459629620833997
-5.406654247970128 -1.578869894931614 0.045502983587180655
-5.406654247970128 -1.225480109046289 0.03858174838647483
-5.406654247970128 -0.8740066123570872 0.033699479006312115
-5.406654247970128 -0.5238747138322762 0.03062010447001329
-5.406654247970128 -0.17453721459758154 0.029137592463615154
-5.406654247970128 0.17453721459758323 0.029137592463608322
-5.406654247970128 0.5238747138322778 0.030620104469991867
-5.406654247970128 0.8740066123570885 0.033699479006273354
-5.406654247970128 1.2254801090462892 0.03858174838641529
-5.406654247970128 1.578869894931614 0.04550298358709287
-5.406654247970128 1.9347914722822956 0.05459629620821466
-5.406654247970128 2.2939171418750837 0.06565564063350623
-5.406654247970128 2.656995998442896 0.07779533272348231
-5.406654247970128 3.024879883901285 0.0891141428603579
-5.406654247970128 3.398558265859627 0.09663763115617813
-5.406654247970128 3.779206753435224 0.09694777020188197
-5.406654247970128 4.168257066832501 0.08769758300704589
-5.406654247970128 4.5675020728443965 0.0694835830561029
-5.406654247970128 4.9792609785452555 0.04660790805613278
-5.406654247970128 5.406654247970126 0.025392736166602824
-5.406654247970128 5.854095056030399 0.010649178355266317
-5.406654247970128 6.328255351220081 0.0031900276827758205
-5.406654247970128 6.840237305249354 0.000607664001168539
-5.406654247970128 7.411582531485466 5.9621237231366764e-05
-5.406654247970128 8.098761139250847 1.7750322168963916e-06
-4.979260978545257 -8.09876113925085 7.3694754001457465e-06
-4.979260978545257 -7.411582531485468 0.0002082959607105011
-4.979260978545257 -6.840237305249354 0.0018014103283161547
-4.979260978545257 -6.3282553512200845 0.008055123621701389
-4.979260978545257 -5.8540950560304035 0.022926655592051426
-4.979260978545257 -5.406654247970128 0.04660790805648334
-4.979260978545257 -4.979260978545257 0.07290265213794234
-4.979260978545257 -4.567502072844396 0.09259668922793729
-4.979260978545257 -4.168257066832499 0.09960424702989233
-4.979260978545257 -3.7792067534352225 0.0939703774466913
-4.979260978545257 -3.3985582658596285 0.08015696325887915
-4.979260978545257 -3.0248798839012845 0.06353777483114782
-4.979260978545257 -2.6569959984428952 0.04799490561000304
-4.979260978545257 -2.2939171418750837 0.03536759496669659
-4.979260978545257 -1.9347914722822965 0.02598342039337691
-4.979260978545257 -1.578869894931614 0.019414595152542166
-4.979260978545257 -1.225480109046289 0.015018302406253748
-4.979260978545257 -0.8740066123570872 0.012211679538180671
-4.979260978545257 -0.5238747138322762 0.010563839892852261
-4.979260978545257 -0.17453721459758154 0.00980412626429495
-4.979260978545257 0.17453721459758323 0.009804126264292303
-4.979260978545257 0.5238747138322778 0.010563839892843957
-4.979260978545257 0.8740066123570885 0.012211679538165085
-4.979260978545257 1.2254801090462892 0.015018302406227974
-4.979260978545257 1.578869894931614 0.01941459515250092
-4.979260978545257 1.9347914722822956 0.025983420393311057
-4.979260978545257 2.2939171418750837 0.03536759496659516
-4.979260978545257 2.656995998442896 0.0479949056098493
-4.979260978545257 3.024879883901285 0.06353777483093118
-4.979260978545257 3.398558265859627 0.08015696325860437
-4.979260978545257 3.779206753435224 0.09397037744630432
-4.979260978545257 4.168257066832501 0.09960424702954895
-4.979260978545257 4.5675020728443965 0.09259668922785036
-4.979260978545257 4.9792609785452555 0.0729026521373582
-4.979260978545257 5.406654247970126 0.04660790805218174
-4.979260978545257 5.854095056030399 0.02292665559630293
-4.979260978545257 6.328255351220081 0.008055123750580482
-4.979260978545257 6.840237305249354 0.001801410529909938
-4.979260978545257 7.411582531485466 0.00020829627729615317
-4.979260978545257 8.098761139250847 7.36953225772366e-06
-4.567502072844396 -8.09876113925085 2.4358208802325195e-05
-4.567502072844396 -7.411582531485468 0.0005834467068976366
-4.567502072844396 -6.840237305249354 0.004303630646591843
-4.567502072844396 -6.3282553512200845 0.016456302536375297
-4.567502072844396 -5.8540950560304035 0.04003942770815516
-4.567502072844396 -5.406654247970128 0.06948358305614029
-4.567502072844396 -4.979260978545257 0.09259668922793203
-4.567502072844396 -4.567502072844396 0.10001783523259668
-4.567502072844396 -4.168257066832499 0.09136753773203898
-4.567502072844396 -3.7792067534352225 0.07317525439891874
-4.567502072844396 -3.3985582658596285 0.05303917250197158
-4.567502072844396 -3.0248798839012845 0.035828313861250405
-4.567502072844396 -2.6569959984428952 0.023184906498258915
-4.567502072844396 -2.2939171418750837 0.014755867839975364
-4.567502072844396 -1.9347914722822965 0.00946974957396344
-4.567502072844396 -1.578869894931614 0.006273922261876865
-4.567502072844396 -1.225480109046289 0.004383615595795543
-4.567502072844396 -0.8740066123570872 0.0032908925198846255
-4.567502072844396 -0.5238747138322762 0.0026943921114546774
-4.567502072844396 -0.17453721459758154 0.002431402232007774
-4.567502072844396 0.17453721459758323 0.0024314022320071093
-4.567502072844396 0.5238747138322778 0.002694392111452383
-4.567502072844396 0.8740066123570885 0.0032908925198800437
-4.567502072844396 1.2254801090462892 0.0043836155957871995
-4.567502072844396 1.578869894931614 0.006273922261862108
-4.567502072844396 1.9347914722822956 0.009469749573937121
-4.567502072844396 2.2939171418750837 0.014755867839929207
-4.567502072844396 2.656995998442896 0.0231849064981781
-4.567502072844396 3.024879883901285 0.03582831386111731
-4.567502072844396 3.398558265859627 0.05303917250177281
-4.567502072844396 3.779206753435224 0.07317525439859297
-4.567502072844396 4.168257066832501 0.09136753773169334
-4.567502072844396 4.5675020728443965 0.10001783523247222
-4.567502072844396 4.9792609785452555 0.09259668922715308
-4.567502072844396 5.406654247970126 0.06948358304960835
-4.567502072844396 5.854095056030399 0.04003942771569045
-4.567502072844396 6.328255351220081 0.01645630280425585
-4.567502072844396 6.840237305249354 0.004303631137281171
-4.567502072844396 7.411582531485466 0.0005834476119717565
-4.567502072844396 8.098761139250847 2.435840092215614e-05
-4.168257066832499 -8.09876113925085 6.659201542992949e-05
-4.168257066832499 -7.411582531485468 0.0013622193200079616
-4.168257066832499 -6.840237305249354 0.008619753096841645
-4.168257066832499 -6.3282553512200845 0.028315376456555512
-4.168257066832499 -5.8540950560304035 0.05908650651079712
-4.168257066832499 -5.406654247970128 0.08769758300730442
-4.168257066832499 -4.979260978545257 0.09960424702988038
-4.168257066832499 -4.567502072844396 0.09136753773203309
-4.168257066832499 -4.168257066832499 0.07064832715856983
-4.168257066832499 -3.7792067534352225 0.04777551722955664
-4.168257066832499 -3.3985582658596285 0.029203715466371724
-4.168257066832499 -3.0248798839012845 0.016648889204958345
-4.168257066832499 -2.6569959984428952 0.009121083276809982
-4.168257066832499 -2.2939171418750837 0.004946175379466844
-4.168257066832499 -1.9347914722822965 0.0027320124213277347
-4.168257066832499 -1.578869894931614 0.0015806594173498581
-4.168257066832499 -1.225480109046289 0.0009830273560205666
-4.168257066832499 -0.8740066123570872 0.0006727594580637106
-4.168257066832499 -0.5238747138322762 0.0005163985933513386
-4.168257066832499 -0.17453721459758154 0.00045080923775927124
-4.168257066832499 0.17453721459758323 0.00045080923775913984
-4.168257066832499 0.5238747138322778 0.0005163985933509123
-4.168257066832499 0.8740066123570885 0.0006727594580627126
-4.168257066832499 1.2254801090462892 0.0009830273560185142
-4.168257066832499 1.578869894931614 0.00158065941734576
-4.168257066832499 1.9347914722822956 0.002732012421319397
-4.168257066832499 2.2939171418750837 0.004946175379449994
-4.168257066832499 2.656995998442896 0.009121083276775457
-4.168257066832499 3.024879883901285 0.01664888920489131
-4.168257066832499 3.398558265859627 0.029203715466252958
-4.168257066832499 3.779206753435224 0.04777551722932752
-4.168257066832499 4.168257066832501 0.07064832715827868
-4.168257066832499 4.5675020728443965 0.09136753773189123
-4.168257066832499 4.9792609785452555 0.09960424702900429
-4.168257066832499 5.406654247970126 0.08769758299893492
-4.168257066832499 5.854095056030399 0.05908650652205048
-4.168257066832499 6.328255351220081 0.028315376923979244
-4.168257066832499 6.840237305249354 0.008619754094695673
-4.168257066832499 7.411582531485466 0.0013622214688670308
-4.168257066832499 8.098761139250847 6.65925504030133e-05
-3.7792067534352225 -8.09876113925085 0.0001550739077831203
-3.7792067534352225 -7.411582531485468 0.002732434808707258
-3.7792067534352225 -6.840237305249354 0.014931331938975655
-3.7792067534352225 -6.3282553512200845 0.04236885088294343
-3.7792067534352225 -5.8540950560304035 0.07614905199302223
-3.7792067534352225 -5.406654247970128 0.09694777020222445
-3.7792067534352225 -4.979260978545257 0.09397037744667244
-3.7792067534352225 -4.567502072844396 0.07317525439890839
-3.7792067534352225 -4.168257066832499 0.04777551722955307
-3.7792067534352225 -3.7792067534352225 0.027152905215942297
-3.7792067534352225 -3.3985582658596285 0.013898149878399317
-3.7792067534352225 -3.0248798839012845 0.006623601834913773
-3.7792067534352225 -2.6569959984428952 0.003035860378256995
-3.7792067534352225 -2.2939171418750837 0.001383784905474854
-3.7792067534352225 -1.9347914722822965 0.0006481863482963336
-3.7792067534352225 -1.578869894931614 0.00032276666788616737
-3.7792067534352225 -1.225480109046289 0.0001762739759400043
-3.7792067534352225 -0.8740066123570872 0.00010879222143384547
-3.7792067534352225 -0.5238747138322762 7.768574655861395e-05
-3.7792067534352225 -0.17453721459758154 6.535703413724124e-05
-3.7792067534352225 0.17453721459758323 6.535703413724101e-05
-3.7792067534352225 0.5238747138322778 7.768574655856041e-05
-3.7792067534352225 0.8740066123570885 0.00010879222143368242
-3.7792067534352225 1.2254801090462892 0.00017627397593960591
-3.7792067534352225 1.578869894931614 0.00032276666788522417
-3.7792067534352225 1.9347914722822956 0.0006481863482941531
-3.7792067534352225 2.2939171418750837 0.0013837849054697505
-3.7792067534352225 2.656995998442896 0.003035860378244571
-3.7792067534352225 3.024879883901285 0.006623601834884997
-3.7792067534352225 3.398558265859627 0.013898149878338014
-3.7792067534352225 3.779206753435224 0.027152905215802645
-3.7792067534352225 4.168257066832501 0.04777551722934011
-3.7792067534352225 4.5675020728443965 0.07317525439877316
-3.7792067534352225 4.9792609785452555 0.0939703774458135
-3.7792067534352225 5.406654247970126 0.09694777019285505
-3.7792067534352225 5.854095056030399 0.07614905200766585
-3.7792067534352225 6.328255351220081 0.04236885159044341
-3.7792067534352225 6.840237305249354 0.014931333689259477
-3.7792067534352225 7.411582531485466 0.002732439179334848
-3.7792067534352225 8.098761139250847 0.00015507517298208985
-3.3985582658596285 -8.09876113925085 0.0003148977079007145
-3.3985582658596285 -7.411582531485468 0.004824845520197845
-3.3985582658596285 -6.840237305249354 0.022943904141550547
-3.3985582658596285 -6.3282553512200845 0.05661281654990951
-3.3985582658596285 -5.8540950560304035 0.08811621190581044
-3.3985582658596285 -5.406654247970128 0.09663763115644479
-3.3985582658596285 -4.979260978545257 0.08015696325885491
-3.3985582658596285 -4.567502072844396 0.05303917250195831
-3.3985582658596285 -4.168257066832499 0.029203715466366586
-3.3985582658596285 -3.7792067534352225 0.01389814987839809
-3.3985582658596285 -3.3985582658596285 0.005916682207553439
-3.3985582658596285 -3.0248798839012845 0.0023339404953359533
-3.3985582658596285 -2.6569959984428952 0.0008826300936814226
-3.3985582658596285 -2.2939171418750837 0.00033231980328538003
-3.3985582658596285 -1.9347914722822965 0.00012915915039428793
-3.3985582658596285 -1.578869894931614 5.401588697043711e-05
-3.3985582658596285 -1.225480109046289 2.5207465868399976e-05
-3.3985582658596285 -0.8740066123570872 1.3676364941423165e-05
-3.3985582658596285 -0.5238747138322762 8.889490619844075e-06
-3.3985582658596285 -0.17453721459758154 7.122273148115609e-06
-3.3985582658596285 0.17453721459758323 7.122273148115489e-06
-3.3985582658596285 0.5238747138322778 8.889490619840933e-06
-3.3985582658596285 0.8740066123570885 1.3676364941404374e-05
-3.3985582658596285 1.2254801090462892 2.5207465868342636e-05
-3.3985582658596285 1.578869894931614 5.401588697026829e-05
-3.3985582658596285 1.9347914722822956 0.00012915915039382888
-3.3985582658596285 2.2939171418750837 0.0003323198032840405
-3.3985582658596285 2.656995998442896 0.0008826300936774691
-3.3985582658596285 3.024879883901285 0.002333940495324849
-3.3985582658596285 3.398558265859627 0.00591668220752503
-3.3985582658596285 3.779206753435224 0.013898149878321192
-3.3985582658596285 4.168257066832501 0.02920371546622631
-3.3985582658596285 4.5675020728443965 0.05303917250184467
-3.3985582658596285 4.9792609785452555 0.08015696325809606
-3.3985582658596285 5.406654247970126 0.09663763114700458
-3.3985582658596285 5.854095056030399 0.08811621192288839
-3.3985582658596285 6.328255351220081 0.0566128175042959
-3.3985582658596285 6.840237305249354 0.022943906859179946
-3.3985582658596285 7.411582531485466 0.004824853327680394
-3.3985582658596285 8.098761139250847 0.0003149003107958438
-3.0248798839012845 -8.09876113925085 0.0005683635242869898
-3.0248798839012845 -7.411582531485468 0.0076520639852258755
-3.0248798839012845 -6.840237305249354 0.031947232934237534
-3.0248798839012845 -6.3282553512200845 0.06909090987104295
-3.0248798839012845 -5.8540950560304035 0.09377511279859223
-3.0248798839012845 -5.406654247970128 0.0891141428605932
-3.0248798839012845 -4.979260978545257 0.06353777483112094
-3.0248798839012845 -4.567502072844396 0.03582831386123725
-3.0248798839012845 -4.168257066832499 0.01664888920495342
-3.0248798839012845 -3.7792067534352225 0.0066236018349124645
-3.0248798839012845 -3.3985582658596285 0.0023339404953356983
-3.0248798839012845 -3.0248798839012845 0.0007561336781869458
-3.0248798839012845 -2.6569959984428952 0.0002331978549677496
-3.0248798839012845 -2.2939171418750837 7.157605687163554e-05
-3.0248798839012845 -1.9347914722822965 2.2723309070013854e-05
-3.0248798839012845 -1.578869894931614 7.89438802100399e-06
-3.0248798839012845 -1.225480109046289 3.1193549414442646e-06
-3.0248798839012845 -0.8740066123570872 1.491605277520872e-06
-3.0248798839012845 -0.5238747138322762 8.854052765164492e-07
-3.0248798839012845 -0.17453721459758154 6.800363767218635e-07
-3.0248798839012845 0.17453721459758323 6.800363767221356e-07
-3.0248798839012845 0.5238747138322778 8.854052765164809e-07
-3.0248798839012845 0.8740066123570885 1.4916052775195988e-06
-3.0248798839012845 1.2254801090462892 3.1193549414390537e-06
-3.0248798839012845 1.578869894931614 7.8943880209837e-06
-3.0248798839012845 1.9347914722822956 2.2723309069930923e-05
-3.0248798839012845 2.2939171418750837 7.157605687131115e-05
-3.0248798839012845 2.656995998442896 0.00023319785496658617
-3.0248798839012845 3.024879883901285 0.0007561336781830058
-3.0248798839012845 3.398558265859627 0.002333940495323462
-3.0248798839012845 3.779206753435224 0.0066236018348730975
-3.0248798839012845 4.168257066832501 0.016648889204867682
-3.0248798839012845 4.5675020728443965 0.03582831386115036
-3.0248798839012845 4.9792609785452555 0.06353777483049977
-3.0248798839012845 5.406654247970126 0.08911414285180606
-3.0248798839012845 5.854095056030399 0.09377511281688068
-3.0248798839012845 6.328255351220081 0.0690909110450222
-3.0248798839012845 6.840237305249354 0.03194723675117375
-3.0248798839012845 7.411582531485466 0.007652076488326701
-3.0248798839012845 8.098761139250847 0.0005683682744225293
-2.6569959984428952 -8.09876113925085 0.0009264408585253043
-2.6569959984428952 -7.411582531485468 0.011085765691522413
-2.6569959984428952 -6.840237305249354 0.04104532525618861
-2.6569959984428952 -6.3282553512200845 0.07853234697472666
-2.6569959984428952 -5.8540950560304035 0.09374651386015401
-2.6569959984428952 -5.406654247970128 0.07779533272366446
-2.6569959984428952 -4.979260978545257 0.04799490560997692
-2.6569959984428952 -4.567502072844396 0.02318490649824752
-2.6569959984428952 -4.168257066832499 0.009121083276806092
-2.6569959984428952 -3.7792067534352225 0.0030358603782559665
-2.6569959984428952 -3.3985582658596285 0.0008826300936812142
-2.6569959984428952 -3.0248798839012845 0.0002331978549677093
-2.6569959984428952 -2.6569959984428952 5.7775898634264056e-05
-2.6569959984428952 -2.2939171418750837 1.4151943625118159e-05
-2.6569959984428952 -1.9347914722822965 3.5247927533094876e-06
-2.6569959984428952 -1.578869894931614 9.676060648390575e-07
-2.6569959984428952 -1.225480109046289 2.955037772990931e-07
-2.6569959984428952 -0.8740066123570872 1.1364594527768316e-07
-2.6569959984428952 -0.5238747138322762 5.45344390402792e-08
-2.6569959984428952 -0.17453721459758154 3.771300037215387e-08
-2.6569959984428952 0.17453721459758323 3.7713000372136846e-08
-2.6569959984428952 0.5238747138322778 5.4534439040257347e-08
-2.6569959984428952 0.8740066123570885 1.1364594527829898e-07
-2.6569959984428952 1.2254801090462892 2.955037772990583e-07
-2.6569959984428952 1.578869894931614 9.676060648374768e-07
-2.6569959984428952 1.9347914722822956 3.52479275329674e-06
-2.6569959984428952 2.2939171418750837 1.4151943625047782e-05
-2.6569959984428952 2.656995998442896 5.7775898633948546e-05
-2.6569959984428952 3.024879883901285 0.00023319785496635757
-2.6569959984428952 3.398558265859627 0.000882630093676143
-2.6569959984428952 3.779206753435224 0.003035860378236623
-2.6569959984428952 4.168257066832501 0.009121083276756052
-2.6569959984428952 4.5675020728443965 0.023184906498184842
-2.6569959984428952 4.9792609785452555 0.04799490560949395
-2.6569959984428952 5.406654247970126 0.07779533271593175
-2.6569959984428952 5.854095056030399 0.09374651387852934
-2.6569959984428952 6.328255351220081 0.07853234831791656
-2.6569959984428952 6.840237305249354 0.04104533019559459
-2.6569959984428952 7.411582531485466 0.011085783952550745
-2.6569959984428952 8.098761139250847 0.0009264486737575282
-2.2939171418750837 -8.09876113925085 0.001382117592196842
-2.2939171418750837 -7.411582531485468 0.01488179359694595
-2.2939171418750837 -6.840237305249354 0.04942238254712522
-2.2939171418750837 -6.3282553512200845 0.08456927206024029
-2.2939171418750837 -5.8540950560304035 0.0897113677618357
-2.2939171418750837 -5.406654247970128 0.06565564063363205
-2.2939171418750837 -4.979260978545257 0.03536759496667286
-2.2939171418750837 -4.567502072844396 0.0147558678399659
-2.2939171418750837 -4.168257066832499 0.00494617537946386
-2.2939171418750837 -3.7792067534352225 0.0013837849054741107
-2.2939171418750837 -3.3985582658596285 0.0003323198032852374
-2.2939171418750837 -3.0248798839012845 7.15760568716163e-05
-2.2939171418750837 -2.6569959984428952 1.4151943625120807e-05
-2.2939171418750837 -2.2939171418750837 2.7730854498747655e-06
-2.2939171418750837 -1.9347914722822965 5.406458204485909e-07
-2.2939171418750837 -1.578869894931614 1.252130488920789e-07
-2.2939171418750837 -1.225480109046289 3.205152779741237e-08
-2.2939171418750837 -0.8740066123570872 1.2723628735193401e-08
-2.2939171418750837 -0.5238747138322762 6.146229053517675e-09
-2.2939171418750837 -0.17453721459758154 4.710359763826238e-09
-2.2939171418750837 0.17453721459758323 4.710359763830046e-09
-2.2939171418750837 0.5238747138322778 6.146229053495056e-09
-2.2939171418750837 0.8740066123570885 1.2723628735073976e-08
-2.2939171418750837 1.2254801090462892 3.2051527797574164e-08
-2.2939171418750837 1.578869894931614 1.2521304889237932e-07
-2.2939171418750837 1.9347914722822956 5.406458204476596e-07
-2.2939171418750837 2.2939171418750837 2.7730854498604243e-06
-2.2939171418750837 2.656995998442896 1.4151943625028663e-05
-2.2939171418750837 3.024879883901285 7.157605687115299e-05
-2.2939171418750837 3.398558265859627 0.00033231980328321466
-2.2939171418750837 3.779206753435224 0.001383784905464887
-2.2939171418750837 4.168257066832501 0.004946175379435458
-2.2939171418750837 4.5675020728443965 0.014755867839922474
-2.2939171418750837 4.9792609785452555 0.03536759496630727
-2.2939171418750837 5.406654247970126 0.06565564062706078
-2.2939171418750837 5.854095056030399 0.08971136777949208
-2.2939171418750837 6.328255351220081 0.08456927351455222
-2.2939171418750837 6.840237305249354 0.049422388530243756
-2.2939171418750837 7.411582531485466 0.014881818276759457
-2.2939171418750837 8.098761139250847 0.0013821293428015328
-1.9347914722822965 -8.09876113925085 0.001908495466202062
-1.9347914722822965 -7.411582531485468 0.018737668281313898
-1.9347914722822965 -6.840237305249354 0.056524072496595246
-1.9347914722822965 -6.3282553512200845 0.08757744647002381
-1.9347914722822965 -5.8540950560304035 0.08357020338441593
-1.9347914722822965 -5.406654247970128 0.054596296208296625
-1.9347914722822965 -4.979260978545257 0.025983420393356268
-1.9347914722822965 -4.567502072844396 0.009469749573956238
-1.9347914722822965 -4.168257066832499 0.002732012421325715
-1.9347914722822965 -3.7792067534352225 0.0006481863482958562
-1.9347914722822965 -3.3985582658596285 0.0001291591503941943
-1.9347914722822965 -3.0248798839012845 2.2723309070002615e-05
-1.9347914722822965 -2.6569959984428952 3.52479275330988e-06
-1.9347914722822965 -2.2939171418750837 5.406458204490811e-07
-1.9347914722822965 -1.9347914722822965 7.207248372336675e-08
-1.9347914722822965 -1.578869894931614 1.2250785806257113e-08
-1.9347914722822965 -1.225480109046289 1.1499972220460759e-09
-1.9347914722822965 -0.8740066123570872 3.4469310270906663e-10
-1.9347914722822965 -0.5238747138322762 4.3457676796360025e-11
-1.9347914722822965 -0.17453721459758154 8.813989347407328e-11
-1.9347914722822965 0.17453721459758323 8.813989348618244e-11
-1.9347914722822965 0.5238747138322778 4.3457676800388924e-11
-1.9347914722822965 0.8740066123570885 3.4469310267678705e-10
-1.9347914722822965 1.2254801090462892 1.149997222052986e-09
-1.9347914722822965 1.578869894931614 1.2250785806327875e-08
-1.9347914722822965 1.9347914722822956 7.207248372332335e-08
-1.9347914722822965 2.2939171418750837 5.406458204461094e-07
-1.9347914722822965 2.656995998442896 3.524792753285644e-06
-1.9347914722822965 3.024879883901285 2.2723309069851315e-05
-1.9347914722822965 3.398558265859627 0.0001291591503933747
-1.9347914722822965 3.779206753435224 0.0006481863482913292
-1.9347914722822965 4.168257066832501 0.0027320124213092247
-1.9347914722822965 4.5675020728443965 0.009469749573925818
-1.9347914722822965 4.9792609785452555 0.025983420393081096
-1.9347914722822965 5.406654247970126 0.0545962962028008
-1.9347914722822965 5.854095056030399 0.08357020340091846
-1.9347914722822965 6.328255351220081 0.08757744798276765
-1.9347914722822965 6.840237305249354 0.05652407937302582
-1.9347914722822965 7.411582531485466 0.018737699528364092
-1.9347914722822965 8.098761139250847 0.0019085117972901366
-1.578869894931614 -8.09876113925085 0.0024623013448527202
-1.578869894931614 -7.411582531485468 0.022355364025066708
-1.578869894931614 -6.840237305249354 0.062109421529298
-1.578869894931614 -6.3282553512200845 0.08834753814698053
-1.578869894931614 -5.8540950560304035 0.07691010883664036
-1.578869894931614 -5.406654247970128 0.04550298358713915
-1.578869894931614 -4.979260978545257 0.019414595152524507
-1.578869894931614 -4.567502072844396 0.006273922261871226
-1.578869894931614 -4.168257066832499 0.0015806594173485224
-1.578869894931614 -3.7792067534352225 0.0003227666678859153
-1.578869894931614 -3.3985582658596285 5.401588697040195e-05
-1.578869894931614 -3.0248798839012845 7.894388021004675e-06
-1.578869894931614 -2.6569959984428952 9.676060648392246e-07
-1.578869894931614 -2.2939171418750837 1.2521304889228689e-07
-1.578869894931614 -1.9347914722822965 1.2250785806370288e-08
-1.578869894931614 -1.578869894931614 2.9129261116007368e-09
-1.578869894931614 -1.225480109046289 4.6358905521617877e-10
-1.578869894931614 -0.8740066123570872 4.849982869058092e-10
-1.578869894931614 -0.5238747138322762 2.9643598359498153e-10
-1.578869894931614 -0.17453721459758154 3.316181575880351e-10
-1.578869894931614 0.17453721459758323 3.316181576071333e-10
-1.578869894931614 0.5238747138322778 2.9643598357756007e-10
-1.578869894931614 0.8740066123570885 4.849982869077321e-10
-1.578869894931614 1.2254801090462892 4.635890552343184e-10
-1.578869894931614 1.578869894931614 2.9129261116892637e-09
-1.578869894931614 1.9347914722822956 1.2250785806297481e-08
-1.578869894931614 2.2939171418750837 1.2521304889141775e-07
-1.578869894931614 2.656995998442896 9.676060648331577e-07
-1.578869894931614 3.024879883901285 7.894388020951191e-06
-1.578869894931614 3.398558265859627 5.4015886970037575e-05
-1.578869894931614 3.779206753435224 0.00032276666788355976
-1.578869894931614 4.168257066832501 0.0015806594173385041
-1.578869894931614 4.5675020728443965 0.00627392226184951
-1.578869894931614 4.9792609785452555 0.019414595152314296
-1.578869894931614 5.406654247970126 0.04550298358253705
-1.578869894931614 5.854095056030399 0.07691010885186816
-1.578869894931614 6.328255351220081 0.08834753967847787
-1.578869894931614 6.840237305249354 0.06210942911502132
-1.578869894931614 7.411582531485466 0.022355401471991315
-1.578869894931614 8.098761139250847 0.0024623225257411727
-1.225480109046289 -8.09876113925085 0.002991260592538412
-1.225480109046289 -7.411582531485468 0.025487017214613022
-1.225480109046289 -6.840237305249354 0.06619817811882513
-1.225480109046289 -6.3282553512200845 0.08777404929580934
-1.225480109046289 -5.8540950560304035 0.07082092270156101
-1.225480109046289 -5.406654247970128 0.03858174838643528
-1.225480109046289 -4.979260978545257 0.015018302406238098
-1.225480109046289 -4.567502072844396 0.0043836155957910055
-1.225480109046289 -4.168257066832499 0.0009830273560195947
-1.225480109046289 -3.7792067534352225 0.00017627397593985937
-1.225480109046289 -3.3985582658596285 2.5207465868382646e-05
-1.225480109046289 -3.0248798839012845 3.119354941440526e-06
-1.225480109046289 -2.6569959984428952 2.955037772983481e-07
-1.225480109046289 -2.2939171418750837 3.2051527797488177e-08
-1.225480109046289 -1.9347914722822965 1.1499972220206025e-09
-1.225480109046289 -1.578869894931614 4.635890552220219e-10
-1.225480109046289 -1.225480109046289 1.561594122456072e-10
-1.225480109046289 -0.8740066123570872 1.9361055165986755e-10
-1.225480109046289 -0.5238747138322762 2.44068287157889e-10
-1.225480109046289 -0.17453721459758154 2.3258162942537222e-10
-1.225480109046289 0.17453721459758323 2.3258162943606614e-10
-1.225480109046289 0.5238747138322778 2.44068287169168e-10
-1.225480109046289 0.8740066123570885 1.9361055165225976e-10
-1.225480109046289 1.2254801090462892 1.5615941224888846e-10
-1.225480109046289 1.578869894931614 4.635890552460273e-10
-1.225480109046289 1.9347914722822956 1.149997222048997e-09
-1.225480109046289 2.2939171418750837 3.205152779712742e-08
-1.225480109046289 2.656995998442896 2.95503777296749e-07
-1.225480109046289 3.024879883901285 3.1193549414214337e-06
-1.225480109046289 3.398558265859627 2.5207465868214554e-05
-1.225480109046289 3.779206753435224 0.00017627397593851673
-1.225480109046289 4.168257066832501 0.000983027356013089
-1.225480109046289 4.5675020728443965 0.004383615595774813
-1.225480109046289 4.9792609785452555 0.015018302406072322
-1.225480109046289 5.406654247970126 0.038581748382518266
-1.225480109046289 5.854095056030399 0.07082092271561045
-1.225480109046289 6.328255351220081 0.08777405082159097
-1.225480109046289 6.840237305249354 0.06619818622875356
-1.225480109046289 7.411582531485466 0.025487060056416173
-1.225480109046289 8.098761139250847 0.0029912864296636112
-0.8740066123570872 -8.09876113925085 0.003442723866709435
-0.8740066123570872 -7.411582531485468 0.02795462914008893
-0.8740066123570872 -6.840237305249354 0.06896767442319338
-0.8740066123570872 -6.3282553512200845 0.08665158426426918
-0.8740066123570872 -5.8540950560304035 0.06593964235839303
-0.8740066123570872 -5.406654247970128 0.033699479006273694
-0.8740066123570872 -4.979260978545257 0.012211679538166546
-0.8740066123570872 -4.567502072844396 0.0032908925198808685
-0.8740066123570872 -4.168257066832499 0.0006727594580629928
-0.8740066123570872 -3.7792067534352225 0.0001087922214337468
-0.8740066123570872 -3.3985582658596285 1.3676364941408457e-05
-0.8740066123570872 -3.0248798839012845 1.491605277517102e-06
-0.8740066123570872 -2.6569959984428952 1.1364594527716134e-07
-0.8740066123570872 -2.2939171418750837 1.2723628734974872e-08
-0.8740066123570872 -1.9347914722822965 3.446931026823031e-10
-0.8740066123570872 -1.578869894931614 4.849982869094857e-10
-0.8740066123570872 -1.225480109046289 1.9361055165888348e-10
-0.8740066123570872 -0.8740066123570872 2.6956505096283446e-10
-0.8740066123570872 -0.5238747138322762 2.2565074655671206e-10
-0.8740066123570872 -0.17453721459758154 2.493863567269637e-10
-0.8740066123570872 0.17453721459758323 2.493863567544267e-10
-0.8740066123570872 0.5238747138322778 2.2565074656212749e-10
-0.8740066123570872 0.8740066123570885 2.695650509528406e-10
-0.8740066123570872 1.2254801090462892 1.9361055165756695e-10
-0.8740066123570872 1.578869894931614 4.849982869136862e-10
-0.8740066123570872 1.9347914722822956 3.446931026607811e-10
-0.8740066123570872 2.2939171418750837 1.2723628734935559e-08
-0.8740066123570872 2.656995998442896 1.1364594527691173e-07
-0.8740066123570872 3.024879883901285 1.4916052775098065e-06
-0.8740066123570872 3.398558265859627 1.3676364941319256e-05
-0.8740066123570872 3.779206753435224 0.00010879222143289
-0.8740066123570872 4.168257066832501 0.000672759458058374
-0.8740066123570872 4.5675020728443965 0.00329089251986804
-0.8740066123570872 4.9792609785452555 0.012211679538029685
-0.8740066123570872 5.406654247970126 0.033699479002842495
-0.8740066123570872 5.854095056030399 0.06593964237149276
-0.8740066123570872 6.328255351220081 0.08665158577361262
-0.8740066123570872 6.840237305249354 0.06896768289148474
-0.8740066123570872 7.411582531485466 0.027954676250591063
-0.8740066123570872 8.098761139250847 0.003442753693962368
-0.5238747138322762 -8.09876113925085 0.0037712640731733848
-0.5238747138322762 -7.411582531485468 0.029647252601402507
-0.5238747138322762 -6.840237305249354 0.07064640478791273
-0.5238747138322762 -6.3282553512200845 0.08558159831704328
-0.5238747138322762 -5.8540950560304035 0.06258359992076053
-0.5238747138322762 -5.406654247970128 0.03062010446997584
-0.5238747138322762 -4.979260978545257 0.010563839892838826
-0.5238747138322762 -4.567502072844396 0.0026943921114512778
-0.5238747138322762 -4.168257066832499 0.0005163985933506669
-0.5238747138322762 -3.7792067534352225 7.76857465585104e-05
-0.5238747138322762 -3.3985582658596285 8.889490619834448e-06
-0.5238747138322762 -3.0248798839012845 8.854052765141033e-07
-0.5238747138322762 -2.6569959984428952 5.4534439040152056e-08
-0.5238747138322762 -2.2939171418750837 6.146229053477952e-09
-0.5238747138322762 -1.9347914722822965 4.345767679757791e-11
-0.5238747138322762 -1.578869894931614 2.9643598356351273e-10
-0.5238747138322762 -1.225480109046289 2.4406828716727956e-10
-0.5238747138322762 -0.8740066123570872 2.2565074656647502e-10
-0.5238747138322762 -0.5238747138322762 2.497735224750967e-10
-0.5238747138322762 -0.17453721459758154 2.3935951170385385e-10
-0.5238747138322762 0.17453721459758323 2.3935951171075124e-10
-0.5238747138322762 0.5238747138322778 2.497735224725646e-10
-0.5238747138322762 0.8740066123570885 2.256507465618277e-10
-0.5238747138322762 1.2254801090462892 2.4406828716335195e-10
-0.5238747138322762 1.578869894931614 2.9643598357115826e-10
-0.5238747138322762 1.9347914722822956 4.3457676802250326e-11
-0.5238747138322762 2.2939171418750837 6.146229053416951e-09
-0.5238747138322762 2.656995998442896 5.453443904002105e-08
-0.5238747138322762 3.024879883901285 8.854052765112379e-07
-0.5238747138322762 3.398558265859627 8.889490619778447e-06
-0.5238747138322762 3.779206753435224 7.76857465579155e-05
-0.5238747138322762 4.168257066832501 0.0005163985933470882
-0.5238747138322762 4.5675020728443965 0.002694392111440497
-0.5238747138322762 4.9792609785452555 0.010563839892719558
-0.5238747138322762 5.406654247970126 0.030620104466852247
-0.5238747138322762 5.854095056030399 0.06258359993320517
-0.5238747138322762 6.328255351220081 0.08558159980974847
-0.5238747138322762 6.840237305249354 0.07064641347520734
-0.5238747138322762 7.411582531485466 0.02964730264896662
-0.5238747138322762 8.098761139250847 0.0037712968125513855
-0.17453721459758154 -8.09876113925085 0.003944071219484254
-0.17453721459758154 -7.411582531485468 0.030505723223089313
-0.17453721459758154 -6.840237305249354 0.07143049761013995
-0.17453721459758154 -6.3282553512200845 0.08495276021952163
-0.17453721459758154 -5.8540950560304035 0.060884605151198465
-0.17453721459758154 -5.406654247970128 0.029137592463577812
-0.17453721459758154 -4.979260978545257 0.009804126264281695
-0.17453721459758154 -4.567502072844396 0.0024314022320043407
-0.17453721459758154 -4.168257066832499 0.00045080923775860034
-0.17453721459758154 -3.7792067534352225 6.535703413712976e-05
-0.17453721459758154 -3.3985582658596285 7.122273148101449e-06
-0.17453721459758154 -3.0248798839012845 6.800363767203187e-07
-0.17453721459758154 -2.6569959984428952 3.771300037225998e-08
-0.17453721459758154 -2.2939171418750837 4.710359763794705e-09
-0.17453721459758154 -1.9347914722822965 8.813989347294238e-11
-0.17453721459758154 -1.578869894931614 3.3161815758385394e-10
-0.17453721459758154 -1.225480109046289 2.3258162943329855e-10
-0.17453721459758154 -0.8740066123570872 2.4938635674718076e-10
-0.17453721459758154 -0.5238747138322762 2.393595116900747e-10
-0.17453721459758154 -0.17453721459758154 2.4463778853338776e-10
-0.17453721459758154 0.17453721459758323 2.4463778852898654e-10
-0.17453721459758154 0.5238747138322778 2.393595116926838e-10
-0.17453721459758154 0.8740066123570885 2.493863567511135e-10
-0.17453721459758154 1.2254801090462892 2.3258162944198167e-10
-0.17453721459758154 1.578869894931614 3.316181575800184e-10
-0.17453721459758154 1.9347914722822956 8.813989346426737e-11
-0.17453721459758154 2.2939171418750837 4.710359763867492e-09
-0.17453721459758154 2.656995998442896 3.7713000372227605e-08
-0.17453721459758154 3.024879883901285 6.800363767187431e-07
-0.17453721459758154 3.398558265859627 7.122273148058804e-06
-0.17453721459758154 3.779206753435224 6.535703413664566e-05
-0.17453721459758154 4.168257066832501 0.00045080923775550196
-0.17453721459758154 4.5675020728443965 0.0024314022319946098
-0.17453721459758154 4.9792609785452555 0.009804126264170574
-0.17453721459758154 5.406654247970126 0.029137592460602105
-0.17453721459758154 5.854095056030399 0.06088460516331017
-0.17453721459758154 6.328255351220081 0.08495276170224422
-0.17453721459758154 6.840237305249354 0.07143050640032189
-0.17453721459758154 7.411582531485466 0.030505774763100027
-0.17453721459758154 8.098761139250847 0.003944105493271193
0.17453721459758323 -8.09876113925085 0.003944071219483798
0.17453721459758323 -7.411582531485468 0.030505723223084546
0.17453721459758323 -6.840237305249354 0.07143049761012554
0.17453721459758323 -6.3282553512200845 0.08495276021950109
0.17453721459758323 -5.8540950560304035 0.06088460515118199
0.17453721459758323 -5.406654247970128 0.029137592463569166
0.17453721459758323 -4.979260978545257 0.009804126264278422
0.17453721459758323 -4.567502072844396 0.0024314022320034044
0.17453721459758323 -4.168257066832499 0.00045080923775835986
0.17453721459758323 -3.7792067534352225 6.535703413709005e-05
0.17453721459758323 -3.3985582658596285 7.122273148091858e-06
0.17453721459758323 -3.0248798839012845 6.800363767210023e-07
0.17453721459758323 -2.6569959984428952 3.7713000372036506e-08
0.17453721459758323 -2.2939171418750837 4.7103597637604855e-09
0.17453721459758323 -1.9347914722822965 8.813989346837276e-11
0.17453721459758323 -1.578869894931614 3.316181575797037e-10
0.17453721459758323 -1.225480109046289 2.3258162942217584e-10
0.17453721459758323 -0.8740066123570872 2.4938635674751613e-10
0.17453721459758323 -0.5238747138322762 2.393595116877292e-10
0.17453721459758323 -0.17453721459758154 2.446377885323276e-10
0.17453721459758323 0.17453721459758323 2.4463778852984463e-10
0.17453721459758323 0.5238747138322778 2.393595117005794e-10
0.17453721459758323 0.8740066123570885 2.493863567491172e-10
0.17453721459758323 1.2254801090462892 2.3258162945572765e-10
0.17453721459758323 1.578869894931614 3.316181575706614e-10
0.17453721459758323 1.9347914722822956 8.813989347316375e-11
0.17453721459758323 2.2939171418750837 4.7103597638798386e-09
0.17453721459758323 2.656995998442896 3.771300037246867e-08
0.17453721459758323 3.024879883901285 6.800363767197339e-07
0.17453721459758323 3.398558265859627 7.12227314806149e-06
0.17453721459758323 3.779206753435224 6.53570341366256e-05
0.17453721459758323 4.168257066832501 0.00045080923775531884
0.17453721459758323 4.5675020728443965 0.0024314022319937446
0.17453721459758323 4.9792609785452555 0.009804126264167346
0.17453721459758323 5.406654247970126 0.029137592460593373
0.17453721459758323 5.854095056030399 0.060884605163293574
0.17453721459758323 6.328255351220081 0.08495276170222361
0.17453721459758323 6.840237305249354 0.07143050640030649
0.17453721459758323 7.411582531485466 0.030505774763094705
0.17453721459758323 8.098761139250847 0.003944105493270677
0.5238747138322778 -8.09876113925085 0.003771264073172099
0.5238747138322778 -7.411582531485468 0.0296472526013884
0.5238747138322778 -6.840237305249354 0.07064640478786972
0.5238747138322778 -6.3282553512200845 0.0855815983169814
0.5238747138322778 -5.8540950560304035 0.06258359992070985
0.5238747138322778 -5.406654247970128 0.0306201044699486
0.5238747138322778 -4.979260978545257 0.010563839892828386
0.5238747138322778 -4.567502072844396 0.002694392111448212
0.5238747138322778 -4.168257066832499 0.0005163985933499562
0.5238747138322778 -3.7792067534352225 7.768574655837567e-05
0.5238747138322778 -3.3985582658596285 8.889490619811712e-06
0.5238747138322778 -3.0248798839012845 8.85405276513802e-07
0.5238747138322778 -2.6569959984428952 5.453443904001748e-08
0.5238747138322778 -2.2939171418750837 6.146229053566937e-09
0.5238747138322778 -1.9347914722822965 4.3457676801091504e-11
0.5238747138322778 -1.578869894931614 2.964359835762525e-10
0.5238747138322778 -1.225480109046289 2.440682871491036e-10
0.5238747138322778 -0.8740066123570872 2.25650746565426e-10
0.5238747138322778 -0.5238747138322762 2.4977352248025565e-10
0.5238747138322778 -0.17453721459758154 2.3935951171320487e-10
0.5238747138322778 0.17453721459758323 2.393595117031568e-10
0.5238747138322778 0.5238747138322778 2.4977352246824953e-10
0.5238747138322778 0.8740066123570885 2.256507465597354e-10
0.5238747138322778 1.2254801090462892 2.440682871604962e-10
0.5238747138322778 1.578869894931614 2.964359835764185e-10
0.5238747138322778 1.9347914722822956 4.345767679903007e-11
0.5238747138322778 2.2939171418750837 6.1462290535316355e-09
0.5238747138322778 2.656995998442896 5.453443904026505e-08
0.5238747138322778 3.024879883901285 8.854052765118512e-07
0.5238747138322778 3.398558265859627 8.88949061976786e-06
0.5238747138322778 3.779206753435224 7.768574655782274e-05
0.5238747138322778 4.168257066832501 0.000516398593346496
0.5238747138322778 4.5675020728443965 0.0026943921114375665
0.5238747138322778 4.9792609785452555 0.010563839892709067
0.5238747138322778 5.406654247970126 0.030620104466824755
0.5238747138322778 5.854095056030399 0.06258359993315413
0.5238747138322778 6.328255351220081 0.08558159980968666
0.5238747138322778 6.840237305249354 0.07064641347516282
0.5238747138322778 7.411582531485466 0.029647302648951157
0.5238747138322778 8.098761139250847 0.0037712968125499097
0.8740066123570885 -8.09876113925085 0.0034427238667075117
0.8740066123570885 -7.411582531485468 0.027954629140066346
0.8740066123570885 -6.840237305249354 0.06896767442312265
0.8740066123570885 -6.3282553512200845 0.08665158426416504
0.8740066123570885 -5.8540950560304035 0.06593964235830393
0.8740066123570885 -5.406654247970128 0.03369947900622354
0.8740066123570885 -4.979260978545257 0.012211679538146144
0.8740066123570885 -4.567502072844396 0.0032908925198747736
0.8740066123570885 -4.168257066832499 0.0006727594580615792
0.8740066123570885 -3.7792067534352225 0.0001087922214334764
0.8740066123570885 -3.3985582658596285 1.367636494137107e-05
0.8740066123570885 -3.0248798839012845 1.4916052775151832e-06
0.8740066123570885 -2.6569959984428952 1.1364594527770877e-07
0.8740066123570885 -2.2939171418750837 1.2723628735100266e-08
0.8740066123570885 -1.9347914722822965 3.4469310265768197e-10
0.8740066123570885 -1.578869894931614 4.849982869213328e-10
0.8740066123570885 -1.225480109046289 1.9361055166359715e-10
0.8740066123570885 -0.8740066123570872 2.695650509642803e-10
0.8740066123570885 -0.5238747138322762 2.2565074654168348e-10
0.8740066123570885 -0.17453721459758154 2.4938635673317e-10
0.8740066123570885 0.17453721459758323 2.493863567684205e-10
0.8740066123570885 0.5238747138322778 2.2565074655492036e-10
0.8740066123570885 0.8740066123570885 2.69565050950626e-10
0.8740066123570885 1.2254801090462892 1.9361055166003696e-10
0.8740066123570885 1.578869894931614 4.849982869261462e-10
0.8740066123570885 1.9347914722822956 3.446931027032981e-10
0.8740066123570885 2.2939171418750837 1.2723628735268565e-08
0.8740066123570885 2.656995998442896 1.1364594527798345e-07
0.8740066123570885 3.024879883901285 1.4916052775099708e-06
0.8740066123570885 3.398558265859627 1.3676364941294168e-05
0.8740066123570885 3.779206753435224 0.00010879222143267361
0.8740066123570885 4.168257066832501 0.0006727594580570367
0.8740066123570885 4.5675020728443965 0.003290892519861997
0.8740066123570885 4.9792609785452555 0.012211679538009243
0.8740066123570885 5.406654247970126 0.03369947900279165
0.8740066123570885 5.854095056030399 0.06593964237140369
0.8740066123570885 6.328255351220081 0.08665158577350889
0.8740066123570885 6.840237305249354 0.06896768289141338
0.8740066123570885 7.411582531485466 0.027954676250567318
0.8740066123570885 8.098761139250847 0.003442753693960206
1.2254801090462892 -8.09876113925085 0.0029912605925361837
1.2254801090462892 -7.411582531485468 0.02548701721458457
1.2254801090462892 -6.840237305249354 0.06619817811873152
1.2254801090462892 -6.3282553512200845 0.0877740492956646
1.2254801090462892 -5.8540950560304035 0.0708209227014298
1.2254801090462892 -5.406654247970128 0.038581748386355794
1.2254801090462892 -4.979260978545257 0.015018302406203572
1.2254801090462892 -4.567502072844396 0.00438361559577999
1.2254801090462892 -4.168257066832499 0.0009830273560168434
1.2254801090462892 -3.7792067534352225 0.00017627397593930898
1.2254801090462892 -3.3985582658596285 2.52074658682944e-05
1.2254801090462892 -3.0248798839012845 3.1193549414307904e-06
1.2254801090462892 -2.6569959984428952 2.955037772972594e-07
1.2254801090462892 -2.2939171418750837 3.205152779730218e-08
1.2254801090462892 -1.9347914722822965 1.1499972220351865e-09
1.2254801090462892 -1.578869894931614 4.635890552342365e-10
1.2254801090462892 -1.225480109046289 1.561594122483732e-10
1.2254801090462892 -0.8740066123570872 1.9361055166408154e-10
1.2254801090462892 -0.5238747138322762 2.440682871456547e-10
1.2254801090462892 -0.17453721459758154 2.3258162942996625e-10
1.2254801090462892 0.17453721459758323 2.3258162942941064e-10
1.2254801090462892 0.5238747138322778 2.4406828715712096e-10
1.2254801090462892 0.8740066123570885 1.936105516616691e-10
1.2254801090462892 1.2254801090462892 1.5615941225736947e-10
1.2254801090462892 1.578869894931614 4.635890552188079e-10
1.2254801090462892 1.9347914722822956 1.1499972220965389e-09
1.2254801090462892 2.2939171418750837 3.205152779765119e-08
1.2254801090462892 2.656995998442896 2.955037772976679e-07
1.2254801090462892 3.024879883901285 3.1193549414168364e-06
1.2254801090462892 3.398558265859627 2.5207465868146056e-05
1.2254801090462892 3.779206753435224 0.00017627397593798696
1.2254801090462892 4.168257066832501 0.0009830273560102532
1.2254801090462892 4.5675020728443965 0.0043836155957634225
1.2254801090462892 4.9792609785452555 0.015018302406037354
1.2254801090462892 5.406654247970126 0.03858174838243797
1.2254801090462892 5.854095056030399 0.07082092271547932
1.2254801090462892 6.328255351220081 0.08777405082144772
1.2254801090462892 6.840237305249354 0.06619818622866092
1.2254801090462892 7.411582531485466 0.025487060056387213
1.2254801090462892 8.098761139250847 0.0029912864296612065
1.578869894931614 -8.09876113925085 0.002462301344850435
1.578869894931614 -7.411582531485468 0.022355364025035046
1.578869894931614 -6.840237305249354 0.062109421529187706
1.578869894931614 -6.3282553512200845 0.08834753814679816
1.578869894931614 -5.8540950560304035 0.07691010883646152
1.578869894931614 -5.406654247970128 0.04550298358702075
1.578869894931614 -4.979260978545257 0.019414595152468375
1.578869894931614 -4.567502072844396 0.006273922261851277
1.578869894931614 -4.168257066832499 0.0015806594173429962
1.578869894931614 -3.7792067534352225 0.0003227666678846713
1.578869894931614 -3.3985582658596285 5.4015886970176183e-05
1.578869894931614 -3.0248798839012845 7.894388020968223e-06
1.578869894931614 -2.6569959984428952 9.67606064834025e-07
1.578869894931614 -2.2939171418750837 1.252130488918187e-07
1.578869894931614 -1.9347914722822965 1.2250785806206878e-08
1.578869894931614 -1.578869894931614 2.9129261115726763e-09
1.578869894931614 -1.225480109046289 4.6358905521181906e-10
1.578869894931614 -0.8740066123570872 4.849982868872928e-10
1.578869894931614 -0.5238747138322762 2.964359835836059e-10
1.578869894931614 -0.17453721459758154 3.3161815758426613e-10
1.578869894931614 0.17453721459758323 3.3161815758661295e-10
1.578869894931614 0.5238747138322778 2.9643598357562545e-10
1.578869894931614 0.8740066123570885 4.849982869225406e-10
1.578869894931614 1.2254801090462892 4.6358905524764296e-10
1.578869894931614 1.578869894931614 2.9129261116175923e-09
1.578869894931614 1.9347914722822956 1.2250785806330611e-08
1.578869894931614 2.2939171418750837 1.2521304889159785e-07
1.578869894931614 2.656995998442896 9.676060648315643e-07
1.578869894931614 3.024879883901285 7.894388020925192e-06
1.578869894931614 3.398558265859627 5.4015886969839756e-05
1.578869894931614 3.779206753435224 0.00032276666788235055
1.578869894931614 4.168257066832501 0.0015806594173328001
1.578869894931614 4.5675020728443965 0.006273922261828814
1.578869894931614 4.9792609785452555 0.019414595152256665
1.578869894931614 5.406654247970126 0.04550298358241682
1.578869894931614 5.854095056030399 0.0769101088516881
1.578869894931614 6.328255351220081 0.0883475396782964
1.578869894931614 6.840237305249354 0.062109429114912636
1.578869894931614 7.411582531485466 0.022355401471960107
1.578869894931614 8.098761139250847 0.002462322525738893
1.9347914722822956 -8.09876113925085 0.0019084954661998943
1.9347914722822956 -7.411582531485468 0.018737668281282004
1.9347914722822956 -6.840237305249354 0.056524072496475584
1.9347914722822956 -6.3282553512200845 0.08757744646980861
1.9347914722822956 -5.8540950560304035 0.083570203384183
1.9347914722822956 -5.406654247970128 0.054596296208125526
1.9347914722822956 -4.979260978545257 0.025983420393265864
1.9347914722822956 -4.567502072844396 0.009469749573919852
1.9347914722822956 -4.168257066832499 0.002732012421314284
1.9347914722822956 -3.7792067534352225 0.0006481863482928838
1.9347914722822956 -3.3985582658596285 0.00012915915039356053
1.9347914722822956 -3.0248798839012845 2.272330906988486e-05
1.9347914722822956 -2.6569959984428952 3.524792753289501e-06
1.9347914722822956 -2.2939171418750837 5.40645820446518e-07
1.9347914722822956 -1.9347914722822965 7.207248372290338e-08
1.9347914722822956 -1.578869894931614 1.2250785806200488e-08
1.9347914722822956 -1.225480109046289 1.1499972220285225e-09
1.9347914722822956 -0.8740066123570872 3.4469310266189397e-10
1.9347914722822956 -0.5238747138322762 4.34576768001106e-11
1.9347914722822956 -0.17453721459758154 8.813989347676249e-11
1.9347914722822956 0.17453721459758323 8.813989347257542e-11
1.9347914722822956 0.5238747138322778 4.345767680077847e-11
1.9347914722822956 0.8740066123570885 3.446931026956565e-10
1.9347914722822956 1.2254801090462892 1.1499972221008582e-09
1.9347914722822956 1.578869894931614 1.2250785806305713e-08
1.9347914722822956 1.9347914722822956 7.20724837229393e-08
1.9347914722822956 2.2939171418750837 5.40645820443941e-07
1.9347914722822956 2.656995998442896 3.5247927532719454e-06
1.9347914722822956 3.024879883901285 2.272330906975206e-05
1.9347914722822956 3.398558265859627 0.00012915915039277915
1.9347914722822956 3.779206753435224 0.0006481863482883997
1.9347914722822956 4.168257066832501 0.0027320124212974984
1.9347914722822956 4.5675020728443965 0.009469749573888613
1.9347914722822956 4.9792609785452555 0.02598342039298874
1.9347914722822956 5.406654247970126 0.054596296202627834
1.9347914722822956 5.854095056030399 0.08357020340068325
1.9347914722822956 6.328255351220081 0.08757744798255171
1.9347914722822956 6.840237305249354 0.05652407937290753
1.9347914722822956 7.411582531485466 0.018737699528333474
1.9347914722822956 8.098761139250847 0.0019085117972881792
2.2939171418750837 -8.09876113925085 0.0013821175921950811
2.2939171418750837 -7.411582531485468 0.01488179359691727
2.2939171418750837 -6.840237305249354 0.04942238254700648
2.2939171418750837 -6.3282553512200845 0.08456927206000335
2.2939171418750837 -5.8540950560304035 0.08971136776154998
2.2939171418750837 -5.406654247970128 0.06565564063339704
2.2939171418750837 -4.979260978545257 0.03536759496653233
2.2939171418750837 -4.567502072844396 0.014755867839901498
2.2939171418750837 -4.168257066832499 0.004946175379440174
2.2939171418750837 -3.7792067534352225 0.0013837849054668713
2.2939171418750837 -3.3985582658596285 0.00033231980328333197
2.2939171418750837 -3.0248798839012845 7.157605687116104e-05
2.2939171418750837 -2.6569959984428952 1.4151943625021124e-05
2.2939171418750837 -2.2939171418750837 2.773085449856226e-06
2.2939171418750837 -1.9347914722822965 5.406458204456514e-07
2.2939171418750837 -1.578869894931614 1.2521304889131118e-07
2.2939171418750837 -1.225480109046289 3.205152779711625e-08
2.2939171418750837 -0.8740066123570872 1.2723628735043622e-08
2.2939171418750837 -0.5238747138322762 6.146229053485434e-09
2.2939171418750837 -0.17453721459758154 4.710359763819972e-09
2.2939171418750837 0.17453721459758323 4.710359763850584e-09
2.2939171418750837 0.5238747138322778 6.146229053538163e-09
2.2939171418750837 0.8740066123570885 1.2723628735124184e-08
2.2939171418750837 1.2254801090462892 3.205152779756582e-08
2.2939171418750837 1.578869894931614 1.2521304889151646e-07
2.2939171418750837 1.9347914722822956 5.406458204439635e-07
2.2939171418750837 2.2939171418750837 2.7730854498442994e-06
2.2939171418750837 2.656995998442896 1.4151943624943638e-05
2.2939171418750837 3.024879883901285 7.157605687074992e-05
2.2939171418750837 3.398558265859627 0.0003323198032813581
2.2939171418750837 3.779206753435224 0.0013837849054576727
2.2939171418750837 4.168257066832501 0.0049461753794114655
2.2939171418750837 4.5675020728443965 0.01475586783985688
2.2939171418750837 4.9792609785452555 0.0353675949661646
2.2939171418750837 5.406654247970126 0.06565564062682298
2.2939171418750837 5.854095056030399 0.08971136777920327
2.2939171418750837 6.328255351220081 0.08456927351431343
2.2939171418750837 6.840237305249354 0.04942238853012552
2.2939171418750837 7.411582531485466 0.014881818276731887
2.2939171418750837 8.098761139250847 0.0013821293427999928
2.656995998442896 -8.09876113925085 0.0009264408585239766
2.656995998442896 -7.411582531485468 0.01108576569149838
2.656995998442896 -6.840237305249354 0.04104532525607728
2.656995998442896 -6.3282553512200845 0.07853234697447749
2.656995998442896 -5.8540950560304035 0.09374651385981585
2.656995998442896 -5.406654247970128 0.07779533272334997
2.656995998442896 -4.979260978545257 0.047994905609761856
2.656995998442896 -4.567502072844396 0.023184906498133644
2.656995998442896 -4.168257066832499 0.009121083276756979
2.656995998442896 -3.7792067534352225 0.0030358603782380555
2.656995998442896 -3.3985582658596285 0.0008826300936755369
2.656995998442896 -3.0248798839012845 0.00023319785496608904
2.656995998442896 -2.6569959984428952 5.777589863385576e-05
2.656995998442896 -2.2939171418750837 1.4151943625006652e-05
2.656995998442896 -1.9347914722822965 3.5247927532807973e-06
2.656995998442896 -1.578869894931614 9.676060648296726e-07
2.656995998442896 -1.225480109046289 2.955037772957794e-07
2.656995998442896 -0.8740066123570872 1.1364594527675437e-07
2.656995998442896 -0.5238747138322762 5.453443903976686e-08
2.656995998442896 -0.17453721459758154 3.771300037193348e-08
2.656995998442896 0.17453721459758323 3.7713000371902403e-08
2.656995998442896 0.5238747138322778 5.453443904019038e-08
2.656995998442896 0.8740066123570885 1.1364594527716992e-07
2.656995998442896 1.2254801090462892 2.955037772953978e-07
2.656995998442896 1.578869894931614 9.6760606482968e-07
2.656995998442896 1.9347914722822956 3.524792753268048e-06
2.656995998442896 2.2939171418750837 1.415194362493893e-05
2.656995998442896 2.656995998442896 5.77758986335217e-05
2.656995998442896 3.024879883901285 0.0002331978549647429
2.656995998442896 3.398558265859627 0.0008826300936704642
2.656995998442896 3.779206753435224 0.0030358603782187662
2.656995998442896 4.168257066832501 0.00912108327670667
2.656995998442896 4.5675020728443965 0.023184906498069837
2.656995998442896 4.9792609785452555 0.047994905609276856
2.656995998442896 5.406654247970126 0.07779533271561329
2.656995998442896 5.854095056030399 0.09374651387818629
2.656995998442896 6.328255351220081 0.07853234831766416
2.656995998442896 6.840237305249354 0.0410453301954827
2.656995998442896 7.411582531485466 0.011085783952527335
2.656995998442896 8.098761139250847 0.0009264486737563481
3.024879883901285 -8.09876113925085 0.0005683635242861003
3.024879883901285 -7.411582531485468 0.007652063985208119
3.024879883901285 -6.840237305249354 0.031947232934144
3.024879883901285 -6.3282553512200845 0.06909090987080505
3.024879883901285 -5.8540950560304035 0.09377511279822562
3.024879883901285 -5.406654247970128 0.08911414286020285
3.024879883901285 -4.979260978545257 0.06353777483081328
3.024879883901285 -4.567502072844396 0.035828313861047345
3.024879883901285 -4.168257066832499 0.01664888920485721
3.024879883901285 -3.7792067534352225 0.006623601834870762
3.024879883901285 -3.3985582658596285 0.0023339404953198546
3.024879883901285 -3.0248798839012845 0.0007561336781813924
3.024879883901285 -2.6569959984428952 0.0002331978549659178
3.024879883901285 -2.2939171418750837 7.157605687103636e-05
3.024879883901285 -1.9347914722822965 2.272330906981067e-05
3.024879883901285 -1.578869894931614 7.894388020929223e-06
3.024879883901285 -1.225480109046289 3.119354941411045e-06
3.024879883901285 -0.8740066123570872 1.4916052775048831e-06
3.024879883901285 -0.5238747138322762 8.854052765068463e-07
3.024879883901285 -0.17453721459758154 6.800363767161484e-07
3.024879883901285 0.17453721459758323 6.800363767159413e-07
3.024879883901285 0.5238747138322778 8.854052765087876e-07
3.024879883901285 0.8740066123570885 1.4916052775066125e-06
3.024879883901285 1.2254801090462892 3.1193549414092034e-06
3.024879883901285 1.578869894931614 7.894388020913005e-06
3.024879883901285 1.9347914722822956 2.2723309069728377e-05
3.024879883901285 2.2939171418750837 7.157605687070549e-05
3.024879883901285 2.656995998442896 0.0002331978549646977
3.024879883901285 3.024879883901285 0.0007561336781772557
3.024879883901285 3.398558265859627 0.0023339404953071404
3.024879883901285 3.779206753435224 0.006623601834830782
3.024879883901285 4.168257066832501 0.01664888920477023
3.024879883901285 4.5675020728443965 0.035828313860958694
3.024879883901285 4.9792609785452555 0.0635377748301892
3.024879883901285 5.406654247970126 0.0891141428514107
3.024879883901285 5.854095056030399 0.09377511281650698
3.024879883901285 6.328255351220081 0.06909091104477999
3.024879883901285 6.840237305249354 0.031947236751078606
3.024879883901285 7.411582531485466 0.007652076488308917
3.024879883901285 8.098761139250847 0.0005683682744217102
3.398558265859627 -8.09876113925085 0.00031489770790021736
3.398558265859627 -7.411582531485468 0.004824845520186597
3.398558265859627 -6.840237305249354 0.02294390414148191
3.398558265859627 -6.3282553512200845 0.05661281654970969
3.398558265859627 -5.8540950560304035 0.0881162119054562
3.398558265859627 -5.406654247970128 0.09663763115600853
3.398558265859627 -4.979260978545257 0.08015696325845446
3.398558265859627 -4.567502072844396 0.05303917250166842
3.398558265859627 -4.168257066832499 0.02920371546619329
3.398558265859627 -3.7792067534352225 0.013898149878308683
3.398558265859627 -3.3985582658596285 0.005916682207512308
3.398558265859627 -3.0248798839012845 0.0023339404953184924
3.398558265859627 -2.6569959984428952 0.0008826300936743322
3.398558265859627 -2.2939171418750837 0.0003323198032825407
3.398558265859627 -1.9347914722822965 0.0001291591503931072
3.398558265859627 -1.578869894931614 5.401588696990611e-05
3.398558265859627 -1.225480109046289 2.5207465868138948e-05
3.398558265859627 -0.8740066123570872 1.3676364941277873e-05
3.398558265859627 -0.5238747138322762 8.889490619749121e-06
3.398558265859627 -0.17453721459758154 7.122273148042492e-06
3.398558265859627 0.17453721459758323 7.122273148041413e-06
3.398558265859627 0.5238747138322778 8.889490619747288e-06
3.398558265859627 0.8740066123570885 1.3676364941265305e-05
3.398558265859627 1.2254801090462892 2.520746586810264e-05
3.398558265859627 1.578869894931614 5.401588696976797e-05
3.398558265859627 1.9347914722822956 0.00012915915039266477
3.398558265859627 2.2939171418750837 0.00033231980328119425
3.398558265859627 2.656995998442896 0.0008826300936702388
3.398558265859627 3.024879883901285 0.0023339404953069457
3.398558265859627 3.398558265859627 0.005916682207482729
3.398558265859627 3.779206753435224 0.013898149878229857
3.398558265859627 4.168257066832501 0.02920371546605026
3.398558265859627 4.5675020728443965 0.05303917250155238
3.398558265859627 4.9792609785452555 0.08015696325769155
3.398558265859627 5.406654247970126 0.09663763114656083
3.398558265859627 5.854095056030399 0.08811621192252536
3.398558265859627 6.328255351220081 0.056612817504090335
3.398558265859627 6.840237305249354 0.022943906859109384
3.398558265859627 7.411582531485466 0.004824853327668831
3.398558265859627 8.098761139250847 0.0003149003107953653
3.779206753435224 -8.09876113925085 0.00015507390778279285
3.779206753435224 -7.411582531485468 0.0027324348086993117
3.779206753435224 -6.840237305249354 0.014931331938921169
3.779206753435224 -6.3282553512200845 0.04236885088276326
3.779206753435224 -5.8540950560304035 0.07614905199265795
3.779206753435224 -5.406654247970128 0.09694777020171108
3.779206753435224 -4.979260978545257 0.09397037744612795
3.779206753435224 -4.567502072844396 0.07317525439844937
3.779206753435224 -4.168257066832499 0.04777551722923118
3.779206753435224 -3.7792067534352225 0.02715290521574597
3.779206753435224 -3.3985582658596285 0.013898149878291665
3.779206753435224 -3.0248798839012845 0.006623601834858973
3.779206753435224 -2.6569959984428952 0.0030358603782303954
3.779206753435224 -2.2939171418750837 0.0013837849054620594
3.779206753435224 -1.9347914722822965 0.0006481863482899598
3.779206753435224 -1.578869894931614 0.0003227666678828375
3.779206753435224 -1.225480109046289 0.0001762739759381036
3.779206753435224 -0.8740066123570872 0.0001087922214326279
3.779206753435224 -0.5238747138322762 7.768574655774577e-05
3.779206753435224 -0.17453721459758154 6.535703413650956e-05
3.779206753435224 0.17453721459758323 6.535703413648127e-05
3.779206753435224 0.5238747138322778 7.768574655766685e-05
3.779206753435224 0.8740066123570885 0.0001087922214324801
3.779206753435224 1.2254801090462892 0.0001762739759377484
3.779206753435224 1.578869894931614 0.00032276666788198034
3.779206753435224 1.9347914722822956 0.0006481863482878648
3.779206753435224 2.2939171418750837 0.001383784905456878
3.779206753435224 2.656995998442896 0.0030358603782176447
3.779206753435224 3.024879883901285 0.006623601834829314
3.779206753435224 3.398558265859627 0.013898149878228532
3.779206753435224 3.779206753435224 0.027152905215603283
3.779206753435224 4.168257066832501 0.047775517229014235
3.779206753435224 4.5675020728443965 0.07317525439831082
3.779206753435224 4.9792609785452555 0.09397037744526474
3.779206753435224 5.406654247970126 0.09694777019233441
3.779206753435224 5.854095056030399 0.07614905200729422
3.779206753435224 6.328255351220081 0.04236885159025881
3.779206753435224 6.840237305249354 0.014931333689203154
3.779206753435224 7.411582531485466 0.0027324391793265537
3.779206753435224 8.098761139250847 0.00015507517298177692
4.168257066832501 -8.09876113925085 6.659201542981548e-05
4.168257066832501 -7.411582531485468 0.0013622193200047423
4.168257066832501 -6.840237305249354 0.008619753096815107
4.168257066832501 -6.3282553512200845 0.02831537645645101
4.168257066832501 -5.8540950560304035 0.059086506510548344
4.168257066832501 -5.406654247970128 0.08769758300689133
4.168257066832501 -4.979260978545257 0.09960424702936206
4.168257066832501 -4.567502072844396 0.09136753773151532
4.168257066832501 -4.168257066832499 0.07064832715813735
4.168257066832501 -3.7792067534352225 0.047775517229242045
4.168257066832501 -3.3985582658596285 0.029203715466164924
4.168257066832501 -3.0248798839012845 0.01664888920483219
4.168257066832501 -2.6569959984428952 0.009121083276736906
4.168257066832501 -2.2939171418750837 0.004946175379425123
4.168257066832501 -1.9347914722822965 0.0027320124213035695
4.168257066832501 -1.578869894931614 0.0015806594173352403
4.168257066832501 -1.225480109046289 0.0009830273560110807
4.168257066832501 -0.8740066123570872 0.0006727594580570545
4.168257066832501 -0.5238747138322762 0.0005163985933461296
4.168257066832501 -0.17453721459758154 0.000450809237754676
4.168257066832501 0.17453721459758323 0.00045080923775451924
4.168257066832501 0.5238747138322778 0.0005163985933456075
4.168257066832501 0.8740066123570885 0.0006727594580560058
4.168257066832501 1.2254801090462892 0.0009830273560090786
4.168257066832501 1.578869894931614 0.0015806594173312287
4.168257066832501 1.9347914722822956 0.0027320124212953834
4.168257066832501 2.2939171418750837 0.004946175379408359
4.168257066832501 2.656995998442896 0.009121083276702538
4.168257066832501 3.024879883901285 0.016648889204765035
4.168257066832501 3.398558265859627 0.02920371546604475
4.168257066832501 3.779206753435224 0.047775517229009946
4.168257066832501 4.168257066832501 0.0706483271578426
4.168257066832501 4.5675020728443965 0.09136753773137078
4.168257066832501 4.9792609785452555 0.09960424702848344
4.168257066832501 5.406654247970126 0.08769758299851738
4.168257066832501 5.854095056030399 0.05908650652179768
4.168257066832501 6.328255351220081 0.02831537692387247
4.168257066832501 6.840237305249354 0.008619754094667897
4.168257066832501 7.411582531485466 0.001362221468863551
4.168257066832501 8.098761139250847 6.659255040291225e-05
4.5675020728443965 -8.09876113925085 2.4358208802324534e-05
4.5675020728443965 -7.411582531485468 0.000583446706897445
4.5675020728443965 -6.840237305249354 0.004303630646588011
4.5675020728443965 -6.3282553512200845 0.016456302536352156
4.5675020728443965 -5.8540950560304035 0.040039427708081034
4.5675020728443965 -5.406654247970128 0.06948358305598096
4.5675020728443965 -4.979260978545257 0.09259668922767854
4.5675020728443965 -4.567502072844396 0.10001783523228039
4.5675020728443965 -4.168257066832499 0.09136753773171222
4.5675020728443965 -3.7792067534352225 0.07317525439862621
4.5675020728443965 -3.3985582658596285 0.05303917250173606
4.5675020728443965 -3.0248798839012845 0.03582831386107613
4.5675020728443965 -2.6569959984428952 0.023184906498137245
4.5675020728443965 -2.2939171418750837 0.01475586783989244
4.5675020728443965 -1.9347914722822965 0.009469749573906948
4.5675020728443965 -1.578869894931614 0.006273922261837412
4.5675020728443965 -1.225480109046289 0.004383615595766703
4.5675020728443965 -0.8740066123570872 0.003290892519862297
4.5675020728443965 -0.5238747138322762 0.0026943921114359437
4.5675020728443965 -0.17453721459758154 0.0024314022319905713
4.5675020728443965 0.17453721459758323 0.002431402231989877
4.5675020728443965 0.5238747138322778 0.0026943921114334426
4.5675020728443965 0.8740066123570885 0.0032908925198574784
4.5675020728443965 1.2254801090462892 0.004383615595758375
4.5675020728443965 1.578869894931614 0.0062739222618227964
4.5675020728443965 1.9347914722822956 0.00946974957388121
4.5675020728443965 2.2939171418750837 0.014755867839847357
4.5675020728443965 2.656995998442896 0.02318490649805767
4.5675020728443965 3.024879883901285 0.03582831386094432
4.5675020728443965 3.398558265859627 0.0530391725015371
4.5675020728443965 3.779206753435224 0.0731752543982975
4.5675020728443965 4.168257066832501 0.09136753773136314
4.5675020728443965 4.5675020728443965 0.10001783523215399
4.5675020728443965 4.9792609785452555 0.09259668922689772
4.5675020728443965 5.406654247970126 0.06948358304944648
4.5675020728443965 5.854095056030399 0.04003942771561491
4.5675020728443965 6.328255351220081 0.01645630280423186
4.5675020728443965 6.840237305249354 0.004303631137276775
4.5675020728443965 7.411582531485466 0.0005834476119714453
4.5675020728443965 8.098761139250847 2.435840092216265e-05
4.9792609785452555 -8.09876113925085 7.369475400108649e-06
4.9792609785452555 -7.411582531485468 0.00020829596070921959
4.9792609785452555 -6.840237305249354 0.0018014103283032989
4.9792609785452555 -6.3282553512200845 0.008055123621637208
4.9792609785452555 -5.8540950560304035 0.022926655591853303
4.9792609785452555 -5.406654247970128 0.04660790805605246
4.9792609785452555 -4.979260978545257 0.07290265213722633
4.9792609785452555 -4.567502072844396 0.0925966892269799
4.9792609785452555 -4.168257066832499 0.09960424702881401
4.9792609785452555 -3.7792067534352225 0.09397037744562965
4.9792609785452555 -3.3985582658596285 0.08015696325793731
4.9792609785452555 -3.0248798839012845 0.06353777483037344
4.9792609785452555 -2.6569959984428952 0.04799490560939888
4.9792609785452555 -2.2939171418750837 0.03536759496623842
4.9792609785452555 -1.9347914722822965 0.025983420393031878
4.9792609785452555 -1.578869894931614 0.01941459515227876
4.9792609785452555 -1.225480109046289 0.01501830240604617
4.9792609785452555 -0.8740066123570872 0.01221167953800938
4.9792609785452555 -0.5238747138322762 0.010563839892702659
4.9792609785452555 -0.17453721459758154 0.00980412626415537
4.9792609785452555 0.17453721459758323 0.009804126264152856
4.9792609785452555 0.5238747138322778 0.010563839892694295
4.9792609785452555 0.8740066123570885 0.012211679537993866
4.9792609785452555 1.2254801090462892 0.015018302406020676
4.9792609785452555 1.578869894931614 0.019414595152238485
4.9792609785452555 1.9347914722822956 0.025983420392968238
4.9792609785452555 2.2939171418750837 0.03536759496614069
4.9792609785452555 2.656995998442896 0.04799490560924891
4.9792609785452555 3.024879883901285 0.06353777483015928
4.9792609785452555 3.398558265859627 0.08015696325766175
4.9792609785452555 3.779206753435224 0.09397037744524021
4.9792609785452555 4.168257066832501 0.09960424702846736
4.9792609785452555 4.5675020728443965 0.09259668922689092
4.9792609785452555 4.9792609785452555 0.07290265213664107
4.9792609785452555 5.406654247970126 0.046607908051748956
4.9792609785452555 5.854095056030399 0.02292665559610379
4.9792609785452555 6.328255351220081 0.00805512375051583
4.9792609785452555 6.840237305249354 0.001801410529896818
4.9792609785452555 7.411582531485466 0.00020829627729482546
4.9792609785452555 8.098761139250847 7.3695322576880685e-06
5.406654247970126 -8.09876113925085 1.775018883834092e-06
5.406654247970126 -7.411582531485468 5.962114887327145e-05
5.406654247970126 -6.840237305249354 0.0006076639346842523
5.406654247970126 -6.3282553512200845 0.0031900276325580734
5.406654247970126 -5.8540950560304035 0.010649178352377983
5.406654247970126 -5.406654247970128 0.025392736166560428
5.406654247970126 -4.979260978545257 0.04660790805210072
5.406654247970126 -4.567502072844396 0.06948358304948396
5.406654247970126 -4.168257066832499 0.08769758299877355
5.406654247970126 -3.7792067534352225 0.09694777019267274
5.406654247970126 -3.3985582658596285 0.09663763114682082
5.406654247970126 -3.0248798839012845 0.08911414285163792
5.406654247970126 -2.6569959984428952 0.07779533271578619
5.406654247970126 -2.2939171418750837 0.06565564062694045
5.406654247970126 -1.9347914722822965 0.05459629620270321
5.406654247970126 -1.578869894931614 0.04550298358245801
5.406654247970126 -1.225480109046289 0.03858174838245401
5.406654247970126 -0.8740066123570872 0.03369947900278871
5.406654247970126 -0.5238747138322762 0.03062010446680553
5.406654247970126 -0.17453721459758154 0.029137592460559643
5.406654247970126 0.17453721459758323 0.02913759246055291
5.406654247970126 0.5238747138322778 0.030620104466784794
5.406654247970126 0.8740066123570885 0.03369947900275144
5.406654247970126 1.2254801090462892 0.038581748382396405
5.406654247970126 1.578869894931614 0.04550298358237381
5.406654247970126 1.9347914722822956 0.05459629620258271
5.406654247970126 2.2939171418750837 0.06565564062677645
5.406654247970126 2.656995998442896 0.07779533271556525
5.406654247970126 3.024879883901285 0.08911414285136356
5.406654247970126 3.398558265859627 0.09663763114651916
5.406654247970126 3.779206753435224 0.09694777019230265
5.406654247970126 4.168257066832501 0.08769758299849731
5.406654247970126 4.5675020728443965 0.06948358304943648
5.406654247970126 4.9792609785452555 0.0466079080517454
5.406654247970126 5.406654247970126 0.02539273616426731
5.406654247970126 5.854095056030399 0.010649178354314923
5.406654247970126 6.328255351220081 0.003190027682501496
5.406654247970126 6.840237305249354 0.0006076640011190099
5.406654247970126 7.411582531485466 5.962123722690718e-05
5.406654247970126 8.098761139250847 1.7750322167845616e-06
5.854095056030399 -8.09876113925085 3.2311516933655334e-07
5.854095056030399 -7.411582531485468 1.298329609639337e-05
5.854095056030399 -6.840237305249354 0.00015669733895774826
5.854095056030399 -6.3282553512200845 0.0009692387399763795
5.854095056030399 -5.8540950560304035 0.0038037814754307525
5.854095056030399 -5.406654247970128 0.0106491783552493
5.854095056030399 -4.979260978545257 0.022926655596265343
5.854095056030399 -4.567502072844396 0.04003942771562307
5.854095056030399 -4.168257066832499 0.05908650652194776
5.854095056030399 -3.7792067534352225 0.07614905200753068
5.854095056030399 -3.3985582658596285 0.08811621192273152
5.854095056030399 -3.0248798839012845 0.0937751128167148
5.854095056030399 -2.6569959984428952 0.0937465138783664
5.854095056030399 -2.2939171418750837 0.08971136777933936
5.854095056030399 -1.9347914722822965 0.08357020340077857
5.854095056030399 -1.578869894931614 0.07691010885174275
5.854095056030399 -1.225480109046289 0.07082092271549906
5.854095056030399 -0.8740066123570872 0.06593964237139362
5.854095056030399 -0.5238747138322762 0.0625835999331148
5.854095056030399 -0.17453721459758154 0.06088460516322633
5.854095056030399 0.17453721459758323 0.060884605163214346
5.854095056030399 0.5238747138322778 0.06258359993307769
5.854095056030399 0.8740066123570885 0.06593964237132874
5.854095056030399 1.2254801090462892 0.07082092271540509
5.854095056030399 1.578869894931614 0.07691010885161509
5.854095056030399 1.9347914722822956 0.08357020340061314
5.854095056030399 2.2939171418750837 0.08971136777913663
5.854095056030399 2.656995998442896 0.09374651387812546
5.854095056030399 3.024879883901285 0.09377511281645347
5.854095056030399 3.398558265859627 0.08811621192248295
5.854095056030399 3.779206753435224 0.07614905200726578
5.854095056030399 4.168257066832501 0.05908650652178107
5.854095056030399 4.5675020728443965 0.040039427715606854
5.854095056030399 4.9792609785452555 0.022926655596100617
5.854095056030399 5.406654247970126 0.010649178354314129
5.854095056030399 5.854095056030399 0.003803781476105318
5.854095056030399 6.328255351220081 0.0009692387547317567
5.854095056030399 6.840237305249354 0.00015669735558465777
5.854095056030399 7.411582531485466 1.2983314730000195e-05
5.854095056030399 8.098761139250847 3.231175173451111e-07
6.328255351220081 -8.09876113925085 4.121939201345598e-08
6.328255351220081 -7.411582531485468 1.9944645695808823e-06
6.328255351220081 -6.840237305249354 2.8644457304354712e-05
6.328255351220081 -6.3282553512200845 0.00020954629839650942
6.328255351220081 -5.8540950560304035 0.0009692387545656602
6.328255351220081 -5.406654247970128 0.0031900276827710023
6.328255351220081 -4.979260978545257 0.008055123750568214
6.328255351220081 -4.567502072844396 0.01645630280423009
6.328255351220081 -4.168257066832499 0.02831537692393392
6.328255351220081 -3.7792067534352225 0.0423688515903745
6.328255351220081 -3.3985582658596285 0.056612817504203404
6.328255351220081 -3.0248798839012845 0.06909091104491044
6.328255351220081 -2.6569959984428952 0.07853234831779142
6.328255351220081 -2.2939171418750837 0.08456927351441919
6.328255351220081 -1.9347914722822965 0.08757744798263242
6.328255351220081 -1.578869894931614 0.08834753967834462
6.328255351220081 -1.225480109046289 0.08777405082146364
6.328255351220081 -0.8740066123570872 0.08665158577349245
6.328255351220081 -0.5238747138322762 0.08558159980963546
6.328255351220081 -0.17453721459758154 0.08495276170213707
6.328255351220081 0.17453721459758323 0.08495276170212149
6.328255351220081 0.5238747138322778 0.08558159980958915
6.328255351220081 0.8740066123570885 0.08665158577341597
6.328255351220081 1.2254801090462892 0.08777405082136032
6.328255351220081 1.578869894931614 0.08834753967821489
6.328255351220081 1.9347914722822956 0.08757744798247766
6.328255351220081 2.2939171418750837 0.08456927351425023
6.328255351220081 2.656995998442896 0.07853234831761208
6.328255351220081 3.024879883901285 0.06909091104473943
6.328255351220081 3.398558265859627 0.056612817504062114
6.328255351220081 3.779206753435224 0.04236885159024177
6.328255351220081 4.168257066832501 0.028315376923863707
6.328255351220081 4.5675020728443965 0.016456302804228048
6.328255351220081 4.9792609785452555 0.008055123750514273
6.328255351220081 5.406654247970126 0.003190027682501141
6.328255351220081 5.854095056030399 0.0009692387547317527
6.328255351220081 6.328255351220081 0.00020954630146895377
6.328255351220081 6.840237305249354 2.864446022542493e-05
6.328255351220081 7.411582531485466 1.9944673145341516e-06
6.328255351220081 8.098761139250847 4.121967920940326e-08
6.840237305249354 -8.09876113925085 3.2665539374120743e-09
6.840237305249354 -7.411582531485468 1.9172939049466507e-07
6.840237305249354 -6.840237305249354 3.295490671940134e-06
6.840237305249354 -6.3282553512200845 2.8644459827297677e-05
6.840237305249354 -5.8540950560304035 0.0001566973555591033
6.840237305249354 -5.406654247970128 0.0006076640011677106
6.840237305249354 -4.979260978545257 0.001801410529907478
6.840237305249354 -4.567502072844396 0.0043036311372751076
6.840237305249354 -4.168257066832499 0.008619754094683211
6.840237305249354 -3.7792067534352225 0.014931333689237526
6.840237305249354 -3.3985582658596285 0.022943906859146396
6.840237305249354 -3.0248798839012845 0.03194723675112756
6.840237305249354 -2.6569959984428952 0.0410453301955357
6.840237305249354 -2.2939171418750837 0.04942238853017379
6.840237305249354 -1.9347914722822965 0.05652407937294735
6.840237305249354 -1.578869894931614 0.06210942911493758
6.840237305249354 -1.225480109046289 0.0661981862286672
6.840237305249354 -0.8740066123570872 0.06896768289139843
6.840237305249354 -0.5238747138322762 0.07064641347512342
6.840237305249354 -0.17453721459758154 0.0714305064002409
6.840237305249354 0.17453721459758323 0.07143050640022973
6.840237305249354 0.5238747138322778 0.07064641347509033
6.840237305249354 0.8740066123570885 0.06896768289134673
6.840237305249354 1.2254801090462892 0.06619818622860034
6.840237305249354 1.578869894931614 0.06210942911485922
6.840237305249354 1.9347914722822956 0.05652407937286174
6.840237305249354 2.2939171418750837 0.04942238853008878
6.840237305249354 2.656995998442896 0.04104533019545548
6.840237305249354 3.024879883901285 0.03194723675106013
6.840237305249354 3.398558265859627 0.022943906859097928
6.840237305249354 3.779206753435224 0.0149313336891971
6.840237305249354 4.168257066832501 0.008619754094665364
6.840237305249354 4.5675020728443965 0.004303631137275854
6.840237305249354 4.9792609785452555 0.001801410529896577
6.840237305249354 5.406654247970126 0.0006076640011190033
6.840237305249354 5.854095056030399 0.0001566973555846679
6.840237305249354 6.328255351220081 2.8644460225423992e-05
6.840237305249354 6.840237305249354 3.2954909897708363e-06
6.840237305249354 7.411582531485466 1.9172963958603343e-07
6.840237305249354 8.098761139250847 3.266575465088989e-09
7.411582531485466 -8.09876113925085 1.2856539592302834e-10
7.411582531485466 -7.411582531485468 9.244092614417645e-09
7.411582531485466 -6.840237305249354 1.9172962261807728e-07
7.411582531485466 -6.3282553512200845 1.9944672890481538e-06
7.411582531485466 -5.8540950560304035 1.2983314728043195e-05
7.411582531485466 -5.406654247970128 5.9621237231302525e-05
7.411582531485466 -4.979260978545257 0.00020829627729591386
7.411582531485466 -4.567502072844396 0.0005834476119710773
7.411582531485466 -4.168257066832499 0.0013622214688654283
7.411582531485466 -3.7792067534352225 0.0027324391793315107
7.411582531485466 -3.3985582658596285 0.004824853327674518
7.411582531485466 -3.0248798839012845 0.007652076488317346
7.411582531485466 -2.6569959984428952 0.011085783952537481
7.411582531485466 -2.2939171418750837 0.014881818276741903
7.411582531485466 -1.9347914722822965 0.018737699528342325
7.411582531485466 -1.578869894931614 0.022355401471965766
7.411582531485466 -1.225480109046289 0.02548706005638753
7.411582531485466 -0.8740066123570872 0.027954676250560872
7.411582531485466 -0.5238747138322762 0.029647302648936124
7.411582531485466 -0.17453721459758154 0.030505774763070332
7.411582531485466 0.17453721459758323 0.030505774763066568
7.411582531485466 0.5238747138322778 0.029647302648925438
7.411582531485466 0.8740066123570885 0.027954676250544774
7.411582531485466 1.2254801090462892 0.02548706005636784
7.411582531485466 1.578869894931614 0.022355401471943794
7.411582531485466 1.9347914722822956 0.018737699528319607
7.411582531485466 2.2939171418750837 0.01488181827672128
7.411582531485466 2.656995998442896 0.011085783952520087
7.411582531485466 3.024879883901285 0.007652076488304573
7.411582531485466 3.398558265859627 0.004824853327666501
7.411582531485466 3.779206753435224 0.002732439179325507
7.411582531485466 4.168257066832501 0.001362221468863214
7.411582531485466 4.5675020728443965 0.0005834476119713713
7.411582531485466 4.9792609785452555 0.0002082962772948339
7.411582531485466 5.406654247970126 5.9621237226921894e-05
7.411582531485466 5.854095056030399 1.2983314730002767e-05
7.411582531485466 6.328255351220081 1.9944673145329658e-06
7.411582531485466 6.840237305249354 1.9172963958580526e-07
7.411582531485466 7.411582531485466 9.244103632175833e-09
7.411582531485466 8.098761139250847 1.2856617892653067e-10
8.098761139250847 -8.09876113925085 1.4342075869530275e-12
8.098761139250847 -7.411582531485468 1.2856604739056462e-10
8.098761139250847 -6.840237305249354 3.2665752187271154e-09
8.098761139250847 -6.3282553512200845 4.1219678761448174e-08
8.098761139250847 -5.8540950560304035 3.231175173036634e-07
8.098761139250847 -5.406654247970128 1.7750322168961021e-06
8.098761139250847 -4.979260978545257 7.369532257720102e-06
8.098761139250847 -4.567502072844396 2.435840092214433e-05
8.098761139250847 -4.168257066832499 6.659255040297052e-05
8.098761139250847 -3.7792067534352225 0.00015507517298197707
8.098761139250847 -3.3985582658596285 0.00031490031079559847
8.098761139250847 -3.0248798839012845 0.0005683682744220789
8.098761139250847 -2.6569959984428952 0.0009264486737568044
8.098761139250847 -2.2939171418750837 0.0013821293428004555
8.098761139250847 -1.9347914722822965 0.0019085117972886172
8.098761139250847 -1.578869894931614 0.002462322525739143
8.098761139250847 -1.225480109046289 0.00299128642966112
8.098761139250847 -0.8740066123570872 0.0034427536939595953
8.098761139250847 -0.5238747138322762 0.003771296812548571
8.098761139250847 -0.17453721459758154 0.0039441054932684684
8.098761139250847 0.17453721459758323 0.0039441054932681545
8.098761139250847 0.5238747138322778 0.0037712968125476996
8.098761139250847 0.8740066123570885 0.003442753693958396
8.098761139250847 1.2254801090462892 0.0029912864296597324
8.098761139250847 1.578869894931614 0.0024623225257376035
8.098761139250847 1.9347914722822956 0.0019085117972870817
8.098761139250847 2.2939171418750837 0.0013821293427991616
8.098761139250847 2.656995998442896 0.0009264486737558128
8.098761139250847 3.024879883901285 0.0005683682744214401
8.098761139250847 3.398558265859627 0.00031490031079525407
8.098761139250847 3.779206753435224 0.0001550751729817346
8.098761139250847 4.168257066832501 6.659255040290155e-05
8.098761139250847 4.5675020728443965 2.435840092216206e-05
8.098761139250847 4.9792609785452555 7.369532257691474e-06
8.098761139250847 5.406654247970126 1.775032216786278e-06
8.098761139250847 5.854095056030399 3.231175173455839e-07
8.098761139250847 6.328255351220081 4.1219679209443615e-08
8.098761139250847 6.840237305249354 3.2665754650765697e-09
8.098761139250847 7.411582531485466 1.2856617892834972e-10
8.098761139250847 8.098761139250847 1.4342152653217839e-12
