-8.09876113925085 -8.09876113925085 0.03866097747107625
-8.09876113925085 -7.411582531485468 0.03270768054948951
-8.09876113925085 -6.840237305249354 0.02836985418876944
-8.09876113925085 -6.3282553512200845 0.024954079331243502
-8.09876113925085 -5.8540950560304035 0.022173295143949043
-8.09876113925085 -5.406654247970128 0.01987002997860562
-8.09876113925085 -4.979260978545257 0.017944472359878717
-8.09876113925085 -4.567502072844396 0.016327318462104626
-8.09876113925085 -4.168257066832499 0.014967336733807738
-8.09876113925085 -3.7792067534352225 0.013824894737612484
-8.09876113925085 -3.3985582658596285 0.012868288814672611
-8.09876113925085 -3.0248798839012845 0.012071530349659097
-8.09876113925085 -2.6569959984428952 0.0114129560960397
-8.09876113925085 -2.2939171418750837 0.010874335658674393
-8.09876113925085 -1.9347914722822965 0.010440297135296246
-8.09876113925085 -1.578869894931614 0.010097965086864134
-8.09876113925085 -1.225480109046289 0.009836744357764325
-8.09876113925085 -0.8740066123570872 0.009648203754705254
-8.09876113925085 -0.5238747138322762 0.009526025323398782
-8.09876113925085 -0.17453721459758154 0.009465991955095291
-8.09876113925085 0.17453721459758323 0.009465991955095465
-8.09876113925085 0.5238747138322778 0.009526025323399252
-8.09876113925085 0.8740066123570885 0.009648203754706031
-8.09876113925085 1.2254801090462892 0.009836744357765402
-8.09876113925085 1.578869894931614 0.01009796508686552
-8.09876113925085 1.9347914722822956 0.01044029713529795
-8.09876113925085 2.2939171418750837 0.010874335658676402
-8.09876113925085 2.656995998442896 0.011412956096041958
-8.09876113925085 3.024879883901285 0.012071530349661519
-8.09876113925085 3.398558265859627 0.012868288814675069
-8.09876113925085 3.779206753435224 0.013824894737615214
-8.09876113925085 4.168257066832501 0.014967336733810177
-8.09876113925085 4.5675020728443965 0.01632731846210604
-8.09876113925085 4.9792609785452555 0.017944472359883827
-8.09876113925085 5.406654247970126 0.019870029978647803
-8.09876113925085 5.854095056030399 0.022173295143874255
-8.09876113925085 6.328255351220081 0.024954079324635826
-8.09876113925085 6.840237305249354 0.028369854143810394
-8.09876113925085 7.411582531485466 0.03270767996424793
-8.09876113925085 8.098761139250847 0.03866097474421943
-7.411582531485468 -8.09876113925085 0.032707680549489665
-7.411582531485468 -7.411582531485468 0.027090688886513267
-7.411582531485468 -6.840237305249354 0.02305958311441396
-7.411582531485468 -6.3282553512200845 0.019932277834283776
-7.411582531485468 -5.8540950560304035 0.017426328181240413
-7.411582531485468 -5.406654247970128 0.015386074511998015
-7.411582531485468 -4.979260978545257 0.013712245070664137
-7.411582531485468 -4.567502072844396 0.012335342468789295
-7.411582531485468 -4.168257066832499 0.011203493470227597
-7.411582531485468 -3.7792067534352225 0.010276132910535937
-7.411582531485468 -3.3985582658596285 0.009520442040978985
-7.411582531485468 -3.0248798839012845 0.008909213489612306
-7.411582531485468 -2.6569959984428952 0.008419525850595017
-7.411582531485468 -2.2939171418750837 0.00803190394913436
-7.411582531485468 -1.9347914722822965 0.007729789779052772
-7.411582531485468 -1.578869894931614 0.007499218690890125
-7.411582531485468 -1.225480109046289 0.007328635942145027
-7.411582531485468 -0.8740066123570872 0.007208807760409462
-7.411582531485468 -0.5238747138322762 0.007132793303490635
-7.411582531485468 -0.17453721459758154 0.0070959498939226
-7.411582531485468 0.17453721459758323 0.0070959498939228175
-7.411582531485468 0.5238747138322778 0.00713279330349129
-7.411582531485468 0.8740066123570885 0.00720880776041053
-7.411582531485468 1.2254801090462892 0.007328635942146469
-7.411582531485468 1.578869894931614 0.00749921869089196
-7.411582531485468 1.9347914722822956 0.007729789779054984
-7.411582531485468 2.2939171418750837 0.00803190394913693
-7.411582531485468 2.656995998442896 0.00841952585059794
-7.411582531485468 3.024879883901285 0.008909213489615502
-7.411582531485468 3.398558265859627 0.00952044204098233
-7.411582531485468 3.779206753435224 0.010276132910539727
-7.411582531485468 4.168257066832501 0.011203493470231118
-7.411582531485468 4.5675020728443965 0.012335342468791597
-7.411582531485468 4.9792609785452555 0.01371224507067023
-7.411582531485468 5.406654247970126 0.015386074512047558
-7.411582531485468 5.854095056030399 0.01742632818114807
-7.411582531485468 6.328255351220081 0.01993227782625073
-7.411582531485468 6.840237305249354 0.023059583059191976
-7.411582531485468 7.411582531485466 0.027090688156785447
-7.411582531485468 8.098761139250847 0.032707677065590184
-6.840237305249354 -8.09876113925085 0.028369854188770437
-6.840237305249354 -7.411582531485468 0.023059583114412904
-6.840237305249354 -6.840237305249354 0.019307522753351937
-6.840237305249354 -6.3282553512200845 0.016443529844124807
-6.840237305249354 -5.8540950560304035 0.014190129936457779
-6.840237305249354 -5.406654247970128 0.01239364486451996
-6.840237305249354 -4.979260978545257 0.010955457965984149
-6.840237305249354 -4.567502072844396 0.009805927816250984
-6.840237305249354 -4.168257066832499 0.008892520620166868
-6.840237305249354 -3.7792067534352225 0.008173633549769755
-6.840237305249354 -3.3985582658596285 0.007615132900948708
-6.840237305249354 -3.0248798839012845 0.007188290807871844
-6.840237305249354 -2.6569959984428952 0.0068685276668602035
-6.840237305249354 -2.2939171418750837 0.006634636424552043
-6.840237305249354 -1.9347914722822965 0.0064683211499661
-6.840237305249354 -1.578869894931614 0.006353941886823526
-6.840237305249354 -1.225480109046289 0.006278402279832986
-6.840237305249354 -0.8740066123570872 0.006231129841410956
-6.840237305249354 -0.5238747138322762 0.00620411286550012
-6.840237305249354 -0.17453721459758154 0.006191960576773913
-6.840237305249354 0.17453721459758323 0.00619196057677418
-6.840237305249354 0.5238747138322778 0.006204112865500896
-6.840237305249354 0.8740066123570885 0.006231129841412218
-6.840237305249354 1.2254801090462892 0.00627840227983471
-6.840237305249354 1.578869894931614 0.006353941886825699
-6.840237305249354 1.9347914722822956 0.006468321149968701
-6.840237305249354 2.2939171418750837 0.006634636424555041
-6.840237305249354 2.656995998442896 0.006868527666863599
-6.840237305249354 3.024879883901285 0.007188290807875537
-6.840237305249354 3.398558265859627 0.007615132900952602
-6.840237305249354 3.779206753435224 0.008173633549774162
-6.840237305249354 4.168257066832501 0.008892520620171014
-6.840237305249354 4.5675020728443965 0.009805927816253815
-6.840237305249354 4.9792609785452555 0.010955457965991048
-6.840237305249354 5.406654247970126 0.012393644864574017
-6.840237305249354 5.854095056030399 0.014190129936357487
-6.840237305249354 6.328255351220081 0.016443529835329793
-6.840237305249354 6.840237305249354 0.019307522692529985
-6.840237305249354 7.411582531485466 0.023059582303688028
-6.840237305249354 8.098761139250847 0.02836985025988205
-6.3282553512200845 -8.09876113925085 0.024954079331245823
-6.3282553512200845 -7.411582531485468 0.019932277834283457
-6.3282553512200845 -6.840237305249354 0.01644352984412468
-6.3282553512200845 -6.3282553512200845 0.013829210891930123
-6.3282553512200845 -5.8540950560304035 0.01181682440035892
-6.3282553512200845 -5.406654247970128 0.010254635895384617
-6.3282553512200845 -4.979260978545257 0.009044665704565105
-6.3282553512200845 -4.567502072844396 0.008117083763035713
-6.3282553512200845 -4.168257066832499 0.007418625012594129
-6.3282553512200845 -3.7792067534352225 0.006906532625348559
-6.3282553512200845 -3.3985582658596285 0.006545193002703936
-6.3282553512200845 -3.0248798839012845 0.006304136594261465
-6.3282553512200845 -2.6569959984428952 0.006156851840804396
-6.3282553512200845 -2.2939171418750837 0.0060800781153590175
-6.3282553512200845 -1.9347914722822965 0.006053426305056351
-6.3282553512200845 -1.578869894931614 0.006059209118142218
-6.3282553512200845 -1.225480109046289 0.006082423443935302
-6.3282553512200845 -0.8740066123570872 0.006110823829112339
-6.3282553512200845 -0.5238747138322762 0.006135050046261695
-6.3282553512200845 -0.17453721459758154 0.006148763792441718
-6.3282553512200845 0.17453721459758323 0.006148763792442021
-6.3282553512200845 0.5238747138322778 0.00613505004626258
-6.3282553512200845 0.8740066123570885 0.006110823829113775
-6.3282553512200845 1.2254801090462892 0.006082423443937261
-6.3282553512200845 1.578869894931614 0.006059209118144678
-6.3282553512200845 1.9347914722822956 0.006053426305059301
-6.3282553512200845 2.2939171418750837 0.006080078115362412
-6.3282553512200845 2.656995998442896 0.006156851840808207
-6.3282553512200845 3.024879883901285 0.006304136594265601
-6.3282553512200845 3.398558265859627 0.006545193002708288
-6.3282553512200845 3.779206753435224 0.006906532625353462
-6.3282553512200845 4.168257066832501 0.007418625012598785
-6.3282553512200845 4.5675020728443965 0.008117083763039021
-6.3282553512200845 4.9792609785452555 0.009044665704572715
-6.3282553512200845 5.406654247970126 0.01025463589544179
-6.3282553512200845 5.854095056030399 0.01181682440025362
-6.3282553512200845 6.328255351220081 0.013829210882634375
-6.3282553512200845 6.840237305249354 0.0164435297795796
-6.3282553512200845 7.411582531485466 0.019932276968816415
-6.3282553512200845 8.098761139250847 0.02495407509251675
-5.8540950560304035 -8.09876113925085 0.02217329514395068
-5.8540950560304035 -7.411582531485468 0.017426328181240517
-5.8540950560304035 -6.840237305249354 0.014190129936457851
-5.8540950560304035 -6.3282553512200845 0.011816824400358998
-5.8540950560304035 -5.8540950560304035 0.010038862206247631
-5.8540950560304035 -5.406654247970128 0.008706411739869685
-5.8540950560304035 -4.979260978545257 0.007722140297839459
-5.8540950560304035 -4.567502072844396 0.0070160129218241
-5.8540950560304035 -4.168257066832499 0.00653399503335692
-5.8540950560304035 -3.7792067534352225 0.006232081200506709
-5.8540950560304035 -3.3985582658596285 0.00607302245750661
-5.8540950560304035 -3.0248798839012845 0.006024370057808573
-5.8540950560304035 -2.6569959984428952 0.006057360300651396
-5.8540950560304035 -2.2939171418750837 0.006146269755057574
-5.8540950560304035 -1.9347914722822965 0.006268132125408107
-5.8540950560304035 -1.578869894931614 0.006402670175129326
-5.8540950560304035 -1.225480109046289 0.006532409867329441
-5.8540950560304035 -0.8740066123570872 0.006642887738234658
-5.8540950560304035 -0.5238747138322762 0.006722922943118024
-5.8540950560304035 -0.17453721459758154 0.0067648789236237255
-5.8540950560304035 0.17453721459758323 0.006764878923624063
-5.8540950560304035 0.5238747138322778 0.006722922943119019
-5.8540950560304035 0.8740066123570885 0.006642887738236267
-5.8540950560304035 1.2254801090462892 0.006532409867331633
-5.8540950560304035 1.578869894931614 0.006402670175132067
-5.8540950560304035 1.9347914722822956 0.006268132125411386
-5.8540950560304035 2.2939171418750837 0.006146269755061335
-5.8540950560304035 2.656995998442896 0.006057360300655614
-5.8540950560304035 3.024879883901285 0.006024370057813143
-5.8540950560304035 3.398558265859627 0.006073022457511393
-5.8540950560304035 3.779206753435224 0.006232081200512074
-5.8540950560304035 4.168257066832501 0.006533995033362044
-5.8540950560304035 4.5675020728443965 0.0070160129218278435
-5.8540950560304035 4.9792609785452555 0.0077221402978476525
-5.8540950560304035 5.406654247970126 0.008706411739929209
-5.8540950560304035 5.854095056030399 0.010038862206138756
-5.8540950560304035 6.328255351220081 0.011816824390700588
-5.8540950560304035 6.840237305249354 0.01419012986919726
-5.8540950560304035 7.411582531485466 0.01742632727539172
-5.8540950560304035 8.098761139250847 0.02217329067177769
-5.406654247970128 -8.09876113925085 0.019870029978606735
-5.406654247970128 -7.411582531485468 0.015386074511998282
-5.406654247970128 -6.840237305249354 0.012393644864520109
-5.406654247970128 -6.3282553512200845 0.010254635895384763
-5.406654247970128 -5.8540950560304035 0.0087064117398698
-5.406654247970128 -5.406654247970128 0.007601003786036528
-5.406654247970128 -4.979260978545257 0.006841762865762406
-5.406654247970128 -4.567502072844396 0.006358449726602281
-5.406654247970128 -4.168257066832499 0.006096243073892776
-5.406654247970128 -3.7792067534352225 0.006009799980119485
-5.406654247970128 -3.3985582658596285 0.006060079722913319
-5.406654247970128 -3.0248798839012845 0.00621239484649981
-5.406654247970128 -2.6569959984428952 0.006435376277876193
-5.406654247970128 -2.2939171418750837 0.006700376092250184
-5.406654247970128 -1.9347914722822965 0.006981310552204666
-5.406654247970128 -1.578869894931614 0.007254707458196577
-5.406654247970128 -1.225480109046289 0.007500006875142536
-5.406654247970128 -0.8740066123570872 0.007699940041836298
-5.406654247970128 -0.5238747138322762 0.007841009599354201
-5.406654247970128 -0.17453721459758154 0.007913915888015112
-5.406654247970128 0.17453721459758323 0.007913915888015476
-5.406654247970128 0.5238747138322778 0.007841009599355289
-5.406654247970128 0.8740066123570885 0.007699940041838085
-5.406654247970128 1.2254801090462892 0.007500006875144955
-5.406654247970128 1.578869894931614 0.007254707458199609
-5.406654247970128 1.9347914722822956 0.006981310552208272
-5.406654247970128 2.2939171418750837 0.006700376092254318
-5.406654247970128 2.656995998442896 0.006435376277880801
-5.406654247970128 3.024879883901285 0.006212394846504784
-5.406654247970128 3.398558265859627 0.006060079722918532
-5.406654247970128 3.779206753435224 0.006009799980125307
-5.406654247970128 4.168257066832501 0.006096243073898356
-5.406654247970128 4.5675020728443965 0.0063584497266064525
-5.406654247970128 4.9792609785452555 0.006841762865771135
-5.406654247970128 5.406654247970126 0.007601003786097898
-5.406654247970128 5.854095056030399 0.008706411739758318
-5.406654247970128 6.328255351220081 0.01025463588544876
-5.406654247970128 6.840237305249354 0.012393644795169753
-5.406654247970128 7.411582531485466 0.015386073574813561
-5.406654247970128 8.098761139250847 0.0198700253223577
-4.979260978545257 -8.09876113925085 0.01794447235987944
-4.979260978545257 -7.411582531485468 0.013712245070664361
-4.979260978545257 -6.840237305249354 0.01095545796598436
-4.979260978545257 -6.3282553512200845 0.009044665704565307
-4.979260978545257 -5.8540950560304035 0.007722140297839629
-4.979260978545257 -5.406654247970128 0.0068417628657625
-4.979260978545257 -4.979260978545257 0.0063076713488703
-4.979260978545257 -4.567502072844396 0.0060494855462627254
-4.979260978545257 -4.168257066832499 0.006011666838721016
-4.979260978545257 -3.7792067534352225 0.0061475229981670185
-4.979260978545257 -3.3985582658596285 0.006416150353091498
-4.979260978545257 -3.0248798839012845 0.006780417382836953
-4.979260978545257 -2.6569959984428952 0.0072060293668209496
-4.979260978545257 -2.2939171418750837 0.007660914464955823
-4.979260978545257 -1.9347914722822965 0.00811523269186176
-4.979260978545257 -1.578869894931614 0.00854150577377547
-4.979260978545257 -1.225480109046289 0.008915193479278284
-4.979260978545257 -0.8740066123570872 0.009215273633281715
-4.979260978545257 -0.5238747138322762 0.00942507743225884
-4.979260978545257 -0.17453721459758154 0.009532965894358085
-4.979260978545257 0.17453721459758323 0.009532965894358501
-4.979260978545257 0.5238747138322778 0.009425077432260046
-4.979260978545257 0.8740066123570885 0.009215273633283678
-4.979260978545257 1.2254801090462892 0.008915193479280943
-4.979260978545257 1.578869894931614 0.008541505773778772
-4.979260978545257 1.9347914722822956 0.008115232691865697
-4.979260978545257 2.2939171418750837 0.0076609144649603216
-4.979260978545257 2.656995998442896 0.007206029366825955
-4.979260978545257 3.024879883901285 0.006780417382842339
-4.979260978545257 3.398558265859627 0.006416150353097133
-4.979260978545257 3.779206753435224 0.006147522998173284
-4.979260978545257 4.168257066832501 0.006011666838727049
-4.979260978545257 4.5675020728443965 0.006049485546267331
-4.979260978545257 4.9792609785452555 0.006307671348879559
-4.979260978545257 5.406654247970126 0.006841762865825456
-4.979260978545257 5.854095056030399 0.007722140297726197
-4.979260978545257 6.328255351220081 0.009044665694409124
-4.979260978545257 6.840237305249354 0.01095545789496952
-4.979260978545257 7.411582531485466 0.01371224410836186
-4.979260978545257 8.098761139250847 0.017944467554203196
-4.567502072844396 -8.09876113925085 0.016327318462104723
-4.567502072844396 -7.411582531485468 0.01233534246878958
-4.567502072844396 -6.840237305249354 0.009805927816251283
-4.567502072844396 -6.3282553512200845 0.008117083763035972
-4.567502072844396 -5.8540950560304035 0.007016012921824332
-4.567502072844396 -5.406654247970128 0.006358449726602456
-4.567502072844396 -4.979260978545257 0.006049485546262816
-4.567502072844396 -4.567502072844396 0.006018708389281926
-4.567502072844396 -4.168257066832499 0.006210006023271409
-4.567502072844396 -3.7792067534352225 0.006575368885120494
-4.567502072844396 -3.3985582658596285 0.007072013805452767
-4.567502072844396 -3.0248798839012845 0.007660153076708549
-4.567502072844396 -2.6569959984428952 0.008302232740403368
-4.567502072844396 -2.2939171418750837 0.008962154245501437
-4.567502072844396 -1.9347914722822965 0.009605586982410257
-4.567502072844396 -1.578869894931614 0.010200066825418274
-4.567502072844396 -1.225480109046289 0.010716087039035743
-4.567502072844396 -0.8740066123570872 0.011127818997867652
-4.567502072844396 -0.5238747138322762 0.011414581213525773
-4.567502072844396 -0.17453721459758154 0.011561725457407619
-4.567502072844396 0.17453721459758323 0.011561725457408035
-4.567502072844396 0.5238747138322778 0.011414581213527068
-4.567502072844396 0.8740066123570885 0.011127818997869781
-4.567502072844396 1.2254801090462892 0.01071608703903867
-4.567502072844396 1.578869894931614 0.010200066825421898
-4.567502072844396 1.9347914722822956 0.009605586982414531
-4.567502072844396 2.2939171418750837 0.008962154245506296
-4.567502072844396 2.656995998442896 0.008302232740408765
-4.567502072844396 3.024879883901285 0.00766015307671436
-4.567502072844396 3.398558265859627 0.007072013805458846
-4.567502072844396 3.779206753435224 0.006575368885127216
-4.567502072844396 4.168257066832501 0.00621000602327791
-4.567502072844396 4.5675020728443965 0.006018708389286989
-4.567502072844396 4.9792609785452555 0.006049485546272588
-4.567502072844396 5.406654247970126 0.00635844972666678
-4.567502072844396 5.854095056030399 0.007016012921709362
-4.567502072844396 6.328255351220081 0.008117083752700852
-4.567502072844396 6.840237305249354 0.009805927743879537
-4.567502072844396 7.411582531485466 0.012335341485909092
-4.567502072844396 8.098761139250847 0.016327313532743935
-4.168257066832499 -8.09876113925085 0.014967336733807733
-4.168257066832499 -7.411582531485468 0.011203493470228006
-4.168257066832499 -6.840237305249354 0.0088925206201673
-4.168257066832499 -6.3282553512200845 0.007418625012594506
-4.168257066832499 -5.8540950560304035 0.00653399503335726
-4.168257066832499 -5.406654247970128 0.006096243073893051
-4.168257066832499 -4.979260978545257 0.006011666838721209
-4.168257066832499 -4.567502072844396 0.006210006023271509
-4.168257066832499 -4.168257066832499 0.006634863439130884
-4.168257066832499 -3.7792067534352225 0.007237071985129174
-4.168257066832499 -3.3985582658596285 0.007972165136934488
-4.168257066832499 -3.0248798839012845 0.008797645711477273
-4.168257066832499 -2.6569959984428952 0.009672612581766873
-4.168257066832499 -2.2939171418750837 0.010556417533247724
-4.168257066832499 -1.9347914722822965 0.011409619603612446
-4.168257066832499 -1.578869894931614 0.012193511998474089
-4.168257066832499 -1.225480109046289 0.012872287739046594
-4.168257066832499 -0.8740066123570872 0.01341335356015847
-4.168257066832499 -0.5238747138322762 0.013790297542771697
-4.168257066832499 -0.17453721459758154 0.013983742304398408
-4.168257066832499 0.17453721459758323 0.013983742304398852
-4.168257066832499 0.5238747138322778 0.013790297542772953
-4.168257066832499 0.8740066123570885 0.013413353560160721
-4.168257066832499 1.2254801090462892 0.012872287739049781
-4.168257066832499 1.578869894931614 0.012193511998478054
-4.168257066832499 1.9347914722822956 0.01140961960361711
-4.168257066832499 2.2939171418750837 0.010556417533252977
-4.168257066832499 2.656995998442896 0.009672612581772688
-4.168257066832499 3.024879883901285 0.008797645711483514
-4.168257066832499 3.398558265859627 0.007972165136941014
-4.168257066832499 3.779206753435224 0.007237071985136373
-4.168257066832499 4.168257066832501 0.00663486343913786
-4.168257066832499 4.5675020728443965 0.0062100060232770276
-4.168257066832499 4.9792609785452555 0.006011666838731476
-4.168257066832499 5.406654247970126 0.006096243073958535
-4.168257066832499 5.854095056030399 0.0065339950332410236
-4.168257066832499 6.328255351220081 0.0074186250021115166
-4.168257066832499 6.840237305249354 0.008892520546671723
-4.168257066832499 7.411582531485466 0.011203492470235783
-4.168257066832499 8.098761139250847 0.014967331700714303
-3.7792067534352225 -8.09876113925085 0.013824894737612623
-3.7792067534352225 -7.411582531485468 0.010276132910536463
-3.7792067534352225 -6.840237305249354 0.008173633549770314
-3.7792067534352225 -6.3282553512200845 0.006906532625349083
-3.7792067534352225 -5.8540950560304035 0.006232081200507184
-3.7792067534352225 -5.406654247970128 0.006009799980119896
-3.7792067534352225 -4.979260978545257 0.006147522998167339
-3.7792067534352225 -4.567502072844396 0.006575368885120718
-3.7792067534352225 -4.168257066832499 0.00723707198512929
-3.7792067534352225 -3.7792067534352225 0.00808251804022584
-3.7792067534352225 -3.3985582658596285 0.009065904029345597
-3.7792067534352225 -3.0248798839012845 0.010141909311529446
-3.7792067534352225 -2.6569959984428952 0.011266267190014275
-3.7792067534352225 -2.2939171418750837 0.012392857425841284
-3.7792067534352225 -1.9347914722822965 0.013476429721324028
-3.7792067534352225 -1.578869894931614 0.014470023017066513
-3.7792067534352225 -1.225480109046289 0.015330403434409135
-3.7792067534352225 -0.8740066123570872 0.01601591358203197
-3.7792067534352225 -0.5238747138322762 0.016493877759733374
-3.7792067534352225 -0.17453721459758154 0.01673900381680512
-3.7792067534352225 0.17453721459758323 0.01673900381680514
-3.7792067534352225 0.5238747138322778 0.016493877759734422
-3.7792067534352225 0.8740066123570885 0.016015913582034233
-3.7792067534352225 1.2254801090462892 0.015330403434412561
-3.7792067534352225 1.578869894931614 0.01447002301707095
-3.7792067534352225 1.9347914722822956 0.013476429721329137
-3.7792067534352225 2.2939171418750837 0.01239285742584694
-3.7792067534352225 2.656995998442896 0.01126626719002053
-3.7792067534352225 3.024879883901285 0.010141909311536142
-3.7792067534352225 3.398558265859627 0.009065904029352612
-3.7792067534352225 3.779206753435224 0.008082518040233529
-3.7792067534352225 4.168257066832501 0.007237071985136744
-3.7792067534352225 4.5675020728443965 0.006575368885126667
-3.7792067534352225 4.9792609785452555 0.006147522998178059
-3.7792067534352225 5.406654247970126 0.006009799980186383
-3.7792067534352225 5.854095056030399 0.006232081200389925
-3.7792067534352225 6.328255351220081 0.006906532614742547
-3.7792067534352225 6.840237305249354 0.008173633475334025
-3.7792067534352225 7.411582531485466 0.010276131896173876
-3.7792067534352225 8.098761139250847 0.013824889616775596
-3.3985582658596285 -8.09876113925085 0.01286828881467298
-3.3985582658596285 -7.411582531485468 0.009520442040979635
-3.3985582658596285 -6.840237305249354 0.007615132900949394
-3.3985582658596285 -6.3282553512200845 0.006545193002704614
-3.3985582658596285 -5.8540950560304035 0.006073022457507254
-3.3985582658596285 -5.406654247970128 0.006060079722913892
-3.3985582658596285 -4.979260978545257 0.006416150353091971
-3.3985582658596285 -4.567502072844396 0.007072013805453153
-3.3985582658596285 -4.168257066832499 0.007972165136934757
-3.3985582658596285 -3.7792067534352225 0.00906590402934573
-3.3985582658596285 -3.3985582658596285 0.010306925264622612
-3.3985582658596285 -3.0248798839012845 0.011647270215239985
-3.3985582658596285 -2.6569959984428952 0.013040349326643413
-3.3985582658596285 -2.2939171418750837 0.014434025456918584
-3.3985582658596285 -1.9347914722822965 0.01577842877892025
-3.3985582658596285 -1.578869894931614 0.01701581231780644
-3.3985582658596285 -1.225480109046289 0.018095899128838855
-3.3985582658596285 -0.8740066123570872 0.018961336933930942
-3.3985582658596285 -0.5238747138322762 0.019570634307847296
-3.3985582658596285 -0.17453721459758154 0.01988389939385879
-3.3985582658596285 0.17453721459758323 0.019883899393858824
-3.3985582658596285 0.5238747138322778 0.019570634307847872
-3.3985582658596285 0.8740066123570885 0.018961336933933034
-3.3985582658596285 1.2254801090462892 0.01809589912884231
-3.3985582658596285 1.578869894931614 0.017015812317811182
-3.3985582658596285 1.9347914722822956 0.015778428778925647
-3.3985582658596285 2.2939171418750837 0.014434025456924734
-3.3985582658596285 2.656995998442896 0.01304034932665022
-3.3985582658596285 3.024879883901285 0.011647270215247271
-3.3985582658596285 3.398558265859627 0.010306925264630189
-3.3985582658596285 3.779206753435224 0.009065904029353974
-3.3985582658596285 4.168257066832501 0.007972165136942707
-3.3985582658596285 4.5675020728443965 0.007072013805459537
-3.3985582658596285 4.9792609785452555 0.006416150353103128
-3.3985582658596285 5.406654247970126 0.00606007972298127
-3.3985582658596285 5.854095056030399 0.006073022457389182
-3.3985582658596285 6.328255351220081 0.006545192991994204
-3.3985582658596285 6.840237305249354 0.0076151328257206535
-3.3985582658596285 7.411582531485466 0.009520441014478758
-3.3985582658596285 8.098761139250847 0.012868283619266225
-3.0248798839012845 -8.09876113925085 0.012071530349659668
-3.0248798839012845 -7.411582531485468 0.008909213489613058
-3.0248798839012845 -6.840237305249354 0.007188290807872646
-3.0248798839012845 -6.3282553512200845 0.006304136594262274
-3.0248798839012845 -5.8540950560304035 0.006024370057809373
-3.0248798839012845 -5.406654247970128 0.006212394846500551
-3.0248798839012845 -4.979260978545257 0.0067804173828376136
-3.0248798839012845 -4.567502072844396 0.0076601530767091185
-3.0248798839012845 -4.168257066832499 0.008797645711477722
-3.0248798839012845 -3.7792067534352225 0.010141909311529747
-3.0248798839012845 -3.3985582658596285 0.011647270215240148
-3.0248798839012845 -3.0248798839012845 0.013262736436469566
-3.0248798839012845 -2.6569959984428952 0.014940753616251105
-3.0248798839012845 -2.2939171418750837 0.01661980994283796
-3.0248798839012845 -1.9347914722822965 0.018246880141465253
-3.0248798839012845 -1.578869894931614 0.019743220274403873
-3.0248798839012845 -1.225480109046289 0.02105597133198231
-3.0248798839012845 -0.8740066123570872 0.022097811635988732
-3.0248798839012845 -0.5238747138322762 0.02283437469006951
-3.0248798839012845 -0.17453721459758154 0.023206747778950234
-3.0248798839012845 0.17453721459758323 0.023206747778949686
-3.0248798839012845 0.5238747138322778 0.02283437469006953
-3.0248798839012845 0.8740066123570885 0.022097811635990065
-3.0248798839012845 1.2254801090462892 0.021055971331984894
-3.0248798839012845 1.578869894931614 0.01974322027440783
-3.0248798839012845 1.9347914722822956 0.018246880141470818
-3.0248798839012845 2.2939171418750837 0.01661980994284484
-3.0248798839012845 2.656995998442896 0.014940753616258655
-3.0248798839012845 3.024879883901285 0.013262736436477513
-3.0248798839012845 3.398558265859627 0.011647270215248366
-3.0248798839012845 3.779206753435224 0.010141909311538579
-3.0248798839012845 4.168257066832501 0.008797645711486168
-3.0248798839012845 4.5675020728443965 0.007660153076715918
-3.0248798839012845 4.9792609785452555 0.006780417382849184
-3.0248798839012845 5.406654247970126 0.006212394846568746
-3.0248798839012845 5.854095056030399 0.006024370057690689
-3.0248798839012845 6.328255351220081 0.006304136583464276
-3.0248798839012845 6.840237305249354 0.00718829073197456
-3.0248798839012845 7.411582531485466 0.00890921245283785
-3.0248798839012845 8.098761139250847 0.012071525090804848
-2.6569959984428952 -8.09876113925085 0.0114129560960404
-2.6569959984428952 -7.411582531485468 0.00841952585059586
-2.6569959984428952 -6.840237305249354 0.006868527666861119
-2.6569959984428952 -6.3282553512200845 0.006156851840805346
-2.6569959984428952 -5.8540950560304035 0.006057360300652343
-2.6569959984428952 -5.406654247970128 0.006435376277877099
-2.6569959984428952 -4.979260978545257 0.0072060293668218
-2.6569959984428952 -4.567502072844396 0.008302232740404127
-2.6569959984428952 -4.168257066832499 0.009672612581767522
-2.6569959984428952 -3.7792067534352225 0.01126626719001479
-2.6569959984428952 -3.3985582658596285 0.01304034932664377
-2.6569959984428952 -3.0248798839012845 0.014940753616251358
-2.6569959984428952 -2.6569959984428952 0.016924784385853018
-2.6569959984428952 -2.2939171418750837 0.01891893845735609
-2.6569959984428952 -1.9347914722822965 0.020885271366932072
-2.6569959984428952 -1.578869894931614 0.02271023162226016
-2.6569959984428952 -1.225480109046289 0.02438341565132375
-2.6569959984428952 -0.8740066123570872 0.025727934423323766
-2.6569959984428952 -0.5238747138322762 0.02676166322296856
-2.6569959984428952 -0.17453721459758154 0.027278888813438457
-2.6569959984428952 0.17453721459758323 0.027278888813439296
-2.6569959984428952 0.5238747138322778 0.02676166322296936
-2.6569959984428952 0.8740066123570885 0.025727934423316303
-2.6569959984428952 1.2254801090462892 0.02438341565132419
-2.6569959984428952 1.578869894931614 0.022710231622262773
-2.6569959984428952 1.9347914722822956 0.02088527136693761
-2.6569959984428952 2.2939171418750837 0.018918938457363633
-2.6569959984428952 2.656995998442896 0.016924784385861265
-2.6569959984428952 3.024879883901285 0.014940753616260162
-2.6569959984428952 3.398558265859627 0.013040349326652717
-2.6569959984428952 3.779206753435224 0.011266267190024238
-2.6569959984428952 4.168257066832501 0.009672612581776452
-2.6569959984428952 4.5675020728443965 0.008302232740411334
-2.6569959984428952 4.9792609785452555 0.007206029366833759
-2.6569959984428952 5.406654247970126 0.006435376277946021
-2.6569959984428952 5.854095056030399 0.006057360300533178
-2.6569959984428952 6.328255351220081 0.006156851829933513
-2.6569959984428952 6.840237305249354 0.006868527590398385
-2.6569959984428952 7.411582531485466 0.00841952480513939
-2.6569959984428952 8.098761139250847 0.011412950783339367
-2.2939171418750837 -8.09876113925085 0.010874335658675191
-2.2939171418750837 -7.411582531485468 0.008031903949135298
-2.2939171418750837 -6.840237305249354 0.006634636424553076
-2.2939171418750837 -6.3282553512200845 0.0060800781153601095
-2.2939171418750837 -5.8540950560304035 0.006146269755058676
-2.2939171418750837 -5.406654247970128 0.006700376092251269
-2.2939171418750837 -4.979260978545257 0.007660914464956867
-2.2939171418750837 -4.567502072844396 0.008962154245502419
-2.2939171418750837 -4.168257066832499 0.010556417533248636
-2.2939171418750837 -3.7792067534352225 0.012392857425842093
-2.2939171418750837 -3.3985582658596285 0.014434025456919226
-2.2939171418750837 -3.0248798839012845 0.016619809942838362
-2.2939171418750837 -2.6569959984428952 0.018918938457355844
-2.2939171418750837 -2.2939171418750837 0.021224335928451448
-2.2939171418750837 -1.9347914722822965 0.023532846299485547
-2.2939171418750837 -1.578869894931614 0.025593480267626957
-2.2939171418750837 -1.225480109046289 0.027515601513510565
-2.2939171418750837 -0.8740066123570872 0.028814170450919524
-2.2939171418750837 -0.5238747138322762 0.02984569526211234
-2.2939171418750837 -0.17453721459758154 0.030219767187992318
-2.2939171418750837 0.17453721459758323 0.03021976718799009
-2.2939171418750837 0.5238747138322778 0.029845695262117777
-2.2939171418750837 0.8740066123570885 0.02881417045093361
-2.2939171418750837 1.2254801090462892 0.027515601513503556
-2.2939171418750837 1.578869894931614 0.02559348026762366
-2.2939171418750837 1.9347914722822956 0.023532846299488288
-2.2939171418750837 2.2939171418750837 0.02122433592845926
-2.2939171418750837 2.656995998442896 0.018918938457365635
-2.2939171418750837 3.024879883901285 0.016619809942848156
-2.2939171418750837 3.398558265859627 0.014434025456928673
-2.2939171418750837 3.779206753435224 0.012392857425851975
-2.2939171418750837 4.168257066832501 0.010556417533257938
-2.2939171418750837 4.5675020728443965 0.00896215424550998
-2.2939171418750837 4.9792609785452555 0.007660914464969203
-2.2939171418750837 5.406654247970126 0.006700376092320839
-2.2939171418750837 5.854095056030399 0.00614626975493913
-2.2939171418750837 6.328255351220081 0.006080078104426375
-2.2939171418750837 6.840237305249354 0.00663463634761675
-2.2939171418750837 7.411582531485466 0.008031902896389572
-2.2939171418750837 8.098761139250847 0.010874330300597162
-1.9347914722822965 -8.09876113925085 0.010440297135297092
-1.9347914722822965 -7.411582531485468 0.007729789779053801
-1.9347914722822965 -6.840237305249354 0.0064683211499672565
-1.9347914722822965 -6.3282553512200845 0.006053426305057577
-1.9347914722822965 -5.8540950560304035 0.0062681321254093635
-1.9347914722822965 -5.406654247970128 0.006981310552205918
-1.9347914722822965 -4.979260978545257 0.008115232691862994
-1.9347914722822965 -4.567502072844396 0.009605586982411422
-1.9347914722822965 -4.168257066832499 0.011409619603613568
-1.9347914722822965 -3.7792067534352225 0.013476429721325131
-1.9347914722822965 -3.3985582658596285 0.01577842877892133
-1.9347914722822965 -3.0248798839012845 0.018246880141466002
-1.9347914722822965 -2.6569959984428952 0.020885271366931978
-1.9347914722822965 -2.2939171418750837 0.023532846299484354
-1.9347914722822965 -1.9347914722822965 0.026375203921048238
-1.9347914722822965 -1.578869894931614 0.028866691319288165
-1.9347914722822965 -1.225480109046289 0.032218801692798886
-1.9347914722822965 -0.8740066123570872 0.03389294443526118
-1.9347914722822965 -0.5238747138322762 0.03697976250659635
-1.9347914722822965 -0.17453721459758154 0.03586181418323028
-1.9347914722822965 0.17453721459758323 0.03586181418303797
-1.9347914722822965 0.5238747138322778 0.03697976250646077
-1.9347914722822965 0.8740066123570885 0.033892944435400765
-1.9347914722822965 1.2254801090462892 0.032218801692793314
-1.9347914722822965 1.578869894931614 0.028866691319279766
-1.9347914722822965 1.9347914722822956 0.02637520392104933
-1.9347914722822965 2.2939171418750837 0.02353284629949261
-1.9347914722822965 2.656995998442896 0.02088527136694229
-1.9347914722822965 3.024879883901285 0.018246880141476088
-1.9347914722822965 3.398558265859627 0.015778428778931167
-1.9347914722822965 3.779206753435224 0.01347642972133547
-1.9347914722822965 4.168257066832501 0.011409619603623295
-1.9347914722822965 4.5675020728443965 0.009605586982419378
-1.9347914722822965 4.9792609785452555 0.008115232691875683
-1.9347914722822965 5.406654247970126 0.006981310552276041
-1.9347914722822965 5.854095056030399 0.006268132125289499
-1.9347914722822965 6.328255351220081 0.006053426294072539
-1.9347914722822965 6.840237305249354 0.0064683210726383744
-1.9347914722822965 7.411582531485466 0.007729788720261924
-1.9347914722822965 8.098761139250847 0.010440291739469943
-1.578869894931614 -8.09876113925085 0.010097965086865062
-1.578869894931614 -7.411582531485468 0.007499218690891272
-1.578869894931614 -6.840237305249354 0.006353941886824801
-1.578869894931614 -6.3282553512200845 0.006059209118143578
-1.578869894931614 -5.8540950560304035 0.006402670175130746
-1.578869894931614 -5.406654247970128 0.007254707458198012
-1.578869894931614 -4.979260978545257 0.008541505773776879
-1.578869894931614 -4.567502072844396 0.010200066825419659
-1.578869894931614 -4.168257066832499 0.012193511998475376
-1.578869894931614 -3.7792067534352225 0.0144700230170677
-1.578869894931614 -3.3985582658596285 0.01701581231780743
-1.578869894931614 -3.0248798839012845 0.019743220274403804
-1.578869894931614 -2.6569959984428952 0.022710231622260053
-1.578869894931614 -2.2939171418750837 0.025593480267624688
-1.578869894931614 -1.9347914722822965 0.02886669131927498
-1.578869894931614 -1.578869894931614 0.03088100393628466
-1.578869894931614 -1.225480109046289 0.03350140208631323
-1.578869894931614 -0.8740066123570872 0.033425306424154144
-1.578869894931614 -0.5238747138322762 0.03415485269509279
-1.578869894931614 -0.17453721459758154 0.03398854702134097
-1.578869894931614 0.17453721459758323 0.033988547021252966
-1.578869894931614 0.5238747138322778 0.03415485269517332
-1.578869894931614 0.8740066123570885 0.03342530642414739
-1.578869894931614 1.2254801090462892 0.03350140208625453
-1.578869894931614 1.578869894931614 0.03088100393624209
-1.578869894931614 1.9347914722822956 0.02886669131928422
-1.578869894931614 2.2939171418750837 0.025593480267635096
-1.578869894931614 2.656995998442896 0.022710231622269428
-1.578869894931614 3.024879883901285 0.01974322027441407
-1.578869894931614 3.398558265859627 0.017015812317817833
-1.578869894931614 3.779206753435224 0.01447002301707848
-1.578869894931614 4.168257066832501 0.01219351199848553
-1.578869894931614 4.5675020728443965 0.010200066825427975
-1.578869894931614 4.9792609785452555 0.008541505773789898
-1.578869894931614 5.406654247970126 0.007254707458268598
-1.578869894931614 5.854095056030399 0.006402670175010625
-1.578869894931614 6.328255351220081 0.006059209107116862
-1.578869894931614 6.840237305249354 0.006353941809177096
-1.578869894931614 7.411582531485466 0.007499217627187352
-1.578869894931614 8.098761139250847 0.01009795966029988
-1.225480109046289 -8.09876113925085 0.009836744357765319
-1.225480109046289 -7.411582531485468 0.007328635942146292
-1.225480109046289 -6.840237305249354 0.006278402279834387
-1.225480109046289 -6.3282553512200845 0.006082423443936802
-1.225480109046289 -5.8540950560304035 0.006532409867331014
-1.225480109046289 -5.406654247970128 0.007500006875144147
-1.225480109046289 -4.979260978545257 0.008915193479279899
-1.225480109046289 -4.567502072844396 0.010716087039037335
-1.225480109046289 -4.168257066832499 0.012872287739048107
-1.225480109046289 -3.7792067534352225 0.0153304034344104
-1.225480109046289 -3.3985582658596285 0.01809589912883993
-1.225480109046289 -3.0248798839012845 0.021055971331984162
-1.225480109046289 -2.6569959984428952 0.0243834156513276
-1.225480109046289 -2.2939171418750837 0.027515601513507498
-1.225480109046289 -1.9347914722822965 0.03221880169283318
-1.225480109046289 -1.578869894931614 0.03350140208629248
-1.225480109046289 -1.225480109046289 0.035059546283372024
-1.225480109046289 -0.8740066123570872 0.03477284325179924
-1.225480109046289 -0.5238747138322762 0.03443175531170976
-1.225480109046289 -0.17453721459758154 0.034512121732997066
-1.225480109046289 0.17453721459758323 0.034512121732930764
-1.225480109046289 0.5238747138322778 0.034431755311642824
-1.225480109046289 0.8740066123570885 0.034772843251862126
-1.225480109046289 1.2254801090462892 0.03505954628334772
-1.225480109046289 1.578869894931614 0.033501402086217734
-1.225480109046289 1.9347914722822956 0.03221880169279864
-1.225480109046289 2.2939171418750837 0.027515601513524064
-1.225480109046289 2.656995998442896 0.024383415651335803
-1.225480109046289 3.024879883901285 0.02105597133199347
-1.225480109046289 3.398558265859627 0.018095899128850217
-1.225480109046289 3.779206753435224 0.015330403434421627
-1.225480109046289 4.168257066832501 0.012872287739058663
-1.225480109046289 4.5675020728443965 0.01071608703904599
-1.225480109046289 4.9792609785452555 0.00891519347929321
-1.225480109046289 5.406654247970126 0.007500006875215121
-1.225480109046289 5.854095056030399 0.006532409867210732
-1.225480109046289 6.328255351220081 0.006082423432877358
-1.225480109046289 6.840237305249354 0.006278402201936395
-1.225480109046289 7.411582531485466 0.007328634874586626
-1.225480109046289 8.098761139250847 0.0098367389070317
-0.8740066123570872 -8.09876113925085 0.009648203754706325
-0.8740066123570872 -7.411582531485468 0.007208807760410858
-0.8740066123570872 -6.840237305249354 0.006231129841412497
-0.8740066123570872 -6.3282553512200845 0.006110823829113975
-0.8740066123570872 -5.8540950560304035 0.006642887738236377
-0.8740066123570872 -5.406654247970128 0.007699940041838087
-0.8740066123570872 -4.979260978545257 0.00921527363328351
-0.8740066123570872 -4.567502072844396 0.01112781899786941
-0.8740066123570872 -4.168257066832499 0.013413353560160112
-0.8740066123570872 -3.7792067534352225 0.016015913582033376
-0.8740066123570872 -3.3985582658596285 0.018961336933932604
-0.8740066123570872 -3.0248798839012845 0.022097811635992483
-0.8740066123570872 -2.6569959984428952 0.02572793442333068
-0.8740066123570872 -2.2939171418750837 0.028814170450944813
-0.8740066123570872 -1.9347914722822965 0.033892944435376625
-0.8740066123570872 -1.578869894931614 0.033425306424142286
-0.8740066123570872 -1.225480109046289 0.034772843251811084
-0.8740066123570872 -0.8740066123570872 0.034290301973078766
-0.8740066123570872 -0.5238747138322762 0.034565501697244254
-0.8740066123570872 -0.17453721459758154 0.034419322201426954
-0.8740066123570872 0.17453721459758323 0.03441932220126788
-0.8740066123570872 0.5238747138322778 0.03456550169721384
-0.8740066123570872 0.8740066123570885 0.03429030197313211
-0.8740066123570872 1.2254801090462892 0.034772843251819716
-0.8740066123570872 1.578869894931614 0.033425306424130316
-0.8740066123570872 1.9347914722822956 0.03389294443546528
-0.8740066123570872 2.2939171418750837 0.028814170450948917
-0.8740066123570872 2.656995998442896 0.02572793442333404
-0.8740066123570872 3.024879883901285 0.02209781163599996
-0.8740066123570872 3.398558265859627 0.018961336933942648
-0.8740066123570872 3.779206753435224 0.01601591358204497
-0.8740066123570872 4.168257066832501 0.013413353560171015
-0.8740066123570872 4.5675020728443965 0.011127818997878363
-0.8740066123570872 4.9792609785452555 0.009215273633297057
-0.8740066123570872 5.406654247970126 0.007699940041909357
-0.8740066123570872 5.854095056030399 0.006642887738115972
-0.8740066123570872 6.328255351220081 0.006110823818030278
-0.8740066123570872 6.840237305249354 0.006231129763329247
-0.8740066123570872 7.411582531485466 0.007208806689998171
-0.8740066123570872 8.098761139250847 0.009648198286068901
-0.5238747138322762 -8.09876113925085 0.009526025323399927
-0.5238747138322762 -7.411582531485468 0.00713279330349214
-0.5238747138322762 -6.840237305249354 0.00620411286550178
-0.5238747138322762 -6.3282553512200845 0.006135050046263456
-0.5238747138322762 -5.8540950560304035 0.0067229229431198835
-0.5238747138322762 -5.406654247970128 0.007841009599356123
-0.5238747138322762 -4.979260978545257 0.009425077432260813
-0.5238747138322762 -4.567502072844396 0.011414581213527718
-0.5238747138322762 -4.168257066832499 0.013790297542773692
-0.5238747138322762 -3.7792067534352225 0.016493877759735404
-0.5238747138322762 -3.3985582658596285 0.01957063430784897
-0.5238747138322762 -3.0248798839012845 0.0228343746900734
-0.5238747138322762 -2.6569959984428952 0.026761663222972028
-0.5238747138322762 -2.2939171418750837 0.02984569526212228
-0.5238747138322762 -1.9347914722822965 0.03697976250655961
-0.5238747138322762 -1.578869894931614 0.034154852695241836
-0.5238747138322762 -1.225480109046289 0.03443175531165066
-0.5238747138322762 -0.8740066123570872 0.03456550169718559
-0.5238747138322762 -0.5238747138322762 0.03441935355871241
-0.5238747138322762 -0.17453721459758154 0.03448782519842556
-0.5238747138322762 0.17453721459758323 0.03448782519838553
-0.5238747138322762 0.5238747138322778 0.03441935355872814
-0.5238747138322762 0.8740066123570885 0.03456550169721184
-0.5238747138322762 1.2254801090462892 0.034431755311677345
-0.5238747138322762 1.578869894931614 0.034154852695211284
-0.5238747138322762 1.9347914722822956 0.03697976250638708
-0.5238747138322762 2.2939171418750837 0.029845695262136474
-0.5238747138322762 2.656995998442896 0.02676166322297551
-0.5238747138322762 3.024879883901285 0.022834374690078447
-0.5238747138322762 3.398558265859627 0.0195706343078587
-0.5238747138322762 3.779206753435224 0.016493877759746676
-0.5238747138322762 4.168257066832501 0.013790297542784687
-0.5238747138322762 4.5675020728443965 0.011414581213536817
-0.5238747138322762 4.9792609785452555 0.009425077432274475
-0.5238747138322762 5.406654247970126 0.007841009599427589
-0.5238747138322762 5.854095056030399 0.006722922942999398
-0.5238747138322762 6.328255351220081 0.0061350500351637265
-0.5238747138322762 6.840237305249354 0.006204112787296085
-0.5238747138322762 7.411582531485466 0.007132792231194316
-0.5238747138322762 8.098761139250847 0.009526019842923871
-0.17453721459758154 -8.09876113925085 0.009465991955096523
-0.17453721459758154 -7.411582531485468 0.00709594989392418
-0.17453721459758154 -6.840237305249354 0.006191960576775668
-0.17453721459758154 -6.3282553512200845 0.006148763792443578
-0.17453721459758154 -5.8540950560304035 0.00676487892362568
-0.17453721459758154 -5.406654247970128 0.007913915888017129
-0.17453721459758154 -4.979260978545257 0.009532965894360186
-0.17453721459758154 -4.567502072844396 0.01156172545740979
-0.17453721459758154 -4.168257066832499 0.01398374230440068
-0.17453721459758154 -3.7792067534352225 0.016739003816807707
-0.17453721459758154 -3.3985582658596285 0.01988389939386178
-0.17453721459758154 -3.0248798839012845 0.02320674777895366
-0.17453721459758154 -2.6569959984428952 0.027278888813434397
-0.17453721459758154 -2.2939171418750837 0.03021976718800102
-0.17453721459758154 -1.9347914722822965 0.035861814183263126
-0.17453721459758154 -1.578869894931614 0.03398854702135546
-0.17453721459758154 -1.225480109046289 0.034512121732948785
-0.17453721459758154 -0.8740066123570872 0.03441932220131288
-0.17453721459758154 -0.5238747138322762 0.03448782519850748
-0.17453721459758154 -0.17453721459758154 0.0344588495748417
-0.17453721459758154 0.17453721459758323 0.034458849574869804
-0.17453721459758154 0.5238747138322778 0.03448782519849207
-0.17453721459758154 0.8740066123570885 0.03441932220128954
-0.17453721459758154 1.2254801090462892 0.03451212173289353
-0.17453721459758154 1.578869894931614 0.03398854702137003
-0.17453721459758154 1.9347914722822956 0.03586181418340386
-0.17453721459758154 2.2939171418750837 0.03021976718797971
-0.17453721459758154 2.656995998442896 0.02727888881343586
-0.17453721459758154 3.024879883901285 0.02320674777895741
-0.17453721459758154 3.398558265859627 0.019883899393871033
-0.17453721459758154 3.779206753435224 0.016739003816818598
-0.17453721459758154 4.168257066832501 0.013983742304411595
-0.17453721459758154 4.5675020728443965 0.011561725457418898
-0.17453721459758154 4.9792609785452555 0.009532965894373911
-0.17453721459758154 5.406654247970126 0.007913915888088723
-0.17453721459758154 5.854095056030399 0.006764878923505173
-0.17453721459758154 6.328255351220081 0.006148763781335872
-0.17453721459758154 6.840237305249354 0.0061919604985090524
-0.17453721459758154 7.411582531485466 0.007095948820688546
-0.17453721459758154 8.098761139250847 0.009465986468728526
0.17453721459758323 -8.09876113925085 0.009465991955096759
0.17453721459758323 -7.411582531485468 0.00709594989392446
0.17453721459758323 -6.840237305249354 0.006191960576776006
0.17453721459758323 -6.3282553512200845 0.00614876379244397
0.17453721459758323 -5.8540950560304035 0.006764878923626107
0.17453721459758323 -5.406654247970128 0.007913915888017594
0.17453721459758323 -4.979260978545257 0.009532965894360701
0.17453721459758323 -4.567502072844396 0.01156172545741038
0.17453721459758323 -4.168257066832499 0.013983742304401485
0.17453721459758323 -3.7792067534352225 0.016739003816808613
0.17453721459758323 -3.3985582658596285 0.019883899393863754
0.17453721459758323 -3.0248798839012845 0.023206747778952173
0.17453721459758323 -2.6569959984428952 0.02727888881344281
0.17453721459758323 -2.2939171418750837 0.030219767188011535
0.17453721459758323 -1.9347914722822965 0.035861814183337955
0.17453721459758323 -1.578869894931614 0.03398854702137605
0.17453721459758323 -1.225480109046289 0.03451212173301618
0.17453721459758323 -0.8740066123570872 0.03441932220131246
0.17453721459758323 -0.5238747138322762 0.03448782519852328
0.17453721459758323 -0.17453721459758154 0.0344588495748492
0.17453721459758323 0.17453721459758323 0.03445884957486654
0.17453721459758323 0.5238747138322778 0.034487825198443324
0.17453721459758323 0.8740066123570885 0.03441932220130259
0.17453721459758323 1.2254801090462892 0.03451212173280826
0.17453721459758323 1.578869894931614 0.03398854702141444
0.17453721459758323 1.9347914722822956 0.03586181418325621
0.17453721459758323 2.2939171418750837 0.03021976718797631
0.17453721459758323 2.656995998442896 0.027278888813426952
0.17453721459758323 3.024879883901285 0.023206747778955324
0.17453721459758323 3.398558265859627 0.0198838993938705
0.17453721459758323 3.779206753435224 0.016739003816819076
0.17453721459758323 4.168257066832501 0.013983742304412218
0.17453721459758323 4.5675020728443965 0.011561725457419446
0.17453721459758323 4.9792609785452555 0.009532965894374424
0.17453721459758323 5.406654247970126 0.007913915888089195
0.17453721459758323 5.854095056030399 0.006764878923505611
0.17453721459758323 6.328255351220081 0.006148763781336267
0.17453721459758323 6.840237305249354 0.006191960498509415
0.17453721459758323 7.411582531485466 0.00709594882068886
0.17453721459758323 8.098761139250847 0.00946598646872879
0.5238747138322778 -8.09876113925085 0.009526025323400626
0.5238747138322778 -7.411582531485468 0.00713279330349299
0.5238747138322778 -6.840237305249354 0.006204112865502801
0.5238747138322778 -6.3282553512200845 0.006135050046264626
0.5238747138322778 -5.8540950560304035 0.006722922943121168
0.5238747138322778 -5.406654247970128 0.007841009599357516
0.5238747138322778 -4.979260978545257 0.009425077432262343
0.5238747138322778 -4.567502072844396 0.011414581213529458
0.5238747138322778 -4.168257066832499 0.013790297542775774
0.5238747138322778 -3.7792067534352225 0.016493877759738
0.5238747138322778 -3.3985582658596285 0.019570634307852747
0.5238747138322778 -3.0248798839012845 0.022834374690074002
0.5238747138322778 -2.6569959984428952 0.0267616632229756
0.5238747138322778 -2.2939171418750837 0.029845695262100756
0.5238747138322778 -1.9347914722822965 0.036979762506427524
0.5238747138322778 -1.578869894931614 0.03415485269518548
0.5238747138322778 -1.225480109046289 0.03443175531176202
0.5238747138322778 -0.8740066123570872 0.034565501697193406
0.5238747138322778 -0.5238747138322762 0.03441935355868289
0.5238747138322778 -0.17453721459758154 0.034487825198370486
0.5238747138322778 0.17453721459758323 0.03448782519842813
0.5238747138322778 0.5238747138322778 0.03441935355875223
0.5238747138322778 0.8740066123570885 0.03456550169723108
0.5238747138322778 1.2254801090462892 0.03443175531169473
0.5238747138322778 1.578869894931614 0.03415485269517805
0.5238747138322778 1.9347914722822956 0.03697976250650237
0.5238747138322778 2.2939171418750837 0.02984569526210976
0.5238747138322778 2.656995998442896 0.02676166322296922
0.5238747138322778 3.024879883901285 0.022834374690077607
0.5238747138322778 3.398558265859627 0.019570634307860508
0.5238747138322778 3.779206753435224 0.016493877759748494
0.5238747138322778 4.168257066832501 0.013790297542786446
0.5238747138322778 4.5675020728443965 0.011414581213538496
0.5238747138322778 4.9792609785452555 0.009425077432276021
0.5238747138322778 5.406654247970126 0.007841009599429004
0.5238747138322778 5.854095056030399 0.006722922943000703
0.5238747138322778 6.328255351220081 0.006135050035164907
0.5238747138322778 6.840237305249354 0.006204112787297148
0.5238747138322778 7.411582531485466 0.00713279223119525
0.5238747138322778 8.098761139250847 0.009526019842924664
0.8740066123570885 -8.09876113925085 0.009648203754707475
0.8740066123570885 -7.411582531485468 0.007208807760412297
0.8740066123570885 -6.840237305249354 0.006231129841414212
0.8740066123570885 -6.3282553512200845 0.0061108238291159205
0.8740066123570885 -5.8540950560304035 0.0066428877382385225
0.8740066123570885 -5.406654247970128 0.007699940041840416
0.8740066123570885 -4.979260978545257 0.009215273633286093
0.8740066123570885 -4.567502072844396 0.01112781899787225
0.8740066123570885 -4.168257066832499 0.013413353560163302
0.8740066123570885 -3.7792067534352225 0.01601591358203712
0.8740066123570885 -3.3985582658596285 0.0189613369339367
0.8740066123570885 -3.0248798839012845 0.02209781163599451
0.8740066123570885 -2.6569959984428952 0.025727934423323825
0.8740066123570885 -2.2939171418750837 0.028814170450930196
0.8740066123570885 -1.9347914722822965 0.03389294443547637
0.8740066123570885 -1.578869894931614 0.0334253064241087
0.8740066123570885 -1.225480109046289 0.03477284325177669
0.8740066123570885 -0.8740066123570872 0.03429030197306721
0.8740066123570885 -0.5238747138322762 0.034565501697343966
0.8740066123570885 -0.17453721459758154 0.03441932220139506
0.8740066123570885 0.17453721459758323 0.03441932220119092
0.8740066123570885 0.5238747138322778 0.03456550169726025
0.8740066123570885 0.8740066123570885 0.034290301973147606
0.8740066123570885 1.2254801090462892 0.034772843251802764
0.8740066123570885 1.578869894931614 0.033425306424092784
0.8740066123570885 1.9347914722822956 0.033892944435285705
0.8740066123570885 2.2939171418750837 0.028814170450911444
0.8740066123570885 2.656995998442896 0.02572793442332054
0.8740066123570885 3.024879883901285 0.022097811635999928
0.8740066123570885 3.398558265859627 0.018961336933945454
0.8740066123570885 3.779206753435224 0.016015913582047996
0.8740066123570885 4.168257066832501 0.013413353560174056
0.8740066123570885 4.5675020728443965 0.011127818997881192
0.8740066123570885 4.9792609785452555 0.009215273633299659
0.8740066123570885 5.406654247970126 0.007699940041911729
0.8740066123570885 5.854095056030399 0.00664288773811813
0.8740066123570885 6.328255351220081 0.0061108238180322344
0.8740066123570885 6.840237305249354 0.0062311297633309976
0.8740066123570885 7.411582531485466 0.007208806689999694
0.8740066123570885 8.098761139250847 0.009648198286070175
1.2254801090462892 -8.09876113925085 0.009836744357766878
1.2254801090462892 -7.411582531485468 0.007328635942148306
1.2254801090462892 -6.840237305249354 0.006278402279836776
1.2254801090462892 -6.3282553512200845 0.006082423443939494
1.2254801090462892 -5.8540950560304035 0.006532409867333979
1.2254801090462892 -5.406654247970128 0.007500006875147392
1.2254801090462892 -4.979260978545257 0.008915193479283476
1.2254801090462892 -4.567502072844396 0.010716087039041209
1.2254801090462892 -4.168257066832499 0.012872287739052392
1.2254801090462892 -3.7792067534352225 0.015330403434415146
1.2254801090462892 -3.3985582658596285 0.01809589912884522
1.2254801090462892 -3.0248798839012845 0.021055971331988884
1.2254801090462892 -2.6569959984428952 0.024383415651333153
1.2254801090462892 -2.2939171418750837 0.02751560151351587
1.2254801090462892 -1.9347914722822965 0.03221880169281519
1.2254801090462892 -1.578869894931614 0.03350140208625739
1.2254801090462892 -1.225480109046289 0.03505954628335153
1.2254801090462892 -0.8740066123570872 0.034772843251769305
1.2254801090462892 -0.5238747138322762 0.034431755311784294
1.2254801090462892 -0.17453721459758154 0.0345121217329704
1.2254801090462892 0.17453721459758323 0.03451212173297582
1.2254801090462892 0.5238747138322778 0.03443175531171326
1.2254801090462892 0.8740066123570885 0.03477284325179483
1.2254801090462892 1.2254801090462892 0.035059546283262834
1.2254801090462892 1.578869894931614 0.03350140208630569
1.2254801090462892 1.9347914722822956 0.03221880169273679
1.2254801090462892 2.2939171418750837 0.02751560151350063
1.2254801090462892 2.656995998442896 0.024383415651331414
1.2254801090462892 3.024879883901285 0.02105597133199577
1.2254801090462892 3.398558265859627 0.018095899128854367
1.2254801090462892 3.779206753435224 0.015330403434426208
1.2254801090462892 4.168257066832501 0.012872287739063078
1.2254801090462892 4.5675020728443965 0.010716087039050004
1.2254801090462892 4.9792609785452555 0.008915193479296845
1.2254801090462892 5.406654247970126 0.007500006875218409
1.2254801090462892 5.854095056030399 0.006532409867213707
1.2254801090462892 6.328255351220081 0.006082423432880046
1.2254801090462892 6.840237305249354 0.006278402201938787
1.2254801090462892 7.411582531485466 0.0073286348745886885
1.2254801090462892 8.098761139250847 0.009836738907033373
1.578869894931614 -8.09876113925085 0.010097965086867016
1.578869894931614 -7.411582531485468 0.007499218690893833
1.578869894931614 -6.840237305249354 0.0063539418868278135
1.578869894931614 -6.3282553512200845 0.006059209118146963
1.578869894931614 -5.8540950560304035 0.0064026701751344756
1.578869894931614 -5.406654247970128 0.00725470745820212
1.578869894931614 -4.979260978545257 0.008541505773781393
1.578869894931614 -4.567502072844396 0.010200066825424571
1.578869894931614 -4.168257066832499 0.01219351199848074
1.578869894931614 -3.7792067534352225 0.014470023017073574
1.578869894931614 -3.3985582658596285 0.017015812317813777
1.578869894931614 -3.0248798839012845 0.019743220274410785
1.578869894931614 -2.6569959984428952 0.02271023162226801
1.578869894931614 -2.2939171418750837 0.0255934802676303
1.578869894931614 -1.9347914722822965 0.02886669131929454
1.578869894931614 -1.578869894931614 0.030881003936299452
1.578869894931614 -1.225480109046289 0.03350140208632398
1.578869894931614 -0.8740066123570872 0.03342530642420711
1.578869894931614 -0.5238747138322762 0.03415485269514531
1.578869894931614 -0.17453721459758154 0.03398854702135489
1.578869894931614 0.17453721459758323 0.03398854702134566
1.578869894931614 0.5238747138322778 0.03415485269518388
1.578869894931614 0.8740066123570885 0.033425306424103594
1.578869894931614 1.2254801090462892 0.03350140208621402
1.578869894931614 1.578869894931614 0.030881003936276963
1.578869894931614 1.9347914722822956 0.028866691319280373
1.578869894931614 2.2939171418750837 0.025593480267633258
1.578869894931614 2.656995998442896 0.02271023162227213
1.578869894931614 3.024879883901285 0.019743220274419087
1.578869894931614 3.398558265859627 0.017015812317823426
1.578869894931614 3.779206753435224 0.014470023017084197
1.578869894931614 4.168257066832501 0.012193511998491061
1.578869894931614 4.5675020728443965 0.010200066825433072
1.578869894931614 4.9792609785452555 0.008541505773794532
1.578869894931614 5.406654247970126 0.007254707458272778
1.578869894931614 5.854095056030399 0.006402670175014397
1.578869894931614 6.328255351220081 0.006059209107120254
1.578869894931614 6.840237305249354 0.006353941809180097
1.578869894931614 7.411582531485466 0.007499217627189909
1.578869894931614 8.098761139250847 0.010097959660301857
1.9347914722822956 -8.09876113925085 0.010440297135299474
1.9347914722822956 -7.411582531485468 0.0077297897790568814
1.9347914722822956 -6.840237305249354 0.006468321149970854
1.9347914722822956 -6.3282553512200845 0.006053426305061612
1.9347914722822956 -5.8540950560304035 0.006268132125413839
1.9347914722822956 -5.406654247970128 0.006981310552210866
1.9347914722822956 -4.979260978545257 0.008115232691868424
1.9347914722822956 -4.567502072844396 0.009605586982417359
1.9347914722822956 -4.168257066832499 0.011409619603619992
1.9347914722822956 -3.7792067534352225 0.013476429721332124
1.9347914722822956 -3.3985582658596285 0.01577842877892879
1.9347914722822956 -3.0248798839012845 0.018246880141473857
1.9347914722822956 -2.6569959984428952 0.020885271366940666
1.9347914722822956 -2.2939171418750837 0.02353284629949147
1.9347914722822956 -1.9347914722822965 0.02637520392105792
1.9347914722822956 -1.578869894931614 0.028866691319295045
1.9347914722822956 -1.225480109046289 0.03221880169282398
1.9347914722822956 -0.8740066123570872 0.03389294443545874
1.9347914722822956 -0.5238747138322762 0.03697976250646112
1.9347914722822956 -0.17453721459758154 0.035861814183202126
1.9347914722822956 0.17453721459758323 0.0358618141832688
1.9347914722822956 0.5238747138322778 0.036979762506434366
1.9347914722822956 0.8740066123570885 0.033892944435320094
1.9347914722822956 1.2254801090462892 0.03221880169273307
1.9347914722822956 1.578869894931614 0.028866691319282944
1.9347914722822956 1.9347914722822956 0.026375203921057442
1.9347914722822956 2.2939171418750837 0.023532846299498714
1.9347914722822956 2.656995998442896 0.020885271366948226
1.9347914722822956 3.024879883901285 0.01824688014148273
1.9347914722822956 3.398558265859627 0.015778428778938175
1.9347914722822956 3.779206753435224 0.013476429721342355
1.9347914722822956 4.168257066832501 0.011409619603629864
1.9347914722822956 4.5675020728443965 0.009605586982425446
1.9347914722822956 4.9792609785452555 0.008115232691881226
1.9347914722822956 5.406654247970126 0.006981310552281051
1.9347914722822956 5.854095056030399 0.006268132125294028
1.9347914722822956 6.328255351220081 0.006053426294076606
1.9347914722822956 6.840237305249354 0.006468321072641966
1.9347914722822956 7.411582531485466 0.007729788720264928
1.9347914722822956 8.098761139250847 0.010440291739472172
2.2939171418750837 -8.09876113925085 0.010874335658677925
2.2939171418750837 -7.411582531485468 0.008031903949138844
2.2939171418750837 -6.840237305249354 0.0066346364245572186
2.2939171418750837 -6.3282553512200845 0.006080078115364763
2.2939171418750837 -5.8540950560304035 0.0061462697550638415
2.2939171418750837 -5.406654247970128 0.006700376092256967
2.2939171418750837 -4.979260978545257 0.0076609144649631145
2.2939171418750837 -4.567502072844396 0.008962154245509212
2.2939171418750837 -4.168257066832499 0.010556417533256035
2.2939171418750837 -3.7792067534352225 0.012392857425850121
2.2939171418750837 -3.3985582658596285 0.014434025456927976
2.2939171418750837 -3.0248798839012845 0.016619809942848018
2.2939171418750837 -2.6569959984428952 0.018918938457366474
2.2939171418750837 -2.2939171418750837 0.021224335928461565
2.2939171418750837 -1.9347914722822965 0.02353284629949392
2.2939171418750837 -1.578869894931614 0.025593480267636175
2.2939171418750837 -1.225480109046289 0.02751560151352447
2.2939171418750837 -0.8740066123570872 0.028814170450936916
2.2939171418750837 -0.5238747138322762 0.02984569526212042
2.2939171418750837 -0.17453721459758154 0.030219767187993494
2.2939171418750837 0.17453721459758323 0.030219767187983873
2.2939171418750837 0.5238747138322778 0.029845695262108174
2.2939171418750837 0.8740066123570885 0.028814170450928298
2.2939171418750837 1.2254801090462892 0.027515601513504743
2.2939171418750837 1.578869894931614 0.02559348026763433
2.2939171418750837 1.9347914722822956 0.023532846299498675
2.2939171418750837 2.2939171418750837 0.021224335928468084
2.2939171418750837 2.656995998442896 0.01891893845737473
2.2939171418750837 3.024879883901285 0.016619809942856736
2.2939171418750837 3.398558265859627 0.014434025456937196
2.2939171418750837 3.779206753435224 0.012392857425859955
2.2939171418750837 4.168257066832501 0.010556417533265413
2.2939171418750837 4.5675020728443965 0.008962154245516891
2.2939171418750837 4.9792609785452555 0.007660914464975543
2.2939171418750837 5.406654247970126 0.0067003760923266134
2.2939171418750837 5.854095056030399 0.006146269754944352
2.2939171418750837 6.328255351220081 0.006080078104431076
2.2939171418750837 6.840237305249354 0.006634636347620894
2.2939171418750837 7.411582531485466 0.008031902896393026
2.2939171418750837 8.098761139250847 0.010874330300599658
2.656995998442896 -8.09876113925085 0.01141295609604347
2.656995998442896 -7.411582531485468 0.008419525850599843
2.656995998442896 -6.840237305249354 0.006868527666865784
2.656995998442896 -6.3282553512200845 0.006156851840810603
2.656995998442896 -5.8540950560304035 0.006057360300658176
2.656995998442896 -5.406654247970128 0.006435376277883521
2.656995998442896 -4.979260978545257 0.007206029366828826
2.656995998442896 -4.567502072844396 0.008302232740411756
2.656995998442896 -4.168257066832499 0.009672612581775819
2.656995998442896 -3.7792067534352225 0.011266267190023816
2.656995998442896 -3.3985582658596285 0.013040349326653562
2.656995998442896 -3.0248798839012845 0.014940753616261888
2.656995998442896 -2.6569959984428952 0.016924784385863714
2.656995998442896 -2.2939171418750837 0.018918938457367997
2.656995998442896 -1.9347914722822965 0.020885271366944395
2.656995998442896 -1.578869894931614 0.02271023162227474
2.656995998442896 -1.225480109046289 0.024383415651340612
2.656995998442896 -0.8740066123570872 0.025727934423336134
2.656995998442896 -0.5238747138322762 0.026761663222982648
2.656995998442896 -0.17453721459758154 0.027278888813447137
2.656995998442896 0.17453721459758323 0.02727888881344822
2.656995998442896 0.5238747138322778 0.026761663222971372
2.656995998442896 0.8740066123570885 0.02572793442333119
2.656995998442896 1.2254801090462892 0.024383415651342655
2.656995998442896 1.578869894931614 0.022710231622274944
2.656995998442896 1.9347914722822956 0.020885271366949867
2.656995998442896 2.2939171418750837 0.018918938457375224
2.656995998442896 2.656995998442896 0.01692478438587241
2.656995998442896 3.024879883901285 0.014940753616270645
2.656995998442896 3.398558265859627 0.0130403493266625
2.656995998442896 3.779206753435224 0.011266267190033232
2.656995998442896 4.168257066832501 0.009672612581784782
2.656995998442896 4.5675020728443965 0.008302232740419033
2.656995998442896 4.9792609785452555 0.007206029366840851
2.656995998442896 5.406654247970126 0.006435376277952526
2.656995998442896 5.854095056030399 0.006057360300539091
2.656995998442896 6.328255351220081 0.00615685182993884
2.656995998442896 6.840237305249354 0.006868527590403085
2.656995998442896 7.411582531485466 0.008419524805143309
2.656995998442896 8.098761139250847 0.011412950783342202
3.024879883901285 -8.09876113925085 0.012071530349663087
3.024879883901285 -7.411582531485468 0.0089092134896174
3.024879883901285 -6.840237305249354 0.00718829080787776
3.024879883901285 -6.3282553512200845 0.0063041365942680515
3.024879883901285 -5.8540950560304035 0.006024370057815765
3.024879883901285 -5.406654247970128 0.006212394846507576
3.024879883901285 -4.979260978545257 0.006780417382845274
3.024879883901285 -4.567502072844396 0.007660153076717415
3.024879883901285 -4.168257066832499 0.008797645711486692
3.024879883901285 -3.7792067534352225 0.010141909311539452
3.024879883901285 -3.3985582658596285 0.01164727021525055
3.024879883901285 -3.0248798839012845 0.01326273643648076
3.024879883901285 -2.6569959984428952 0.014940753616263036
3.024879883901285 -2.2939171418750837 0.016619809942850648
3.024879883901285 -1.9347914722822965 0.018246880141478797
3.024879883901285 -1.578869894931614 0.019743220274418175
3.024879883901285 -1.225480109046289 0.021055971331998363
3.024879883901285 -0.8740066123570872 0.02209781163600482
3.024879883901285 -0.5238747138322762 0.022834374690085747
3.024879883901285 -0.17453721459758154 0.023206747778962974
3.024879883901285 0.17453721459758323 0.023206747778963366
3.024879883901285 0.5238747138322778 0.022834374690082603
3.024879883901285 0.8740066123570885 0.022097811636003252
3.024879883901285 1.2254801090462892 0.021055971331999344
3.024879883901285 1.578869894931614 0.01974322027442133
3.024879883901285 1.9347914722822956 0.018246880141484248
3.024879883901285 2.2939171418750837 0.016619809942857645
3.024879883901285 2.656995998442896 0.014940753616270938
3.024879883901285 3.024879883901285 0.01326273643648908
3.024879883901285 3.398558265859627 0.011647270215259057
3.024879883901285 3.779206753435224 0.010141909311548408
3.024879883901285 4.168257066832501 0.008797645711495236
3.024879883901285 4.5675020728443965 0.007660153076724282
3.024879883901285 4.9792609785452555 0.006780417382856911
3.024879883901285 5.406654247970126 0.0062123948465758584
3.024879883901285 5.854095056030399 0.006024370057697193
3.024879883901285 6.328255351220081 0.0063041365834701464
3.024879883901285 6.840237305249354 0.007188290731979756
3.024879883901285 7.411582531485466 0.008909212452842225
3.024879883901285 8.098761139250847 0.012071525090808093
3.398558265859627 -8.09876113925085 0.012868288814676686
3.398558265859627 -7.411582531485468 0.009520442040984256
3.398558265859627 -6.840237305249354 0.0076151329009548595
3.398558265859627 -6.3282553512200845 0.006545193002710775
3.398558265859627 -5.8540950560304035 0.006073022457514059
3.398558265859627 -5.406654247970128 0.006060079722921367
3.398558265859627 -4.979260978545257 0.0064161503531001115
3.398558265859627 -4.567502072844396 0.007072013805461942
3.398558265859627 -4.168257066832499 0.0079721651369442
3.398558265859627 -3.7792067534352225 0.009065904029355877
3.398558265859627 -3.3985582658596285 0.010306925264633494
3.398558265859627 -3.0248798839012845 0.011647270215251622
3.398558265859627 -2.6569959984428952 0.013040349326655846
3.398558265859627 -2.2939171418750837 0.01443402545693175
3.398558265859627 -1.9347914722822965 0.015778428778934286
3.398558265859627 -1.578869894931614 0.01701581231782147
3.398558265859627 -1.225480109046289 0.01809589912885466
3.398558265859627 -0.8740066123570872 0.01896133693394714
3.398558265859627 -0.5238747138322762 0.019570634307863582
3.398558265859627 -0.17453721459758154 0.01988389939387448
3.398558265859627 0.17453721459758323 0.01988389939387469
3.398558265859627 0.5238747138322778 0.019570634307863946
3.398558265859627 0.8740066123570885 0.018961336933948577
3.398558265859627 1.2254801090462892 0.018095899128856903
3.398558265859627 1.578869894931614 0.017015812317825382
3.398558265859627 1.9347914722822956 0.015778428778939483
3.398558265859627 2.2939171418750837 0.014434025456937932
3.398558265859627 2.656995998442896 0.013040349326662887
3.398558265859627 3.024879883901285 0.011647270215259187
3.398558265859627 3.398558265859627 0.010306925264641355
3.398558265859627 3.779206753435224 0.009065904029364318
3.398558265859627 4.168257066832501 0.00797216513695228
3.398558265859627 4.5675020728443965 0.007072013805468385
3.398558265859627 4.9792609785452555 0.0064161503531113325
3.398558265859627 5.406654247970126 0.0060600797229888575
3.398558265859627 5.854095056030399 0.006073022457396138
3.398558265859627 6.328255351220081 0.0065451929920005165
3.398558265859627 6.840237305249354 0.0076151328257262505
3.398558265859627 7.411582531485466 0.009520441014483499
3.398558265859627 8.098761139250847 0.012868283619269864
3.779206753435224 -8.09876113925085 0.013824894737616951
3.779206753435224 -7.411582531485468 0.010276132910541684
3.779206753435224 -6.840237305249354 0.008173633549776458
3.779206753435224 -6.3282553512200845 0.0069065326253559935
3.779206753435224 -5.8540950560304035 0.00623208120051478
3.779206753435224 -5.406654247970128 0.0060097999801281745
3.779206753435224 -4.979260978545257 0.00614752299817629
3.779206753435224 -4.567502072844396 0.006575368885130323
3.779206753435224 -4.168257066832499 0.007237071985139536
3.779206753435224 -3.7792067534352225 0.008082518040236776
3.779206753435224 -3.3985582658596285 0.009065904029357258
3.779206753435224 -3.0248798839012845 0.010141909311541858
3.779206753435224 -2.6569959984428952 0.011266267190027384
3.779206753435224 -2.2939171418750837 0.012392857425855084
3.779206753435224 -1.9347914722822965 0.01347642972133867
3.779206753435224 -1.578869894931614 0.014470023017081855
3.779206753435224 -1.225480109046289 0.015330403434425153
3.779206753435224 -0.8740066123570872 0.016015913582048593
3.779206753435224 -0.5238747138322762 0.01649387775974997
3.779206753435224 -0.17453721459758154 0.016739003816821748
3.779206753435224 0.17453721459758323 0.016739003816822397
3.779206753435224 0.5238747138322778 0.016493877759751505
3.779206753435224 0.8740066123570885 0.016015913582050664
3.779206753435224 1.2254801090462892 0.01533040343442824
3.779206753435224 1.578869894931614 0.014470023017085911
3.779206753435224 1.9347914722822956 0.01347642972134359
3.779206753435224 2.2939171418750837 0.012392857425860822
3.779206753435224 2.656995998442896 0.011266267190033794
3.779206753435224 3.024879883901285 0.010141909311548748
3.779206753435224 3.398558265859627 0.009065904029364465
3.779206753435224 3.779206753435224 0.008082518040244626
3.779206753435224 4.168257066832501 0.0072370719851471066
3.779206753435224 4.5675020728443965 0.006575368885136332
3.779206753435224 4.9792609785452555 0.006147522998187071
3.779206753435224 5.406654247970126 0.006009799980194768
3.779206753435224 5.854095056030399 0.006232081200397667
3.779206753435224 6.328255351220081 0.006906532614749613
3.779206753435224 6.840237305249354 0.008173633475340362
3.779206753435224 7.411582531485466 0.010276131896179309
3.779206753435224 8.098761139250847 0.013824889616779792
4.168257066832501 -8.09876113925085 0.01496733673381209
4.168257066832501 -7.411582531485468 0.011203493470233134
4.168257066832501 -6.840237305249354 0.008892520620173346
4.168257066832501 -6.3282553512200845 0.0074186250126013495
4.168257066832501 -5.8540950560304035 0.006533995033364784
4.168257066832501 -5.406654247970128 0.006096243073901246
4.168257066832501 -4.979260978545257 0.006011666838730075
4.168257066832501 -4.567502072844396 0.006210006023281016
4.168257066832501 -4.168257066832499 0.006634863439141018
4.168257066832501 -3.7792067534352225 0.007237071985139954
4.168257066832501 -3.3985582658596285 0.007972165136945972
4.168257066832501 -3.0248798839012845 0.008797645711489464
4.168257066832501 -2.6569959984428952 0.009672612581779684
4.168257066832501 -2.2939171418750837 0.010556417533261144
4.168257066832501 -1.9347914722822965 0.011409619603626455
4.168257066832501 -1.578869894931614 0.012193511998488681
4.168257066832501 -1.225480109046289 0.012872287739061775
4.168257066832501 -0.8740066123570872 0.013413353560174007
4.168257066832501 -0.5238747138322762 0.013790297542787515
4.168257066832501 -0.17453721459758154 0.013983742304414385
4.168257066832501 0.17453721459758323 0.013983742304414916
4.168257066832501 0.5238747138322778 0.013790297542789053
4.168257066832501 0.8740066123570885 0.013413353560176375
4.168257066832501 1.2254801090462892 0.012872287739064889
4.168257066832501 1.578869894931614 0.012193511998492567
4.168257066832501 1.9347914722822956 0.011409619603631042
4.168257066832501 2.2939171418750837 0.010556417533266376
4.168257066832501 2.656995998442896 0.009672612581785483
4.168257066832501 3.024879883901285 0.008797645711495723
4.168257066832501 3.398558265859627 0.007972165136952574
4.168257066832501 3.779206753435224 0.00723707198514725
4.168257066832501 4.168257066832501 0.006634863439148066
4.168257066832501 4.5675020728443965 0.006210006023286566
4.168257066832501 4.9792609785452555 0.006011666838740378
4.168257066832501 5.406654247970126 0.006096243073966801
4.168257066832501 5.854095056030399 0.006533995033248645
4.168257066832501 6.328255351220081 0.007418625002118473
4.168257066832501 6.840237305249354 0.00889252054667798
4.168257066832501 7.411582531485466 0.011203492470241203
4.168257066832501 8.098761139250847 0.014967331700718386
4.5675020728443965 -8.09876113925085 0.01632731846210832
4.5675020728443965 -7.411582531485468 0.012335342468793654
4.5675020728443965 -6.840237305249354 0.009805927816256181
4.5675020728443965 -6.3282553512200845 0.008117083763041613
4.5675020728443965 -5.8540950560304035 0.007016012921830602
4.5675020728443965 -5.406654247970128 0.006358449726609357
4.5675020728443965 -4.979260978545257 0.006049485546270353
4.5675020728443965 -4.567502072844396 0.006018708389290071
4.5675020728443965 -4.168257066832499 0.006210006023280144
4.5675020728443965 -3.7792067534352225 0.006575368885129836
4.5675020728443965 -3.3985582658596285 0.007072013805462747
4.5675020728443965 -3.0248798839012845 0.007660153076719148
4.5675020728443965 -2.6569959984428952 0.008302232740414523
4.5675020728443965 -2.2939171418750837 0.008962154245513129
4.5675020728443965 -1.9347914722822965 0.009605586982422453
4.5675020728443965 -1.578869894931614 0.010200066825430948
4.5675020728443965 -1.225480109046289 0.010716087039048843
4.5675020728443965 -0.8740066123570872 0.011127818997881053
4.5675020728443965 -0.5238747138322762 0.011414581213539415
4.5675020728443965 -0.17453721459758154 0.011561725457421446
4.5675020728443965 0.17453721459758323 0.011561725457421889
4.5675020728443965 0.5238747138322778 0.01141458121354084
4.5675020728443965 0.8740066123570885 0.011127818997883293
4.5675020728443965 1.2254801090462892 0.010716087039051764
4.5675020728443965 1.578869894931614 0.01020006682543454
4.5675020728443965 1.9347914722822956 0.009605586982426646
4.5675020728443965 2.2939171418750837 0.00896215424551789
4.5675020728443965 2.656995998442896 0.008302232740419845
4.5675020728443965 3.024879883901285 0.007660153076724907
4.5675020728443965 3.398558265859627 0.007072013805468839
4.5675020728443965 3.779206753435224 0.006575368885136619
4.5675020728443965 4.168257066832501 0.006210006023286701
4.5675020728443965 4.5675020728443965 0.006018708389295155
4.5675020728443965 4.9792609785452555 0.00604948554628015
4.5675020728443965 5.406654247970126 0.00635844972667373
4.5675020728443965 5.854095056030399 0.007016012921715686
4.5675020728443965 6.328255351220081 0.008117083752706563
4.5675020728443965 6.840237305249354 0.009805927743884632
4.5675020728443965 7.411582531485466 0.012335341485913486
4.5675020728443965 8.098761139250847 0.016327313532747093
4.9792609785452555 -8.09876113925085 0.01794447235988645
4.9792609785452555 -7.411582531485468 0.013712245070672343
4.9792609785452555 -6.840237305249354 0.010955457965993414
4.9792609785452555 -6.3282553512200845 0.009044665704575319
4.9792609785452555 -5.8540950560304035 0.007722140297850425
4.9792609785452555 -5.406654247970128 0.006841762865774025
4.9792609785452555 -4.979260978545257 0.006307671348882539
4.9792609785452555 -4.567502072844396 0.00604948554627563
4.9792609785452555 -4.168257066832499 0.006011666838734551
4.9792609785452555 -3.7792067534352225 0.006147522998181177
4.9792609785452555 -3.3985582658596285 0.006416150353106264
4.9792609785452555 -3.0248798839012845 0.006780417382852317
4.9792609785452555 -2.6569959984428952 0.007206029366836866
4.9792609785452555 -2.2939171418750837 0.007660914464972246
4.9792609785452555 -1.9347914722822965 0.008115232691878636
4.9792609785452555 -1.578869894931614 0.00854150577379275
4.9792609785452555 -1.225480109046289 0.008915193479295922
4.9792609785452555 -0.8740066123570872 0.009215273633299647
4.9792609785452555 -0.5238747138322762 0.009425077432276965
4.9792609785452555 -0.17453721459758154 0.009532965894376322
4.9792609785452555 0.17453721459758323 0.009532965894376718
4.9792609785452555 0.5238747138322778 0.009425077432278186
4.9792609785452555 0.8740066123570885 0.009215273633301607
4.9792609785452555 1.2254801090462892 0.008915193479298563
4.9792609785452555 1.578869894931614 0.008541505773795983
4.9792609785452555 1.9347914722822956 0.008115232691882452
4.9792609785452555 2.2939171418750837 0.007660914464976597
4.9792609785452555 2.656995998442896 0.00720602936684176
4.9792609785452555 3.024879883901285 0.006780417382857651
4.9792609785452555 3.398558265859627 0.006416150353111921
4.9792609785452555 3.779206753435224 0.006147522998187488
4.9792609785452555 4.168257066832501 0.0060116668387406366
4.9792609785452555 4.5675020728443965 0.00604948554628027
4.9792609785452555 4.9792609785452555 0.006307671348891834
4.9792609785452555 5.406654247970126 0.006841762865837041
4.9792609785452555 5.854095056030399 0.007722140297737057
4.9792609785452555 6.328255351220081 0.009044665694419217
4.9792609785452555 6.840237305249354 0.010955457894978794
4.9792609785452555 7.411582531485466 0.013712244108370209
4.9792609785452555 8.098761139250847 0.01794446755420991
5.406654247970126 -8.09876113925085 0.019870029978650915
5.406654247970126 -7.411582531485468 0.015386074512049786
5.406654247970126 -6.840237305249354 0.012393644864576323
5.406654247970126 -6.3282553512200845 0.010254635895444385
5.406654247970126 -5.8540950560304035 0.008706411739931967
5.406654247970126 -5.406654247970128 0.007601003786100747
5.406654247970126 -4.979260978545257 0.006841762865828369
5.406654247970126 -4.567502072844396 0.006358449726669736
5.406654247970126 -4.168257066832499 0.0060962430739615395
5.406654247970126 -3.7792067534352225 0.006009799980189424
5.406654247970126 -3.3985582658596285 0.006060079722984321
5.406654247970126 -3.0248798839012845 0.006212394846571761
5.406654247970126 -2.6569959984428952 0.006435376277948994
5.406654247970126 -2.2939171418750837 0.006700376092323744
5.406654247970126 -1.9347914722822965 0.006981310552278866
5.406654247970126 -1.578869894931614 0.007254707458271339
5.406654247970126 -1.225480109046289 0.007500006875217746
5.406654247970126 -0.8740066123570872 0.007699940041911876
5.406654247970126 -0.5238747138322762 0.007841009599429998
5.406654247970126 -0.17453721459758154 0.007913915888091021
5.406654247970126 0.17453721459758323 0.00791391588809138
5.406654247970126 0.5238747138322778 0.007841009599431055
5.406654247970126 0.8740066123570885 0.0076999400419136
5.406654247970126 1.2254801090462892 0.007500006875220098
5.406654247970126 1.578869894931614 0.007254707458274261
5.406654247970126 1.9347914722822956 0.006981310552282349
5.406654247970126 2.2939171418750837 0.0067003760923277315
5.406654247970126 2.656995998442896 0.0064353762779535
5.406654247970126 3.024879883901285 0.006212394846576696
5.406654247970126 3.398558265859627 0.006060079722989548
5.406654247970126 3.779206753435224 0.006009799980195298
5.406654247970126 4.168257066832501 0.006096243073967173
5.406654247970126 4.5675020728443965 0.006358449726673968
5.406654247970126 4.9792609785452555 0.006841762865837168
5.406654247970126 5.406654247970126 0.007601003786162227
5.406654247970126 5.854095056030399 0.008706411739820638
5.406654247970126 6.328255351220081 0.010254635885508616
5.406654247970126 6.840237305249354 0.012393644795226404
5.406654247970126 7.411582531485466 0.015386073574865374
5.406654247970126 8.098761139250847 0.019870025322400772
5.854095056030399 -8.09876113925085 0.02217329514387899
5.854095056030399 -7.411582531485468 0.017426328181150266
5.854095056030399 -6.840237305249354 0.014190129936359734
5.854095056030399 -6.3282553512200845 0.011816824400256165
5.854095056030399 -5.8540950560304035 0.010038862206141483
5.854095056030399 -5.406654247970128 0.008706411739761107
5.854095056030399 -4.979260978545257 0.0077221402977290035
5.854095056030399 -4.567502072844396 0.0070160129217122
5.854095056030399 -4.168257066832499 0.006533995033243919
5.854095056030399 -3.7792067534352225 0.0062320812003928494
5.854095056030399 -3.3985582658596285 0.006073022457392095
5.854095056030399 -3.0248798839012845 0.006024370057693563
5.854095056030399 -2.6569959984428952 0.0060573603005359905
5.854095056030399 -2.2939171418750837 0.006146269754941874
5.854095056030399 -1.9347914722822965 0.006268132125292191
5.854095056030399 -1.578869894931614 0.006402670175013247
5.854095056030399 -1.225480109046289 0.006532409867213258
5.854095056030399 -0.8740066123570872 0.006642887738118389
5.854095056030399 -0.5238747138322762 0.006722922943001717
5.854095056030399 -0.17453721459758154 0.006764878923507382
5.854095056030399 0.17453721459758323 0.006764878923507693
5.854095056030399 0.5238747138322778 0.006722922943002656
5.854095056030399 0.8740066123570885 0.0066428877381199455
5.854095056030399 1.2254801090462892 0.006532409867215379
5.854095056030399 1.578869894931614 0.006402670175015911
5.854095056030399 1.9347914722822956 0.006268132125295369
5.854095056030399 2.2939171418750837 0.006146269754945543
5.854095056030399 2.656995998442896 0.006057360300540137
5.854095056030399 3.024879883901285 0.006024370057698113
5.854095056030399 3.398558265859627 0.0060730224573969215
5.854095056030399 3.779206753435224 0.006232081200398278
5.854095056030399 4.168257066832501 0.006533995033249112
5.854095056030399 4.5675020728443965 0.007016012921716023
5.854095056030399 4.9792609785452555 0.007722140297737293
5.854095056030399 5.406654247970126 0.008706411739820766
5.854095056030399 5.854095056030399 0.010038862206032877
5.854095056030399 6.328255351220081 0.011816824390598269
5.854095056030399 6.840237305249354 0.014190129869099908
5.854095056030399 7.411582531485466 0.017426327275301533
5.854095056030399 8.098761139250847 0.02217329067170183
6.328255351220081 -8.09876113925085 0.024954079324641755
6.328255351220081 -7.411582531485468 0.019932277826252388
6.328255351220081 -6.840237305249354 0.016443529835331826
6.328255351220081 -6.3282553512200845 0.013829210882636899
6.328255351220081 -5.8540950560304035 0.011816824390703298
6.328255351220081 -5.406654247970128 0.010254635885451478
6.328255351220081 -4.979260978545257 0.009044665694411815
6.328255351220081 -4.567502072844396 0.008117083752703569
6.328255351220081 -4.168257066832499 0.007418625002114261
6.328255351220081 -3.7792067534352225 0.0069065326147453015
6.328255351220081 -3.3985582658596285 0.006545192991996945
6.328255351220081 -3.0248798839012845 0.006304136583466972
6.328255351220081 -2.6569959984428952 0.006156851829936156
6.328255351220081 -2.2939171418750837 0.006080078104428978
6.328255351220081 -1.9347914722822965 0.006053426294075091
6.328255351220081 -1.578869894931614 0.006059209107119349
6.328255351220081 -1.225480109046289 0.006082423432879749
6.328255351220081 -0.8740066123570872 0.006110823818032566
6.328255351220081 -0.5238747138322762 0.0061350500351659044
6.328255351220081 -0.17453721459758154 0.006148763781337949
6.328255351220081 0.17453721459758323 0.006148763781338241
6.328255351220081 0.5238747138322778 0.006135050035166774
6.328255351220081 0.8740066123570885 0.006110823818033986
6.328255351220081 1.2254801090462892 0.006082423432881672
6.328255351220081 1.578869894931614 0.006059209107121759
6.328255351220081 1.9347914722822956 0.006053426294077983
6.328255351220081 2.2939171418750837 0.0060800781044323
6.328255351220081 2.656995998442896 0.006156851829939931
6.328255351220081 3.024879883901285 0.006304136583471115
6.328255351220081 3.398558265859627 0.006545192992001345
6.328255351220081 3.779206753435224 0.006906532614750292
6.328255351220081 4.168257066832501 0.007418625002119003
6.328255351220081 4.5675020728443965 0.008117083752706967
6.328255351220081 4.9792609785452555 0.009044665694419555
6.328255351220081 5.406654247970126 0.010254635885508815
6.328255351220081 5.854095056030399 0.01181682439059829
6.328255351220081 6.328255351220081 0.013829210873341888
6.328255351220081 6.840237305249354 0.016443529770787686
6.328255351220081 7.411582531485466 0.019932276960784506
6.328255351220081 8.098761139250847 0.02495407508590382
6.840237305249354 -8.09876113925085 0.028369854143809842
6.840237305249354 -7.411582531485468 0.023059583059190064
6.840237305249354 -6.840237305249354 0.019307522692530405
6.840237305249354 -6.3282553512200845 0.016443529779581568
6.840237305249354 -5.8540950560304035 0.014190129869199848
6.840237305249354 -5.406654247970128 0.012393644795172324
6.840237305249354 -4.979260978545257 0.010955457894972043
6.840237305249354 -4.567502072844396 0.00980592774388209
6.840237305249354 -4.168257066832499 0.0088925205466743
6.840237305249354 -3.7792067534352225 0.008173633475336617
6.840237305249354 -3.3985582658596285 0.007615132825723206
6.840237305249354 -3.0248798839012845 0.0071882907319770675
6.840237305249354 -2.6569959984428952 0.006868527590400861
6.840237305249354 -2.2939171418750837 0.0066346363476191845
6.840237305249354 -1.9347914722822965 0.006468321072640763
6.840237305249354 -1.578869894931614 0.0063539418091794145
6.840237305249354 -1.225480109046289 0.006278402201938631
6.840237305249354 -0.8740066123570872 0.006231129763331392
6.840237305249354 -0.5238747138322762 0.006204112787298119
6.840237305249354 -0.17453721459758154 0.006191960498510993
6.840237305249354 0.17453721459758323 0.006191960498511254
6.840237305249354 0.5238747138322778 0.006204112787298897
6.840237305249354 0.8740066123570885 0.00623112976333264
6.840237305249354 1.2254801090462892 0.006278402201940335
6.840237305249354 1.578869894931614 0.00635394180918155
6.840237305249354 1.9347914722822956 0.0064683210726433306
6.840237305249354 2.2939171418750837 0.006634636347622147
6.840237305249354 2.656995998442896 0.0068685275904042066
6.840237305249354 3.024879883901285 0.007188290731980744
6.840237305249354 3.398558265859627 0.007615132825727109
6.840237305249354 3.779206753435224 0.008173633475341072
6.840237305249354 4.168257066832501 0.008892520546678512
6.840237305249354 4.5675020728443965 0.009805927743885032
6.840237305249354 4.9792609785452555 0.010955457894979063
6.840237305249354 5.406654247970126 0.012393644795226458
6.840237305249354 5.854095056030399 0.014190129869099807
6.840237305249354 6.328255351220081 0.01644352977078774
6.840237305249354 6.840237305249354 0.01930752263170924
6.840237305249354 7.411582531485466 0.023059582248462388
6.840237305249354 8.098761139250847 0.02836985021491704
7.411582531485466 -8.09876113925085 0.03270767996416538
7.411582531485466 -7.411582531485468 0.027090688156770654
7.411582531485466 -6.840237305249354 0.023059582303685055
7.411582531485466 -6.3282553512200845 0.019932276968816852
7.411582531485466 -5.8540950560304035 0.01742632727539364
7.411582531485466 -5.406654247970128 0.015386073574815742
7.411582531485466 -4.979260978545257 0.013712244108364136
7.411582531485466 -4.567502072844396 0.012335341485911363
7.411582531485466 -4.168257066832499 0.01120349247023804
7.411582531485466 -3.7792067534352225 0.010276131896176193
7.411582531485466 -3.3985582658596285 0.00952044101448105
7.411582531485466 -3.0248798839012845 0.00890921245284013
7.411582531485466 -2.6569959984428952 0.008419524805141609
7.411582531485466 -2.2939171418750837 0.008031902896391751
7.411582531485466 -1.9347914722822965 0.007729788720264064
7.411582531485466 -1.578869894931614 0.007499217627189451
7.411582531485466 -1.225480109046289 0.0073286348745886815
7.411582531485466 -0.8740066123570872 0.00720880669000015
7.411582531485466 -0.5238747138322762 0.007132792231196201
7.411582531485466 -0.17453721459758154 0.007095948820690332
7.411582531485466 0.17453721459758323 0.007095948820690548
7.411582531485466 0.5238747138322778 0.007132792231196836
7.411582531485466 0.8740066123570885 0.007208806690001168
7.411582531485466 1.2254801090462892 0.007328634874590072
7.411582531485466 1.578869894931614 0.007499217627191227
7.411582531485466 1.9347914722822956 0.0077297887202662455
7.411582531485466 2.2939171418750837 0.008031902896394294
7.411582531485466 2.656995998442896 0.008419524805144471
7.411582531485466 3.024879883901285 0.00890921245284324
7.411582531485466 3.398558265859627 0.009520441014484375
7.411582531485466 3.779206753435224 0.010276131896180023
7.411582531485466 4.168257066832501 0.011203492470241693
7.411582531485466 4.5675020728443965 0.012335341485913767
7.411582531485466 4.9792609785452555 0.013712244108370191
7.411582531485466 5.406654247970126 0.015386073574865006
7.411582531485466 5.854095056030399 0.017426327275301218
7.411582531485466 6.328255351220081 0.01993227696078546
7.411582531485466 6.840237305249354 0.02305958224846477
7.411582531485466 7.411582531485466 0.027090687427036294
7.411582531485466 8.098761139250847 0.032707676480337525
8.098761139250847 -8.09876113925085 0.038660974744060744
8.098761139250847 -7.411582531485468 0.03270767706555567
8.098761139250847 -6.840237305249354 0.02836985025987616
8.098761139250847 -6.3282553512200845 0.024954075092511793
8.098761139250847 -5.8540950560304035 0.022173290671777098
8.098761139250847 -5.406654247970128 0.019870025322358473
8.098761139250847 -4.979260978545257 0.017944467554204428
8.098761139250847 -4.567502072844396 0.016327313532745174
8.098761139250847 -4.168257066832499 0.014967331700715835
8.098761139250847 -3.7792067534352225 0.01382488961677728
8.098761139250847 -3.3985582658596285 0.012868283619267987
8.098761139250847 -3.0248798839012845 0.012071525090806617
8.098761139250847 -2.6569959984428952 0.011412950783341104
8.098761139250847 -2.2939171418750837 0.010874330300598882
8.098761139250847 -1.9347914722822965 0.010440291739471676
8.098761139250847 -1.578869894931614 0.01009795966030165
8.098761139250847 -1.225480109046289 0.00983673890703347
8.098761139250847 -0.8740066123570872 0.00964819828607061
8.098761139250847 -0.5238747138322762 0.009526019842925466
8.098761139250847 -0.17453721459758154 0.009465986468730007
8.098761139250847 0.17453721459758323 0.009465986468730174
8.098761139250847 0.5238747138322778 0.009526019842925943
8.098761139250847 0.8740066123570885 0.009648198286071332
8.098761139250847 1.2254801090462892 0.009836738907034447
8.098761139250847 1.578869894931614 0.010097959660302951
8.098761139250847 1.9347914722822956 0.010440291739473338
8.098761139250847 2.2939171418750837 0.01087433030060086
8.098761139250847 2.656995998442896 0.011412950783343345
8.098761139250847 3.024879883901285 0.012071525090809044
8.098761139250847 3.398558265859627 0.012868283619270593
8.098761139250847 3.779206753435224 0.013824889616780371
8.098761139250847 4.168257066832501 0.014967331700718758
8.098761139250847 4.5675020728443965 0.01632731353274715
8.098761139250847 4.9792609785452555 0.017944467554209108
8.098761139250847 5.406654247970126 0.019870025322398944
8.098761139250847 5.854095056030399 0.022173290671698882
8.098761139250847 6.328255351220081 0.024954075085902305
8.098761139250847 6.840237305249354 0.02836985021492176
8.098761139250847 7.411582531485466 0.03270767648032276
8.098761139250847 8.098761139250847 0.038660972017111876
