-8.09876113925085 -8.09876113925085 0.019384762838435737
-8.09876113925085 -7.411582531485468 0.0164456303700458
-8.09876113925085 -6.840237305249354 0.014303044842723411
-8.09876113925085 -6.3282553512200845 0.01261543535387344
-8.09876113925085 -5.8540950560304035 0.011241425998960865
-8.09876113925085 -5.406654247970128 0.010103405670446224
-8.09876113925085 -4.979260978545257 0.009152137203016551
-8.09876113925085 -4.567502072844396 0.008353400747801708
-8.09876113925085 -4.168257066832499 0.0076818764992719534
-8.09876113925085 -3.7792067534352225 0.007117959851041576
-8.09876113925085 -3.3985582658596285 0.006645955415578734
-8.09876113925085 -3.0248798839012845 0.006252987775864361
-8.09876113925085 -2.6569959984428952 0.0059283178637976955
-8.09876113925085 -2.2939171418750837 0.005662904082594404
-8.09876113925085 -1.9347914722822965 0.005449120041805391
-8.09876113925085 -1.578869894931614 0.005280576736144371
-8.09876113925085 -1.225480109046289 0.005152016379843467
-8.09876113925085 -0.8740066123570872 0.005059255212282795
-8.09876113925085 -0.5238747138322762 0.0049991584191352014
-8.09876113925085 -0.17453721459758154 0.004969633805836868
-8.09876113925085 0.17453721459758323 0.0049696338058369885
-8.09876113925085 0.5238747138322778 0.004999158419135538
-8.09876113925085 0.8740066123570885 0.0050592552122833475
-8.09876113925085 1.2254801090462892 0.005152016379844233
-8.09876113925085 1.578869894931614 0.005280576736145353
-8.09876113925085 1.9347914722822956 0.005449120041806588
-8.09876113925085 2.2939171418750837 0.005662904082595819
-8.09876113925085 2.656995998442896 0.005928317863799291
-8.09876113925085 3.024879883901285 0.006252987775866105
-8.09876113925085 3.398558265859627 0.006645955415580573
-8.09876113925085 3.779206753435224 0.007117959851043549
-8.09876113925085 4.168257066832501 0.007681876499273924
-8.09876113925085 4.5675020728443965 0.008353400747803491
-8.09876113925085 4.9792609785452555 0.009152137203019562
-8.09876113925085 5.406654247970126 0.010103405670459906
-8.09876113925085 5.854095056030399 0.011241425998942138
-8.09876113925085 6.328255351220081 0.012615435351982271
-8.09876113925085 6.840237305249354 0.014303044829492673
-8.09876113925085 7.411582531485466 0.016445630190212723
-8.09876113925085 8.098761139250847 0.01938476192417829
-7.411582531485468 -8.09876113925085 0.016445630370046684
-7.411582531485468 -7.411582531485468 0.013691594974154411
-7.411582531485468 -6.840237305249354 0.01171242867862879
-7.411582531485468 -6.3282553512200845 0.010176036246905076
-7.411582531485468 -5.8540950560304035 0.008944675297401731
-7.411582531485468 -5.406654247970128 0.007942260708825087
-7.411582531485468 -4.979260978545257 0.007120165529807252
-7.411582531485468 -4.567502072844396 0.006444279826787411
-7.411582531485468 -4.168257066832499 0.005889097486696614
-7.411582531485468 -3.7792067534352225 0.005434639480115973
-7.411582531485468 -3.3985582658596285 0.005064717908950247
-7.411582531485468 -3.0248798839012845 0.0047658950459131336
-7.411582531485468 -2.6569959984428952 0.004526837282764522
-7.411582531485468 -2.2939171418750837 0.004337906130004164
-7.411582531485468 -1.9347914722822965 0.004190900963491627
-7.411582531485468 -1.578869894931614 0.004078901979242184
-7.411582531485468 -1.225480109046289 0.003996181609282662
-7.411582531485468 -0.8740066123570872 0.003938161908204387
-7.411582531485468 -0.5238747138322762 0.0039014014557708725
-7.411582531485468 -0.17453721459758154 0.0038835982785670555
-7.411582531485468 0.17453721459758323 0.003883598278567194
-7.411582531485468 0.5238747138322778 0.003901401455771286
-7.411582531485468 0.8740066123570885 0.003938161908205063
-7.411582531485468 1.2254801090462892 0.003996181609283584
-7.411582531485468 1.578869894931614 0.004078901979243357
-7.411582531485468 1.9347914722822956 0.004190900963493039
-7.411582531485468 2.2939171418750837 0.004337906130005815
-7.411582531485468 2.656995998442896 0.004526837282766398
-7.411582531485468 3.024879883901285 0.004765895045915209
-7.411582531485468 3.398558265859627 0.005064717908952481
-7.411582531485468 3.779206753435224 0.005434639480118415
-7.411582531485468 4.168257066832501 0.005889097486699085
-7.411582531485468 4.5675020728443965 0.00644427982678966
-7.411582531485468 4.9792609785452555 0.007120165529810589
-7.411582531485468 5.406654247970126 0.007942260708839882
-7.411582531485468 5.854095056030399 0.008944675297379264
-7.411582531485468 6.328255351220081 0.010176036244756005
-7.411582531485468 6.840237305249354 0.011712428663513592
-7.411582531485468 7.411582531485466 0.013691594766916339
-7.411582531485468 8.098761139250847 0.016445629299472297
-6.840237305249354 -8.09876113925085 0.0143030448427262
-6.840237305249354 -7.411582531485468 0.011712428678628444
-6.840237305249354 -6.840237305249354 0.009878453437297272
-6.840237305249354 -6.3282553512200845 0.008477529592102155
-6.840237305249354 -5.8540950560304035 0.007375236319515872
-6.840237305249354 -5.406654247970128 0.006496857229711218
-6.840237305249354 -4.979260978545257 0.0057942952183803196
-6.840237305249354 -4.567502072844396 0.0052334887247023195
-6.840237305249354 -4.168257066832499 0.004788678470411429
-6.840237305249354 -3.7792067534352225 0.0044394186096641634
-6.840237305249354 -3.3985582658596285 0.004168900193062087
-6.840237305249354 -3.0248798839012845 0.003962951400784105
-6.840237305249354 -2.6569959984428952 0.003809428619578963
-6.840237305249354 -2.2939171418750837 0.0036978414844855046
-6.840237305249354 -1.9347914722822965 0.003619130830237098
-6.840237305249354 -1.578869894931614 0.0035655469462198587
-6.840237305249354 -1.225480109046289 0.003530597232194544
-6.840237305249354 -0.8740066123570872 0.0035090386590721605
-6.840237305249354 -0.5238747138322762 0.0034968974445974015
-6.840237305249354 -0.17453721459758154 0.0034914995758936838
-6.840237305249354 0.17453721459758323 0.003491499575893845
-6.840237305249354 0.5238747138322778 0.0034968974445978704
-6.840237305249354 0.8740066123570885 0.0035090386590729233
-6.840237305249354 1.2254801090462892 0.003530597232195593
-6.840237305249354 1.578869894931614 0.0035655469462211845
-6.840237305249354 1.9347914722822956 0.003619130830238689
-6.840237305249354 2.2939171418750837 0.003697841484487351
-6.840237305249354 2.656995998442896 0.003809428619581055
-6.840237305249354 3.024879883901285 0.003962951400786404
-6.840237305249354 3.398558265859627 0.004168900193064568
-6.840237305249354 3.779206753435224 0.004439418609666879
-6.840237305249354 4.168257066832501 0.004788678470414189
-6.840237305249354 4.5675020728443965 0.005233488724704847
-6.840237305249354 4.9792609785452555 0.005794295218383969
-6.840237305249354 5.406654247970126 0.00649685722972697
-6.840237305249354 5.854095056030399 0.007375236319492171
-6.840237305249354 6.328255351220081 0.008477529589818024
-6.840237305249354 6.840237305249354 0.00987845342118249
-6.840237305249354 7.411582531485466 0.011712428456680694
-6.840237305249354 8.098761139250847 0.014303043686275933
-6.3282553512200845 -8.09876113925085 0.012615435353874892
-6.3282553512200845 -7.411582531485468 0.01017603624690498
-6.3282553512200845 -6.840237305249354 0.008477529592102094
-6.3282553512200845 -6.3282553512200845 0.007203958971307167
-6.3282553512200845 -5.8540950560304035 0.006223991075747204
-6.3282553512200845 -5.406654247970128 0.005464146509195592
-6.3282553512200845 -4.979260978545257 0.004876786568481223
-6.3282553512200845 -4.567502072844396 0.004427837708397921
-6.3282553512200845 -4.168257066832499 0.0040912273325497935
-6.3282553512200845 -3.7792067534352225 0.00384596762961634
-6.3282553512200845 -3.3985582658596285 0.003674534101015272
-6.3282553512200845 -3.0248798839012845 0.0035619014804307296
-6.3282553512200845 -2.6569959984428952 0.003494972789432415
-6.3282553512200845 -2.2939171418750837 0.0034622400789644783
-6.3282553512200845 -1.9347914722822965 0.003453604373422922
-6.3282553512200845 -1.578869894931614 0.0034602973323576143
-6.3282553512200845 -1.225480109046289 0.003474876799932686
-6.3282553512200845 -0.8740066123570872 0.0034912661889290875
-6.3282553512200845 -0.5238747138322762 0.0035048196660519356
-6.3282553512200845 -0.17453721459758154 0.0035123909703997326
-6.3282553512200845 0.17453721459758323 0.0035123909703999104
-6.3282553512200845 0.5238747138322778 0.003504819666052457
-6.3282553512200845 0.8740066123570885 0.003491266188929934
-6.3282553512200845 1.2254801090462892 0.003474876799933848
-6.3282553512200845 1.578869894931614 0.003460297332359079
-6.3282553512200845 1.9347914722822956 0.0034536043734246812
-6.3282553512200845 2.2939171418750837 0.003462240078966516
-6.3282553512200845 2.656995998442896 0.003494972789434706
-6.3282553512200845 3.024879883901285 0.0035619014804332398
-6.3282553512200845 3.398558265859627 0.003674534101017971
-6.3282553512200845 3.779206753435224 0.0038459676296192877
-6.3282553512200845 4.168257066832501 0.004091227332552796
-6.3282553512200845 4.5675020728443965 0.004427837708400696
-6.3282553512200845 4.9792609785452555 0.004876786568485175
-6.3282553512200845 5.406654247970126 0.005464146509212064
-6.3282553512200845 5.854095056030399 0.006223991075722815
-6.3282553512200845 6.328255351220081 0.007203958968934487
-6.3282553512200845 6.840237305249354 0.008477529575326853
-6.3282553512200845 7.411582531485466 0.010176036015160338
-6.3282553512200845 8.098761139250847 0.012615434139403543
-5.8540950560304035 -8.09876113925085 0.011241425998961763
-5.8540950560304035 -7.411582531485468 0.008944675297401847
-5.8540950560304035 -6.840237305249354 0.007375236319515921
-5.8540950560304035 -6.3282553512200845 0.00622399107574725
-5.8540950560304035 -5.8540950560304035 0.005362536885933467
-5.8540950560304035 -5.406654247970128 0.004718545433656935
-5.8540950560304035 -4.979260978545257 0.0042448058697807335
-5.8540950560304035 -4.567502072844396 0.003907203178205205
-5.8540950560304035 -4.168257066832499 0.003679318593465091
-5.8540950560304035 -3.7792067534352225 0.003539565743026804
-5.8540950560304035 -3.3985582658596285 0.003469620347475744
-5.8540950560304035 -3.0248798839012845 0.003453480236240866
-5.8540950560304035 -2.6569959984428952 0.003476931526116593
-5.8540950560304035 -2.2939171418750837 0.003527241470252468
-5.8540950560304035 -1.9347914722822965 0.003593027355394441
-5.8540950560304035 -1.578869894931614 0.003664229479822188
-5.8540950560304035 -1.225480109046289 0.0037321730911397907
-5.8540950560304035 -0.8740066123570872 0.0037896749371378654
-5.8540950560304035 -0.5238747138322762 0.0038311808270121927
-5.8540950560304035 -0.17453721459758154 0.0038528968122736613
-5.8540950560304035 0.17453721459758323 0.0038528968122738564
-5.8540950560304035 0.5238747138322778 0.0038311808270127677
-5.8540950560304035 0.8740066123570885 0.003789674937138799
-5.8540950560304035 1.2254801090462892 0.003732173091141067
-5.8540950560304035 1.578869894931614 0.0036642294798237916
-5.8540950560304035 1.9347914722822956 0.0035930273553963638
-5.8540950560304035 2.2939171418750837 0.003527241470254689
-5.8540950560304035 2.656995998442896 0.0034769315261190857
-5.8540950560304035 3.024879883901285 0.003453480236243591
-5.8540950560304035 3.398558265859627 0.0034696203474786575
-5.8540950560304035 3.779206753435224 0.003539565743029976
-5.8540950560304035 4.168257066832501 0.0036793185934683227
-5.8540950560304035 4.5675020728443965 0.003907203178208208
-5.8540950560304035 4.9792609785452555 0.004244805869784942
-5.8540950560304035 5.406654247970126 0.004718545433673988
-5.8540950560304035 5.854095056030399 0.00536253688590859
-5.8540950560304035 6.328255351220081 0.006223991073310107
-5.8540950560304035 6.840237305249354 0.007375236302258557
-5.8540950560304035 7.411582531485466 0.008944675058466132
-5.8540950560304035 8.098761139250847 0.011241424741477537
-5.406654247970128 -8.09876113925085 0.010103405670446904
-5.406654247970128 -7.411582531485468 0.007942260708825276
-5.406654247970128 -6.840237305249354 0.006496857229711321
-5.406654247970128 -6.3282553512200845 0.005464146509195683
-5.406654247970128 -5.8540950560304035 0.004718545433657002
-5.406654247970128 -5.406654247970128 0.004188814038144788
-5.406654247970128 -4.979260978545257 0.0038281646999499238
-5.406654247970128 -4.567502072844396 0.0036024276046923826
-5.406654247970128 -4.168257066832499 0.0034848205937752304
-5.406654247970128 -3.7792067534352225 0.0034531085171955614
-5.406654247970128 -3.3985582658596285 0.0034880852016818467
-5.406654247970128 -3.0248798839012845 0.0035726390215105835
-5.406654247970128 -2.6569959984428952 0.0036912606080838394
-5.406654247970128 -2.2939171418750837 0.0038297600524654866
-5.406654247970128 -1.9347914722822965 0.0039751996543632324
-5.406654247970128 -1.578869894931614 0.004115924886475146
-5.406654247970128 -1.225480109046289 0.004241720231842565
-5.406654247970128 -0.8740066123570872 0.004344001575671595
-5.406654247970128 -0.5238747138322762 0.004416058125103544
-5.406654247970128 -0.17453721459758154 0.004453265634700699
-5.406654247970128 0.17453721459758323 0.004453265634700907
-5.406654247970128 0.5238747138322778 0.004416058125104167
-5.406654247970128 0.8740066123570885 0.004344001575672619
-5.406654247970128 1.2254801090462892 0.00424172023184396
-5.406654247970128 1.578869894931614 0.004115924886476898
-5.406654247970128 1.9347914722822956 0.003975199654365323
-5.406654247970128 2.2939171418750837 0.003829760052467897
-5.406654247970128 2.656995998442896 0.0036912606080865317
-5.406654247970128 3.024879883901285 0.0035726390215135135
-5.406654247970128 3.398558265859627 0.0034880852016849775
-5.406654247970128 3.779206753435224 0.00345310851719896
-5.406654247970128 4.168257066832501 0.0034848205937786933
-5.406654247970128 4.5675020728443965 0.0036024276046956122
-5.406654247970128 4.9792609785452555 0.0038281646999543777
-5.406654247970128 5.406654247970126 0.004188814038162319
-5.406654247970128 5.854095056030399 0.004718545433631811
-5.406654247970128 6.328255351220081 0.005464146506708882
-5.406654247970128 6.840237305249354 0.006496857212081486
-5.406654247970128 7.411582531485466 0.007942260464311953
-5.406654247970128 8.098761139250847 0.010103404379355125
-4.979260978545257 -8.09876113925085 0.009152137203017037
-4.979260978545257 -7.411582531485468 0.007120165529807429
-4.979260978545257 -6.840237305249354 0.005794295218380465
-4.979260978545257 -6.3282553512200845 0.004876786568481352
-4.979260978545257 -5.8540950560304035 0.004244805869780838
-4.979260978545257 -5.406654247970128 0.0038281646999499806
-4.979260978545257 -4.979260978545257 0.0035805344352990037
-4.979260978545257 -4.567502072844396 0.0034677126549341004
-4.979260978545257 -4.168257066832499 0.0034625825616131653
-4.979260978545257 -3.7792067534352225 0.0035422503445315338
-4.979260978545257 -3.3985582658596285 0.003686589717185042
-4.979260978545257 -3.0248798839012845 0.0038772750084042503
-4.979260978545257 -2.6569959984428952 0.004097339975561826
-4.979260978545257 -2.2939171418750837 0.0043308867481125
-4.979260978545257 -1.9347914722822965 0.004563102553595584
-4.979260978545257 -1.578869894931614 0.0047803317572346245
-4.979260978545257 -1.225480109046289 0.004970370639517151
-4.979260978545257 -0.8740066123570872 0.005122759971072988
-4.979260978545257 -0.5238747138322762 0.005229205244203236
-4.979260978545257 -0.17453721459758154 0.005283914102075884
-4.979260978545257 0.17453721459758323 0.005283914102076119
-4.979260978545257 0.5238747138322778 0.005229205244203921
-4.979260978545257 0.8740066123570885 0.005122759971074106
-4.979260978545257 1.2254801090462892 0.004970370639518672
-4.979260978545257 1.578869894931614 0.004780331757236518
-4.979260978545257 1.9347914722822956 0.004563102553597843
-4.979260978545257 2.2939171418750837 0.004330886748115099
-4.979260978545257 2.656995998442896 0.004097339975564723
-4.979260978545257 3.024879883901285 0.003877275008407392
-4.979260978545257 3.398558265859627 0.0036865897171883912
-4.979260978545257 3.779206753435224 0.0035422503445351576
-4.979260978545257 4.168257066832501 0.0034625825616168603
-4.979260978545257 4.5675020728443965 0.003467712654937563
-4.979260978545257 4.9792609785452555 0.003580534435303711
-4.979260978545257 5.406654247970126 0.00382816469996796
-4.979260978545257 5.854095056030399 0.004244805869755457
-4.979260978545257 6.328255351220081 0.0048767865659548855
-4.979260978545257 6.840237305249354 0.005794295200452315
-4.979260978545257 7.411582531485466 0.007120165280814353
-4.979260978545257 8.098761139250847 0.00915213588477984
-4.567502072844396 -8.09876113925085 0.008353400747801868
-4.567502072844396 -7.411582531485468 0.006444279826787628
-4.567502072844396 -6.840237305249354 0.0052334887247025225
-4.567502072844396 -6.3282553512200845 0.00442783770839809
-4.567502072844396 -5.8540950560304035 0.00390720317820535
-4.567502072844396 -5.406654247970128 0.003602427604692488
-4.567502072844396 -4.979260978545257 0.003467712654934155
-4.567502072844396 -4.567502072844396 0.0034688708521020367
-4.567502072844396 -4.168257066832499 0.0035785182500506466
-4.567502072844396 -3.7792067534352225 0.0037731154089389323
-4.567502072844396 -3.3985582658596285 0.00403160586941694
-4.567502072844396 -3.0248798839012845 0.004334342531979419
-4.567502072844396 -2.6569959984428952 0.004662734975906405
-4.567502072844396 -2.2939171418750837 0.0049988753418489535
-4.567502072844396 -1.9347914722822965 0.005325708698030784
-4.567502072844396 -1.578869894931614 0.005627087795473203
-4.567502072844396 -1.225480109046289 0.005888327789366075
-4.567502072844396 -0.8740066123570872 0.0060965669353426595
-4.567502072844396 -0.5238747138322762 0.006241506450744944
-4.567502072844396 -0.17453721459758154 0.006315850174343293
-4.567502072844396 0.17453721459758323 0.006315850174343528
-4.567502072844396 0.5238747138322778 0.006241506450745676
-4.567502072844396 0.8740066123570885 0.006096566935343867
-4.567502072844396 1.2254801090462892 0.005888327789367738
-4.567502072844396 1.578869894931614 0.005627087795475268
-4.567502072844396 1.9347914722822956 0.005325708698033223
-4.567502072844396 2.2939171418750837 0.004998875341851743
-4.567502072844396 2.656995998442896 0.004662734975909507
-4.567502072844396 3.024879883901285 0.004334342531982783
-4.567502072844396 3.398558265859627 0.0040316058694205206
-4.567502072844396 3.779206753435224 0.0037731154089427933
-4.567502072844396 4.168257066832501 0.0035785182500545844
-4.567502072844396 4.5675020728443965 0.003468870852105744
-4.567502072844396 4.9792609785452555 0.003467712654939113
-4.567502072844396 5.406654247970126 0.003602427604710878
-4.567502072844396 5.854095056030399 0.003907203178179835
-4.567502072844396 6.328255351220081 0.004427837705839123
-4.567502072844396 6.840237305249354 0.005233488706529594
-4.567502072844396 7.411582531485466 0.0064442795741115905
-4.567502072844396 8.098761139250847 0.00835339940714765
-4.168257066832499 -8.09876113925085 0.007681876499272068
-4.168257066832499 -7.411582531485468 0.005889097486696908
-4.168257066832499 -6.840237305249354 0.004788678470411714
-4.168257066832499 -6.3282553512200845 0.004091227332550034
-4.168257066832499 -5.8540950560304035 0.0036793185934653008
-4.168257066832499 -5.406654247970128 0.0034848205937753982
-4.168257066832499 -4.979260978545257 0.0034625825616132816
-4.168257066832499 -4.567502072844396 0.0035785182500507064
-4.168257066832499 -4.168257066832499 0.0038051175110749118
-4.168257066832499 -3.7792067534352225 0.004118272790713348
-4.168257066832499 -3.3985582658596285 0.004496094214135184
-4.168257066832499 -3.0248798839012845 0.004917585351372523
-4.168257066832499 -2.6569959984428952 0.005362487466708554
-4.168257066832499 -2.2939171418750837 0.005810620069222088
-4.168257066832499 -1.9347914722822965 0.006242376694391433
-4.168257066832499 -1.578869894931614 0.00663848818518096
-4.168257066832499 -1.225480109046289 0.006981123113587932
-4.168257066832499 -0.8740066123570872 0.007254036546080583
-4.168257066832499 -0.5238747138322762 0.0074440699088233085
-4.168257066832499 -0.17453721459758154 0.007541563620981426
-4.168257066832499 0.17453721459758323 0.007541563620981677
-4.168257066832499 0.5238747138322778 0.007444069908824022
-4.168257066832499 0.8740066123570885 0.007254036546081854
-4.168257066832499 1.2254801090462892 0.006981123113589737
-4.168257066832499 1.578869894931614 0.006638488185183205
-4.168257066832499 1.9347914722822956 0.0062423766943940796
-4.168257066832499 2.2939171418750837 0.005810620069225087
-4.168257066832499 2.656995998442896 0.0053624874667118775
-4.168257066832499 3.024879883901285 0.0049175853513761135
-4.168257066832499 3.398558265859627 0.004496094214139001
-4.168257066832499 3.779206753435224 0.004118272790717459
-4.168257066832499 4.168257066832501 0.003805117511079099
-4.168257066832499 4.5675020728443965 0.0035785182500546577
-4.168257066832499 4.9792609785452555 0.0034625825616184853
-4.168257066832499 5.406654247970126 0.003484820593794143
-4.168257066832499 5.854095056030399 0.0036793185934396733
-4.168257066832499 6.328255351220081 0.0040912273299639765
-4.168257066832499 6.840237305249354 0.004788678452034629
-4.168257066832499 7.411582531485466 0.005889097230944558
-4.168257066832499 8.098761139250847 0.007681875139825937
-3.7792067534352225 -8.09876113925085 0.007117959851041763
-3.7792067534352225 -7.411582531485468 0.005434639480116338
-3.7792067534352225 -6.840237305249354 0.004439418609664523
-3.7792067534352225 -6.3282553512200845 0.0038459676296166683
-3.7792067534352225 -5.8540950560304035 0.003539565743027095
-3.7792067534352225 -5.406654247970128 0.0034531085171958086
-3.7792067534352225 -4.979260978545257 0.0035422503445317237
-3.7792067534352225 -4.567502072844396 0.0037731154089390645
-3.7792067534352225 -4.168257066832499 0.004118272790713417
-3.7792067534352225 -3.7792067534352225 0.004553149861328818
-3.7792067534352225 -3.3985582658596285 0.005055195730313611
-3.7792067534352225 -3.0248798839012845 0.005602006248757713
-3.7792067534352225 -2.6569959984428952 0.006171646007687915
-3.7792067534352225 -2.2939171418750837 0.006741199300239016
-3.7792067534352225 -1.9347914722822965 0.007288162647603408
-3.7792067534352225 -1.578869894931614 0.007789136101491906
-3.7792067534352225 -1.225480109046289 0.008222585756150372
-3.7792067534352225 -0.8740066123570872 0.008567725692664133
-3.7792067534352225 -0.5238747138322762 0.008808277028121
-3.7792067534352225 -0.17453721459758154 0.008931612898016925
-3.7792067534352225 0.17453721459758323 0.008931612898016954
-3.7792067534352225 0.5238747138322778 0.008808277028121606
-3.7792067534352225 0.8740066123570885 0.008567725692665411
-3.7792067534352225 1.2254801090462892 0.008222585756152302
-3.7792067534352225 1.578869894931614 0.007789136101494406
-3.7792067534352225 1.9347914722822956 0.007288162647606295
-3.7792067534352225 2.2939171418750837 0.006741199300242232
-3.7792067534352225 2.656995998442896 0.006171646007691472
-3.7792067534352225 3.024879883901285 0.005602006248761544
-3.7792067534352225 3.398558265859627 0.005055195730317686
-3.7792067534352225 3.779206753435224 0.0045531498613331865
-3.7792067534352225 4.168257066832501 0.004118272790717857
-3.7792067534352225 4.5675020728443965 0.0037731154089432487
-3.7792067534352225 4.9792609785452555 0.003542250344537154
-3.7792067534352225 5.406654247970126 0.0034531085172148724
-3.7792067534352225 5.854095056030399 0.0035395657430013897
-3.7792067534352225 6.328255351220081 0.003845967627007776
-3.7792067534352225 6.840237305249354 0.004439418591115294
-3.7792067534352225 7.411582531485466 0.005434639221767315
-3.7792067534352225 8.098761139250847 0.007117958475687887
-3.3985582658596285 -8.09876113925085 0.006645955415579068
-3.3985582658596285 -7.411582531485468 0.00506471790895069
-3.3985582658596285 -6.840237305249354 0.004168900193062527
-3.3985582658596285 -6.3282553512200845 0.00367453410101569
-3.3985582658596285 -5.8540950560304035 0.0034696203474761326
-3.3985582658596285 -5.406654247970128 0.003488085201682187
-3.3985582658596285 -4.979260978545257 0.0036865897171853225
-3.3985582658596285 -4.567502072844396 0.004031605869417165
-3.3985582658596285 -4.168257066832499 0.00449609421413534
-3.3985582658596285 -3.7792067534352225 0.005055195730313687
-3.3985582658596285 -3.3985582658596285 0.005686115021094272
-3.3985582658596285 -3.0248798839012845 0.006365131102517297
-3.3985582658596285 -2.6569959984428952 0.0070691551245763715
-3.3985582658596285 -2.2939171418750837 0.007772258437437239
-3.3985582658596285 -1.9347914722822965 0.008449642473936259
-3.3985582658596285 -1.578869894931614 0.009072492529851999
-3.3985582658596285 -1.225480109046289 0.009615783405252943
-3.3985582658596285 -0.8740066123570872 0.01005084000820279
-3.3985582658596285 -0.5238747138322762 0.01035703198761373
-3.3985582658596285 -0.17453721459758154 0.010514404405802844
-3.3985582658596285 0.17453721459758323 0.01051440440580289
-3.3985582658596285 0.5238747138322778 0.010357031987614108
-3.3985582658596285 0.8740066123570885 0.010050840008203991
-3.3985582658596285 1.2254801090462892 0.009615783405254907
-3.3985582658596285 1.578869894931614 0.009072492529854675
-3.3985582658596285 1.9347914722822956 0.008449642473939313
-3.3985582658596285 2.2939171418750837 0.007772258437440727
-3.3985582658596285 2.656995998442896 0.007069155124580225
-3.3985582658596285 3.024879883901285 0.006365131102521444
-3.3985582658596285 3.398558265859627 0.005686115021098649
-3.3985582658596285 3.779206753435224 0.0050551957303183485
-3.3985582658596285 4.168257066832501 0.0044960942141400425
-3.3985582658596285 4.5675020728443965 0.004031605869421584
-3.3985582658596285 4.9792609785452555 0.003686589717190973
-3.3985582658596285 5.406654247970126 0.0034880852017015445
-3.3985582658596285 5.854095056030399 0.003469620347450386
-3.3985582658596285 6.328255351220081 0.0036745340983874507
-3.3985582658596285 6.840237305249354 0.004168900174367205
-3.3985582658596285 7.411582531485466 0.005064717648396295
-3.3985582658596285 8.098761139250847 0.006645954026683786
-3.0248798839012845 -8.09876113925085 0.006252987775864819
-3.0248798839012845 -7.411582531485468 0.004765895045913643
-3.0248798839012845 -6.840237305249354 0.003962951400784617
-3.0248798839012845 -6.3282553512200845 0.003561901480431228
-3.0248798839012845 -5.8540950560304035 0.003453480236241345
-3.0248798839012845 -5.406654247970128 0.0035726390215110215
-3.0248798839012845 -4.979260978545257 0.0038772750084046354
-3.0248798839012845 -4.567502072844396 0.004334342531979749
-3.0248798839012845 -4.168257066832499 0.004917585351372779
-3.0248798839012845 -3.7792067534352225 0.005602006248757884
-3.0248798839012845 -3.3985582658596285 0.006365131102517389
-3.0248798839012845 -3.0248798839012845 0.007181720877511417
-3.0248798839012845 -2.6569959984428952 0.008028215758186817
-3.0248798839012845 -2.2939171418750837 0.008873984483440815
-3.0248798839012845 -1.9347914722822965 0.00969269382033849
-3.0248798839012845 -1.578869894931614 0.010444972532815794
-3.0248798839012845 -1.225480109046289 0.011104637442173758
-3.0248798839012845 -0.8740066123570872 0.01162787014326602
-3.0248798839012845 -0.5238747138322762 0.011997807761096416
-3.0248798839012845 -0.17453721459758154 0.012184744671032862
-3.0248798839012845 0.17453721459758323 0.012184744671032607
-3.0248798839012845 0.5238747138322778 0.011997807761096513
-3.0248798839012845 0.8740066123570885 0.01162787014326684
-3.0248798839012845 1.2254801090462892 0.011104637442175273
-3.0248798839012845 1.578869894931614 0.010444972532818085
-3.0248798839012845 1.9347914722822956 0.009692693820341668
-3.0248798839012845 2.2939171418750837 0.008873984483444695
-3.0248798839012845 2.656995998442896 0.00802821575819107
-3.0248798839012845 3.024879883901285 0.00718172087751592
-3.0248798839012845 3.398558265859627 0.006365131102522107
-3.0248798839012845 3.779206753435224 0.005602006248762857
-3.0248798839012845 4.168257066832501 0.004917585351377747
-3.0248798839012845 4.5675020728443965 0.004334342531984391
-3.0248798839012845 4.9792609785452555 0.003877275008410498
-3.0248798839012845 5.406654247970126 0.003572639021530664
-3.0248798839012845 5.854095056030399 0.003453480236215601
-3.0248798839012845 6.328255351220081 0.003561901477786548
-3.0248798839012845 6.840237305249354 0.003962951381964969
-3.0248798839012845 7.411582531485466 0.004765894783482008
-3.0248798839012845 8.098761139250847 0.006252986375422792
-2.6569959984428952 -8.09876113925085 0.005928317863798237
-2.6569959984428952 -7.411582531485468 0.004526837282765092
-2.6569959984428952 -6.840237305249354 0.003809428619579546
-2.6569959984428952 -6.3282553512200845 0.0034949727894329975
-2.6569959984428952 -5.8540950560304035 0.0034769315261171598
-2.6569959984428952 -5.406654247970128 0.003691260608084373
-2.6569959984428952 -4.979260978545257 0.004097339975562319
-2.6569959984428952 -4.567502072844396 0.004662734975906841
-2.6569959984428952 -4.168257066832499 0.005362487466708923
-2.6569959984428952 -3.7792067534352225 0.006171646007688206
-2.6569959984428952 -3.3985582658596285 0.007069155124576573
-2.6569959984428952 -3.0248798839012845 0.008028215758186956
-2.6569959984428952 -2.6569959984428952 0.009027718600986924
-2.6569959984428952 -2.2939171418750837 0.010030999350545466
-2.6569959984428952 -1.9347914722822965 0.011019365962529755
-2.6569959984428952 -1.578869894931614 0.011935811394470256
-2.6569959984428952 -1.225480109046289 0.012775759162712607
-2.6569959984428952 -0.8740066123570872 0.013449818600828483
-2.6569959984428952 -0.5238747138322762 0.013968256439052005
-2.6569959984428952 -0.17453721459758154 0.014227088850721057
-2.6569959984428952 0.17453721459758323 0.014227088850721645
-2.6569959984428952 0.5238747138322778 0.013968256439052603
-2.6569959984428952 0.8740066123570885 0.013449818600824916
-2.6569959984428952 1.2254801090462892 0.01277575916271309
-2.6569959984428952 1.578869894931614 0.01193581139447189
-2.6569959984428952 1.9347914722822956 0.011019365962532954
-2.6569959984428952 2.2939171418750837 0.01003099935054972
-2.6569959984428952 2.656995998442896 0.009027718600991561
-2.6569959984428952 3.024879883901285 0.00802821575819192
-2.6569959984428952 3.398558265859627 0.007069155124581683
-2.6569959984428952 3.779206753435224 0.006171646007693511
-2.6569959984428952 4.168257066832501 0.00536248746671415
-2.6569959984428952 4.5675020728443965 0.004662734975911705
-2.6569959984428952 4.9792609785452555 0.004097339975568381
-2.6569959984428952 5.406654247970126 0.0036912606081042766
-2.6569959984428952 5.854095056030399 0.0034769315260914343
-2.6569959984428952 6.328255351220081 0.0034949727867743348
-2.6569959984428952 6.840237305249354 0.003809428600654241
-2.6569959984428952 7.411582531485466 0.004526837018738444
-2.6569959984428952 8.098761139250847 0.005928316453532949
-2.2939171418750837 -8.09876113925085 0.005662904082595014
-2.2939171418750837 -7.411582531485468 0.004337906130004799
-2.2939171418750837 -6.840237305249354 0.0036978414844861603
-2.2939171418750837 -6.3282553512200845 0.0034622400789651453
-2.2939171418750837 -5.8540950560304035 0.0035272414702531268
-2.2939171418750837 -5.406654247970128 0.0038297600524661232
-2.2939171418750837 -4.979260978545257 0.004330886748113104
-2.2939171418750837 -4.567502072844396 0.0049988753418495156
-2.2939171418750837 -4.168257066832499 0.005810620069222603
-2.2939171418750837 -3.7792067534352225 0.006741199300239468
-2.2939171418750837 -3.3985582658596285 0.007772258437437597
-2.2939171418750837 -3.0248798839012845 0.008873984483441042
-2.2939171418750837 -2.6569959984428952 0.01003099935054536
-2.2939171418750837 -2.2939171418750837 0.011189757767927928
-2.2939171418750837 -1.9347914722822965 0.012349197174028456
-2.2939171418750837 -1.578869894931614 0.013383030345897252
-2.2939171418750837 -1.225480109046289 0.01434818618929151
-2.2939171418750837 -0.8740066123570872 0.014998828679898673
-2.2939171418750837 -0.5238747138322762 0.015518461930863734
-2.2939171418750837 -0.17453721459758154 0.015705733340458494
-2.2939171418750837 0.17453721459758323 0.015705733340456825
-2.2939171418750837 0.5238747138322778 0.015518461930866645
-2.2939171418750837 0.8740066123570885 0.014998828679906399
-2.2939171418750837 1.2254801090462892 0.014348186189288065
-2.2939171418750837 1.578869894931614 0.013383030345895743
-2.2939171418750837 1.9347914722822956 0.012349197174030177
-2.2939171418750837 2.2939171418750837 0.011189757767932325
-2.2939171418750837 2.656995998442896 0.010030999350550828
-2.2939171418750837 3.024879883901285 0.008873984483446541
-2.2939171418750837 3.398558265859627 0.0077722584374429835
-2.2939171418750837 3.779206753435224 0.006741199300245009
-2.2939171418750837 4.168257066832501 0.005810620069228029
-2.2939171418750837 4.5675020728443965 0.004998875341854568
-2.2939171418750837 4.9792609785452555 0.00433088674811936
-2.2939171418750837 5.406654247970126 0.003829760052486266
-2.2939171418750837 5.854095056030399 0.003527241470227427
-2.2939171418750837 6.328255351220081 0.0034622400762946612
-2.2939171418750837 6.840237305249354 0.003697841465471601
-2.2939171418750837 7.411582531485466 0.004337905864631769
-2.2939171418750837 8.098761139250847 0.005662902664030813
-1.9347914722822965 -8.09876113925085 0.005449120041806038
-1.9347914722822965 -7.411582531485468 0.004190900963492321
-1.9347914722822965 -6.840237305249354 0.00361913083023783
-1.9347914722822965 -6.3282553512200845 0.003453604373423671
-1.9347914722822965 -5.8540950560304035 0.00359302735539519
-1.9347914722822965 -5.406654247970128 0.003975199654363966
-1.9347914722822965 -4.979260978545257 0.004563102553596294
-1.9347914722822965 -4.567502072844396 0.005325708698031451
-1.9347914722822965 -4.168257066832499 0.006242376694392067
-1.9347914722822965 -3.7792067534352225 0.0072881626476040216
-1.9347914722822965 -3.3985582658596285 0.00844964247393685
-1.9347914722822965 -3.0248798839012845 0.009692693820338919
-1.9347914722822965 -2.6569959984428952 0.011019365962529771
-1.9347914722822965 -2.2939171418750837 0.012349197174027948
-1.9347914722822965 -1.9347914722822965 0.013776125465444863
-1.9347914722822965 -1.578869894931614 0.015025054732869443
-1.9347914722822965 -1.225480109046289 0.016711571755273085
-1.9347914722822965 -0.8740066123570872 0.0175473650426752
-1.9347914722822965 -0.5238747138322762 0.019141283943853733
-1.9347914722822965 -0.17453721459758154 0.018551060205392805
-1.9347914722822965 0.17453721459758323 0.018551060205299782
-1.9347914722822965 0.5238747138322778 0.01914128394378319
-1.9347914722822965 0.8740066123570885 0.017547365042751117
-1.9347914722822965 1.2254801090462892 0.016711571755271822
-1.9347914722822965 1.578869894931614 0.015025054732864968
-1.9347914722822965 1.9347914722822956 0.01377612546544572
-1.9347914722822965 2.2939171418750837 0.012349197174032569
-1.9347914722822965 2.656995998442896 0.011019365962535525
-1.9347914722822965 3.024879883901285 0.009692693820344597
-1.9347914722822965 3.398558265859627 0.00844964247394246
-1.9347914722822965 3.779206753435224 0.00728816264760981
-1.9347914722822965 4.168257066832501 0.006242376694397718
-1.9347914722822965 4.5675020728443965 0.005325708698036715
-1.9347914722822965 4.9792609785452555 0.004563102553602732
-1.9347914722822965 5.406654247970126 0.003975199654384316
-1.9347914722822965 5.854095056030399 0.003593027355369511
-1.9347914722822965 6.328255351220081 0.0034536043707433144
-1.9347914722822965 6.840237305249354 0.003619130811148811
-1.9347914722822965 7.411582531485466 0.004190900696997092
-1.9347914722822965 8.098761139250847 0.005449118616321488
-1.578869894931614 -8.09876113925085 0.005280576736145078
-1.578869894931614 -7.411582531485468 0.0040789019792429534
-1.578869894931614 -6.840237305249354 0.0035655469462206628
-1.578869894931614 -6.3282553512200845 0.0034602973323584444
-1.578869894931614 -5.8540950560304035 0.003664229479823032
-1.578869894931614 -5.406654247970128 0.004115924886475983
-1.578869894931614 -4.979260978545257 0.004780331757235438
-1.578869894931614 -4.567502072844396 0.005627087795473996
-1.578869894931614 -4.168257066832499 0.006638488185181692
-1.578869894931614 -3.7792067534352225 0.007789136101492574
-1.578869894931614 -3.3985582658596285 0.009072492529852564
-1.578869894931614 -3.0248798839012845 0.010444972532815813
-1.578869894931614 -2.6569959984428952 0.011935811394470319
-1.578869894931614 -2.2939171418750837 0.013383030345896198
-1.578869894931614 -1.9347914722822965 0.015025054732862739
-1.578869894931614 -1.578869894931614 0.016033156874669857
-1.578869894931614 -1.225480109046289 0.01736022949683279
-1.578869894931614 -0.8740066123570872 0.017314121404182713
-1.578869894931614 -0.5238747138322762 0.017693915922613972
-1.578869894931614 -0.17453721459758154 0.017605277861156274
-1.578869894931614 0.17453721459758323 0.017605277861107334
-1.578869894931614 0.5238747138322778 0.017693915922652948
-1.578869894931614 0.8740066123570885 0.017314121404178803
-1.578869894931614 1.2254801090462892 0.01736022949680083
-1.578869894931614 1.578869894931614 0.01603315687464836
-1.578869894931614 1.9347914722822956 0.015025054732867983
-1.578869894931614 2.2939171418750837 0.013383030345901919
-1.578869894931614 2.656995998442896 0.011935811394475538
-1.578869894931614 3.024879883901285 0.010444972532821603
-1.578869894931614 3.398558265859627 0.009072492529858471
-1.578869894931614 3.779206753435224 0.007789136101498595
-1.578869894931614 4.168257066832501 0.00663848818518757
-1.578869894931614 4.5675020728443965 0.0056270877954794525
-1.578869894931614 4.9792609785452555 0.004780331757242047
-1.578869894931614 5.406654247970126 0.00411592488649651
-1.578869894931614 5.854095056030399 0.0036642294797973704
-1.578869894931614 6.328255351220081 0.0034602973296700137
-1.578869894931614 6.840237305249354 0.0035655469270708265
-1.578869894931614 7.411582531485466 0.004078901711832118
-1.578869894931614 8.098761139250847 0.005280575305013387
-1.225480109046289 -8.09876113925085 0.005152016379844222
-1.225480109046289 -7.411582531485468 0.003996181609283506
-1.225480109046289 -6.840237305249354 0.003530597232195427
-1.225480109046289 -6.3282553512200845 0.003474876799933598
-1.225480109046289 -5.8540950560304035 0.003732173091140725
-1.225480109046289 -5.406654247970128 0.004241720231843506
-1.225480109046289 -4.979260978545257 0.0049703706395180835
-1.225480109046289 -4.567502072844396 0.005888327789366986
-1.225480109046289 -4.168257066832499 0.006981123113588799
-1.225480109046289 -3.7792067534352225 0.008222585756151103
-1.225480109046289 -3.3985582658596285 0.009615783405253576
-1.225480109046289 -3.0248798839012845 0.011104637442174813
-1.225480109046289 -2.6569959984428952 0.012775759162714756
-1.225480109046289 -2.2939171418750837 0.014348186189290202
-1.225480109046289 -1.9347914722822965 0.016711571755292424
-1.225480109046289 -1.578869894931614 0.01736022949682059
-1.225480109046289 -1.225480109046289 0.018144328350691016
-1.225480109046289 -0.8740066123570872 0.018011229657823917
-1.225480109046289 -0.5238747138322762 0.017829659158519705
-1.225480109046289 -0.17453721459758154 0.017875396452187508
-1.225480109046289 0.17453721459758323 0.017875396452153035
-1.225480109046289 0.5238747138322778 0.017829659158486662
-1.225480109046289 0.8740066123570885 0.018011229657859465
-1.225480109046289 1.2254801090462892 0.01814432835068363
-1.225480109046289 1.578869894931614 0.017360229496781218
-1.225480109046289 1.9347914722822956 0.016711571755275274
-1.225480109046289 2.2939171418750837 0.014348186189299023
-1.225480109046289 2.656995998442896 0.01277575916271938
-1.225480109046289 3.024879883901285 0.011104637442180106
-1.225480109046289 3.398558265859627 0.009615783405259416
-1.225480109046289 3.779206753435224 0.00822258575615735
-1.225480109046289 4.168257066832501 0.006981123113594884
-1.225480109046289 4.5675020728443965 0.0058883277893726224
-1.225480109046289 4.9792609785452555 0.004970370639524844
-1.225480109046289 5.406654247970126 0.004241720231864183
-1.225480109046289 5.854095056030399 0.003732173091115097
-1.225480109046289 6.328255351220081 0.0034748767972387954
-1.225480109046289 6.840237305249354 0.003530597212997614
-1.225480109046289 7.411582531485466 0.003996181341151387
-1.225480109046289 8.098761139250847 0.005152014944264304
-0.8740066123570872 -8.09876113925085 0.005059255212283603
-0.8740066123570872 -7.411582531485468 0.003938161908205309
-0.8740066123570872 -6.840237305249354 0.0035090386590731263
-0.8740066123570872 -6.3282553512200845 0.003491266188930081
-0.8740066123570872 -5.8540950560304035 0.0037896749371388863
-0.8740066123570872 -5.406654247970128 0.004344001575672639
-0.8740066123570872 -4.979260978545257 0.005122759971074025
-0.8740066123570872 -4.567502072844396 0.006096566935343672
-0.8740066123570872 -4.168257066832499 0.007254036546081527
-0.8740066123570872 -3.7792067534352225 0.008567725692664948
-0.8740066123570872 -3.3985582658596285 0.01005084000820374
-0.8740066123570872 -3.0248798839012845 0.011627870143268047
-0.8740066123570872 -2.6569959984428952 0.013449818600832253
-0.8740066123570872 -2.2939171418750837 0.014998828679912174
-0.8740066123570872 -1.9347914722822965 0.017547365042737403
-0.8740066123570872 -1.578869894931614 0.017314121404176003
-0.8740066123570872 -1.225480109046289 0.018011229657832587
-0.8740066123570872 -0.8740066123570872 0.017757465378429912
-0.8740066123570872 -0.5238747138322762 0.01790557835193301
-0.8740066123570872 -0.17453721459758154 0.01782821384816953
-0.8740066123570872 0.17453721459758323 0.017828213848088064
-0.8740066123570872 0.5238747138322778 0.01790557835192019
-0.8740066123570872 0.8740066123570885 0.01775746537845645
-0.8740066123570872 1.2254801090462892 0.01801122965783705
-0.8740066123570872 1.578869894931614 0.01731412140417025
-0.8740066123570872 1.9347914722822956 0.017547365042782263
-0.8740066123570872 2.2939171418750837 0.014998828679914117
-0.8740066123570872 2.656995998442896 0.013449818600834267
-0.8740066123570872 3.024879883901285 0.011627870143272349
-0.8740066123570872 3.398558265859627 0.010050840008209447
-0.8740066123570872 3.779206753435224 0.00856772569267139
-0.8740066123570872 4.168257066832501 0.007254036546087795
-0.8740066123570872 4.5675020728443965 0.006096566935349464
-0.8740066123570872 4.9792609785452555 0.0051227599710809086
-0.8740066123570872 5.406654247970126 0.004344001575693434
-0.8740066123570872 5.854095056030399 0.003789674937113283
-0.8740066123570872 6.328255351220081 0.003491266186230531
-0.8740066123570872 6.840237305249354 0.003509038639839664
-0.8740066123570872 7.411582531485466 0.003938161639537983
-0.8740066123570872 8.098761139250847 0.005059253773403777
-0.5238747138322762 -8.09876113925085 0.0049991584191360645
-0.5238747138322762 -7.411582531485468 0.0039014014557718635
-0.5238747138322762 -6.840237305249354 0.0034968974445984406
-0.5238747138322762 -6.3282553512200845 0.0035048196660530054
-0.5238747138322762 -5.8540950560304035 0.0038311808270132964
-0.5238747138322762 -5.406654247970128 0.004416058125104668
-0.5238747138322762 -4.979260978545257 0.005229205244204376
-0.5238747138322762 -4.567502072844396 0.006241506450746064
-0.5238747138322762 -4.168257066832499 0.007444069908824452
-0.5238747138322762 -3.7792067534352225 0.008808277028122152
-0.5238747138322762 -3.3985582658596285 0.010357031987614698
-0.5238747138322762 -3.0248798839012845 0.011997807761098498
-0.5238747138322762 -2.6569959984428952 0.013968256439053847
-0.5238747138322762 -2.2939171418750837 0.015518461930869329
-0.5238747138322762 -1.9347914722822965 0.019141283943835942
-0.5238747138322762 -1.578869894931614 0.017693915922688288
-0.5238747138322762 -1.225480109046289 0.017829659158487714
-0.5238747138322762 -0.8740066123570872 0.01790557835190691
-0.5238747138322762 -0.5238747138322762 0.01782815908797829
-0.5238747138322762 -0.17453721459758154 0.017865729248685167
-0.5238747138322762 0.17453721459758323 0.017865729248666033
-0.5238747138322762 0.5238747138322778 0.01782815908798692
-0.5238747138322762 0.8740066123570885 0.01790557835191699
-0.5238747138322762 1.2254801090462892 0.017829659158502653
-0.5238747138322762 1.578869894931614 0.017693915922677224
-0.5238747138322762 1.9347914722822956 0.019141283943744623
-0.5238747138322762 2.2939171418750837 0.015518461930876673
-0.5238747138322762 2.656995998442896 0.013968256439055858
-0.5238747138322762 3.024879883901285 0.011997807761101518
-0.5238747138322762 3.398558265859627 0.01035703198762025
-0.5238747138322762 3.779206753435224 0.008808277028128421
-0.5238747138322762 4.168257066832501 0.007444069908830766
-0.5238747138322762 4.5675020728443965 0.006241506450751933
-0.5238747138322762 4.9792609785452555 0.005229205244211319
-0.5238747138322762 5.406654247970126 0.00441605812512554
-0.5238747138322762 5.854095056030399 0.0038311808269877097
-0.5238747138322762 6.328255351220081 0.00350481966335031
-0.5238747138322762 6.840237305249354 0.0034968974253413543
-0.5238747138322762 7.411582531485466 0.0039014011867501927
-0.5238747138322762 8.098761139250847 0.004999156978072006
-0.17453721459758154 -8.09876113925085 0.0049696338058377865
-0.17453721459758154 -7.411582531485468 0.003883598278568097
-0.17453721459758154 -6.840237305249354 0.0034914995758947827
-0.17453721459758154 -6.3282553512200845 0.0035123909704008627
-0.17453721459758154 -5.8540950560304035 0.0038528968122748244
-0.17453721459758154 -5.406654247970128 0.004453265634701881
-0.17453721459758154 -4.979260978545257 0.005283914102077101
-0.17453721459758154 -4.567502072844396 0.006315850174344539
-0.17453721459758154 -4.168257066832499 0.00754156362098272
-0.17453721459758154 -3.7792067534352225 0.00893161289801838
-0.17453721459758154 -3.3985582658596285 0.010514404405804513
-0.17453721459758154 -3.0248798839012845 0.012184744671034775
-0.17453721459758154 -2.6569959984428952 0.014227088850718978
-0.17453721459758154 -2.2939171418750837 0.015705733340462408
-0.17453721459758154 -1.9347914722822965 0.018551060205418593
-0.17453721459758154 -1.578869894931614 0.017605277861160704
-0.17453721459758154 -1.225480109046289 0.017875396452162923
-0.17453721459758154 -0.8740066123570872 0.01782821384811343
-0.17453721459758154 -0.5238747138322762 0.017865729248726547
-0.17453721459758154 -0.17453721459758154 0.01785086170707064
-0.17453721459758154 0.17453721459758323 0.017850861707086208
-0.17453721459758154 0.5238747138322778 0.01786572924871868
-0.17453721459758154 0.8740066123570885 0.01782821384810185
-0.17453721459758154 1.2254801090462892 0.01787539645213379
-0.17453721459758154 1.578869894931614 0.01760527786116832
-0.17453721459758154 1.9347914722822956 0.01855106020548842
-0.17453721459758154 2.2939171418750837 0.015705733340452187
-0.17453721459758154 2.656995998442896 0.014227088850720042
-0.17453721459758154 3.024879883901285 0.012184744671037152
-0.17453721459758154 3.398558265859627 0.0105144044058098
-0.17453721459758154 3.779206753435224 0.008931612898024441
-0.17453721459758154 4.168257066832501 0.007541563620988998
-0.17453721459758154 4.5675020728443965 0.006315850174350419
-0.17453721459758154 4.9792609785452555 0.005283914102084077
-0.17453721459758154 5.406654247970126 0.00445326563472281
-0.17453721459758154 5.854095056030399 0.003852896812249257
-0.17453721459758154 6.328255351220081 0.003512390967696602
-0.17453721459758154 6.840237305249354 0.0034914995566259293
-0.17453721459758154 7.411582531485466 0.0038835980093699487
-0.17453721459758154 8.098761139250847 0.004969632363686011
0.17453721459758323 -8.09876113925085 0.004969633805837951
0.17453721459758323 -7.411582531485468 0.0038835982785682768
0.17453721459758323 -6.840237305249354 0.003491499575894989
0.17453721459758323 -6.3282553512200845 0.0035123909704010956
0.17453721459758323 -5.8540950560304035 0.003852896812275075
0.17453721459758323 -5.406654247970128 0.004453265634702151
0.17453721459758323 -4.979260978545257 0.005283914102077396
0.17453721459758323 -4.567502072844396 0.006315850174344875
0.17453721459758323 -4.168257066832499 0.007541563620983169
0.17453721459758323 -3.7792067534352225 0.008931612898018882
0.17453721459758323 -3.3985582658596285 0.010514404405805564
0.17453721459758323 -3.0248798839012845 0.012184744671033995
0.17453721459758323 -2.6569959984428952 0.01422708885072333
0.17453721459758323 -2.2939171418750837 0.015705733340467893
0.17453721459758323 -1.9347914722822965 0.018551060205456524
0.17453721459758323 -1.578869894931614 0.01760527786117299
0.17453721459758323 -1.225480109046289 0.017875396452195727
0.17453721459758323 -0.8740066123570872 0.017828213848114404
0.17453721459758323 -0.5238747138322762 0.01786572924873573
0.17453721459758323 -0.17453721459758154 0.01785086170707545
0.17453721459758323 0.17453721459758323 0.017850861707086177
0.17453721459758323 0.5238747138322778 0.01786572924869299
0.17453721459758323 0.8740066123570885 0.017828213848108707
0.17453721459758323 1.2254801090462892 0.01787539645208865
0.17453721459758323 1.578869894931614 0.017605277861192894
0.17453721459758323 1.9347914722822956 0.018551060205414766
0.17453721459758323 2.2939171418750837 0.015705733340450785
0.17453721459758323 2.656995998442896 0.014227088850715743
0.17453721459758323 3.024879883901285 0.012184744671036118
0.17453721459758323 3.398558265859627 0.010514404405809554
0.17453721459758323 3.779206753435224 0.008931612898024728
0.17453721459758323 4.168257066832501 0.007541563620989356
0.17453721459758323 4.5675020728443965 0.006315850174350734
0.17453721459758323 4.9792609785452555 0.005283914102084375
0.17453721459758323 5.406654247970126 0.004453265634723085
0.17453721459758323 5.854095056030399 0.0038528968122495152
0.17453721459758323 6.328255351220081 0.0035123909676968395
0.17453721459758323 6.840237305249354 0.0034914995566261513
0.17453721459758323 7.411582531485466 0.003883598009370149
0.17453721459758323 8.098761139250847 0.004969632363686194
0.5238747138322778 -8.09876113925085 0.004999158419136553
0.5238747138322778 -7.411582531485468 0.0039014014557724086
0.5238747138322778 -6.840237305249354 0.0034968974445990643
0.5238747138322778 -6.3282553512200845 0.0035048196660537015
0.5238747138322778 -5.8540950560304035 0.0038311808270140493
0.5238747138322778 -5.406654247970128 0.004416058125105476
0.5238747138322778 -4.979260978545257 0.005229205244205255
0.5238747138322778 -4.567502072844396 0.006241506450747053
0.5238747138322778 -4.168257066832499 0.007444069908825622
0.5238747138322778 -3.7792067534352225 0.008808277028123594
0.5238747138322778 -3.3985582658596285 0.010357031987616757
0.5238747138322778 -3.0248798839012845 0.011997807761098945
0.5238747138322778 -2.6569959984428952 0.013968256439055849
0.5238747138322778 -2.2939171418750837 0.015518461930857689
0.5238747138322778 -1.9347914722822965 0.019141283943760946
0.5238747138322778 -1.578869894931614 0.017693915922662163
0.5238747138322778 -1.225480109046289 0.0178296591585468
0.5238747138322778 -0.8740066123570872 0.017905578351910378
0.5238747138322778 -0.5238747138322762 0.017828159087962325
0.5238747138322778 -0.17453721459758154 0.01786572924865794
0.5238747138322778 0.17453721459758323 0.01786572924868577
0.5238747138322778 0.5238747138322778 0.01782815908799807
0.5238747138322778 0.8740066123570885 0.01790557835193113
0.5238747138322778 1.2254801090462892 0.01782965915851254
0.5238747138322778 1.578869894931614 0.017693915922655137
0.5238747138322778 1.9347914722822956 0.01914128394380276
0.5238747138322778 2.2939171418750837 0.015518461930862931
0.5238747138322778 2.656995998442896 0.013968256439052869
0.5238747138322778 3.024879883901285 0.011997807761101252
0.5238747138322778 3.398558265859627 0.010357031987621293
0.5238747138322778 3.779206753435224 0.008808277028129462
0.5238747138322778 4.168257066832501 0.007444069908831775
0.5238747138322778 4.5675020728443965 0.0062415064507528985
0.5238747138322778 4.9792609785452555 0.005229205244212213
0.5238747138322778 5.406654247970126 0.004416058125126367
0.5238747138322778 5.854095056030399 0.0038311808269884794
0.5238747138322778 6.328255351220081 0.003504819663351018
0.5238747138322778 6.840237305249354 0.0034968974253420083
0.5238747138322778 7.411582531485466 0.00390140118675079
0.5238747138322778 8.098761139250847 0.004999156978072555
0.8740066123570885 -8.09876113925085 0.005059255212284409
0.8740066123570885 -7.411582531485468 0.003938161908206229
0.8740066123570885 -6.840237305249354 0.003509038659074173
0.8740066123570885 -6.3282553512200845 0.0034912661889312394
0.8740066123570885 -5.8540950560304035 0.003789674937140145
0.8740066123570885 -5.406654247970128 0.00434400157567399
0.8740066123570885 -4.979260978545257 0.005122759971075508
0.8740066123570885 -4.567502072844396 0.00609656693534529
0.8740066123570885 -4.168257066832499 0.007254036546083334
0.8740066123570885 -3.7792067534352225 0.00856772569266705
0.8740066123570885 -3.3985582658596285 0.010050840008206037
0.8740066123570885 -3.0248798839012845 0.011627870143269296
0.8740066123570885 -2.6569959984428952 0.013449818600828887
0.8740066123570885 -2.2939171418750837 0.014998828679904326
0.8740066123570885 -1.9347914722822965 0.0175473650427868
0.8740066123570885 -1.578869894931614 0.017314121404159697
0.8740066123570885 -1.225480109046289 0.018011229657816465
0.8740066123570885 -0.8740066123570872 0.017757465378420212
0.8740066123570885 -0.5238747138322762 0.017905578351986404
0.8740066123570885 -0.17453721459758154 0.01782821384815616
0.8740066123570885 0.17453721459758323 0.01782821384805251
0.8740066123570885 0.5238747138322778 0.01790557835194412
0.8740066123570885 0.8740066123570885 0.017757465378467376
0.8740066123570885 1.2254801090462892 0.01801122965782734
0.8740066123570885 1.578869894931614 0.01731412140415018
0.8740066123570885 1.9347914722822956 0.017547365042689257
0.8740066123570885 2.2939171418750837 0.01499882867989508
0.8740066123570885 2.656995998442896 0.013449818600827475
0.8740066123570885 3.024879883901285 0.01162787014327251
0.8740066123570885 3.398558265859627 0.010050840008211076
0.8740066123570885 3.779206753435224 0.008567725692673115
0.8740066123570885 4.168257066832501 0.007254036546089528
0.8740066123570885 4.5675020728443965 0.006096566935351086
0.8740066123570885 4.9792609785452555 0.00512275997108241
0.8740066123570885 5.406654247970126 0.004344001575694816
0.8740066123570885 5.854095056030399 0.0037896749371145568
0.8740066123570885 6.328255351220081 0.003491266186231706
0.8740066123570885 6.840237305249354 0.0035090386398407415
0.8740066123570885 7.411582531485466 0.00393816163953896
0.8740066123570885 8.098761139250847 0.00505925377340466
1.2254801090462892 -8.09876113925085 0.005152016379845327
1.2254801090462892 -7.411582531485468 0.003996181609284797
1.2254801090462892 -6.840237305249354 0.0035305972321968897
1.2254801090462892 -6.3282553512200845 0.003474876799935207
1.2254801090462892 -5.8540950560304035 0.0037321730911424682
1.2254801090462892 -5.406654247970128 0.004241720231845393
1.2254801090462892 -4.979260978545257 0.004970370639520144
1.2254801090462892 -4.567502072844396 0.005888327789369204
1.2254801090462892 -4.168257066832499 0.006981123113591234
1.2254801090462892 -3.7792067534352225 0.008222585756153785
1.2254801090462892 -3.3985582658596285 0.009615783405256555
1.2254801090462892 -3.0248798839012845 0.011104637442177498
1.2254801090462892 -2.6569959984428952 0.012775759162717858
1.2254801090462892 -2.2939171418750837 0.014348186189294556
1.2254801090462892 -1.9347914722822965 0.01671157175528378
1.2254801090462892 -1.578869894931614 0.01736022949680472
1.2254801090462892 -1.225480109046289 0.018144328350686263
1.2254801090462892 -0.8740066123570872 0.018011229657809148
1.2254801090462892 -0.5238747138322762 0.0178296591585608
1.2254801090462892 -0.17453721459758154 0.017875396452174865
1.2254801090462892 0.17453721459758323 0.01787539645217891
1.2254801090462892 0.5238747138322778 0.017829659158520753
1.2254801090462892 0.8740066123570885 0.01801122965782756
1.2254801090462892 1.2254801090462892 0.018144328350638082
1.2254801090462892 1.578869894931614 0.017360229496828927
1.2254801090462892 1.9347914722822956 0.016711571755242863
1.2254801090462892 2.2939171418750837 0.014348186189287196
1.2254801090462892 2.656995998442896 0.012775759162717329
1.2254801090462892 3.024879883901285 0.011104637442181507
1.2254801090462892 3.398558265859627 0.009615783405261804
1.2254801090462892 3.779206753435224 0.008222585756159952
1.2254801090462892 4.168257066832501 0.006981123113597394
1.2254801090462892 4.5675020728443965 0.005888327789374921
1.2254801090462892 4.9792609785452555 0.004970370639526944
1.2254801090462892 5.406654247970126 0.0042417202318661045
1.2254801090462892 5.854095056030399 0.003732173091116859
1.2254801090462892 6.328255351220081 0.003474876797240416
1.2254801090462892 6.840237305249354 0.003530597212999093
1.2254801090462892 7.411582531485466 0.003996181341152717
1.2254801090462892 8.098761139250847 0.005152014944265485
1.578869894931614 -8.09876113925085 0.00528057673614647
1.578869894931614 -7.411582531485468 0.004078901979244599
1.578869894931614 -6.840237305249354 0.0035655469462225146
1.578869894931614 -6.3282553512200845 0.003460297332360473
1.578869894931614 -5.8540950560304035 0.003664229479825234
1.578869894931614 -5.406654247970128 0.004115924886478378
1.578869894931614 -4.979260978545257 0.004780331757238044
1.578869894931614 -4.567502072844396 0.005627087795476813
1.578869894931614 -4.168257066832499 0.006638488185184748
1.578869894931614 -3.7792067534352225 0.007789136101495909
1.578869894931614 -3.3985582658596285 0.009072492529856157
1.578869894931614 -3.0248798839012845 0.010444972532819742
1.578869894931614 -2.6569959984428952 0.011935811394474687
1.578869894931614 -2.2939171418750837 0.013383030345899343
1.578869894931614 -1.9347914722822965 0.015025054732873334
1.578869894931614 -1.578869894931614 0.01603315687467842
1.578869894931614 -1.225480109046289 0.017360229496836334
1.578869894931614 -0.8740066123570872 0.017314121404208734
1.578869894931614 -0.5238747138322762 0.017693915922638748
1.578869894931614 -0.17453721459758154 0.017605277861161808
1.578869894931614 0.17453721459758323 0.017605277861157537
1.578869894931614 0.5238747138322778 0.017693915922658853
1.578869894931614 0.8740066123570885 0.017314121404155725
1.578869894931614 1.2254801090462892 0.017360229496781128
1.578869894931614 1.578869894931614 0.01603315687466633
1.578869894931614 1.9347914722822956 0.015025054732866286
1.578869894931614 2.2939171418750837 0.013383030345901305
1.578869894931614 2.656995998442896 0.011935811394477285
1.578869894931614 3.024879883901285 0.010444972532824495
1.578869894931614 3.398558265859627 0.009072492529861668
1.578869894931614 3.779206753435224 0.007789136101501845
1.578869894931614 4.168257066832501 0.006638488185190717
1.578869894931614 4.5675020728443965 0.005627087795482372
1.578869894931614 4.9792609785452555 0.004780331757244724
1.578869894931614 5.406654247970126 0.004115924886498954
1.578869894931614 5.854095056030399 0.0036642294797996065
1.578869894931614 6.328255351220081 0.0034602973296720633
1.578869894931614 6.840237305249354 0.0035655469270726887
1.578869894931614 7.411582531485466 0.004078901711833778
1.578869894931614 8.098761139250847 0.005280575305014807
1.9347914722822956 -8.09876113925085 0.005449120041807732
1.9347914722822956 -7.411582531485468 0.004190900963494305
1.9347914722822956 -6.840237305249354 0.0036191308302400485
1.9347914722822956 -6.3282553512200845 0.0034536043734260976
1.9347914722822956 -5.8540950560304035 0.003593027355397836
1.9347914722822956 -5.406654247970128 0.003975199654366854
1.9347914722822956 -4.979260978545257 0.004563102553599431
1.9347914722822956 -4.567502072844396 0.005325708698034857
1.9347914722822956 -4.168257066832499 0.006242376694395731
1.9347914722822956 -3.7792067534352225 0.007288162647607993
1.9347914722822956 -3.3985582658596285 0.008449642473941088
1.9347914722822956 -3.0248798839012845 0.009692693820343367
1.9347914722822956 -2.6569959984428952 0.011019365962534642
1.9347914722822956 -2.2939171418750837 0.01234919717403196
1.9347914722822956 -1.9347914722822965 0.013776125465450395
1.9347914722822956 -1.578869894931614 0.015025054732873473
1.9347914722822956 -1.225480109046289 0.016711571755288392
1.9347914722822956 -0.8740066123570872 0.017547365042777194
1.9347914722822956 -0.5238747138322762 0.019141283943780698
1.9347914722822956 -0.17453721459758154 0.018551060205387996
1.9347914722822956 0.17453721459758323 0.018551060205423266
1.9347914722822956 0.5238747138322778 0.019141283943764395
1.9347914722822956 0.8740066123570885 0.017547365042707784
1.9347914722822956 1.2254801090462892 0.01671157175524164
1.9347914722822956 1.578869894931614 0.015025054732867272
1.9347914722822956 1.9347914722822956 0.013776125465450371
1.9347914722822956 2.2939171418750837 0.012349197174036089
1.9347914722822956 2.656995998442896 0.011019365962538961
1.9347914722822956 3.024879883901285 0.009692693820348394
1.9347914722822956 3.398558265859627 0.008449642473946447
1.9347914722822956 3.779206753435224 0.0072881626476137195
1.9347914722822956 4.168257066832501 0.006242376694401461
1.9347914722822956 4.5675020728443965 0.0053257086980401935
1.9347914722822956 4.9792609785452555 0.0045631025536059374
1.9347914722822956 5.406654247970126 0.003975199654387246
1.9347914722822956 5.854095056030399 0.003593027355372197
1.9347914722822956 6.328255351220081 0.003453604370745774
1.9347914722822956 6.840237305249354 0.003619130811151044
1.9347914722822956 7.411582531485466 0.004190900696999054
1.9347914722822956 8.098761139250847 0.005449118616323118
2.2939171418750837 -8.09876113925085 0.005662904082596974
2.2939171418750837 -7.411582531485468 0.004337906130007101
2.2939171418750837 -6.840237305249354 0.0036978414844887333
2.2939171418750837 -6.3282553512200845 0.0034622400789679616
2.2939171418750837 -5.8540950560304035 0.003527241470256196
2.2939171418750837 -5.406654247970128 0.003829760052469465
2.2939171418750837 -4.979260978545257 0.004330886748116732
2.2939171418750837 -4.567502072844396 0.00499887534185343
2.2939171418750837 -4.168257066832499 0.005810620069226839
2.2939171418750837 -3.7792067534352225 0.006741199300244041
2.2939171418750837 -3.3985582658596285 0.007772258437442561
2.2939171418750837 -3.0248798839012845 0.008873984483446489
2.2939171418750837 -2.6569959984428952 0.010030999350551323
2.2939171418750837 -2.2939171418750837 0.01118975776793365
2.2939171418750837 -1.9347914722822965 0.012349197174033348
2.2939171418750837 -1.578869894931614 0.013383030345902472
2.2939171418750837 -1.225480109046289 0.01434818618929926
2.2939171418750837 -0.8740066123570872 0.014998828679908163
2.2939171418750837 -0.5238747138322762 0.015518461930868602
2.2939171418750837 -0.17453721459758154 0.015705733340458966
2.2939171418750837 0.17453721459758323 0.015705733340453668
2.2939171418750837 0.5238747138322778 0.015518461930862282
2.2939171418750837 0.8740066123570885 0.01499882867990425
2.2939171418750837 1.2254801090462892 0.01434818618928953
2.2939171418750837 1.578869894931614 0.013383030345901973
2.2939171418750837 1.9347914722822956 0.012349197174036097
2.2939171418750837 2.2939171418750837 0.01118975776793735
2.2939171418750837 2.656995998442896 0.010030999350555979
2.2939171418750837 3.024879883901285 0.008873984483451424
2.2939171418750837 3.398558265859627 0.007772258437447822
2.2939171418750837 3.779206753435224 0.006741199300249549
2.2939171418750837 4.168257066832501 0.005810620069232302
2.2939171418750837 4.5675020728443965 0.0049988753418585465
2.2939171418750837 4.9792609785452555 0.004330886748123041
2.2939171418750837 5.406654247970126 0.003829760052489656
2.2939171418750837 5.854095056030399 0.003527241470230539
2.2939171418750837 6.328255351220081 0.003462240076297517
2.2939171418750837 6.840237305249354 0.0036978414654741916
2.2939171418750837 7.411582531485466 0.004337905864634042
2.2939171418750837 8.098761139250847 0.005662902664032666
2.656995998442896 -8.09876113925085 0.005928317863800448
2.656995998442896 -7.411582531485468 0.004526837282767688
2.656995998442896 -6.840237305249354 0.0038094286195824523
2.656995998442896 -6.3282553512200845 0.003494972789436186
2.656995998442896 -5.8540950560304035 0.0034769315261206322
2.656995998442896 -5.406654247970128 0.0036912606080881445
2.656995998442896 -4.979260978545257 0.004097339975566403
2.656995998442896 -4.567502072844396 0.004662734975911241
2.656995998442896 -4.168257066832499 0.0053624874667136755
2.656995998442896 -3.7792067534352225 0.0061716460076933445
2.656995998442896 -3.3985582658596285 0.00706915512458212
2.656995998442896 -3.0248798839012845 0.008028215758192903
2.656995998442896 -2.6569959984428952 0.00902771860099297
2.656995998442896 -2.2939171418750837 0.010030999350552188
2.656995998442896 -1.9347914722822965 0.011019365962536753
2.656995998442896 -1.578869894931614 0.011935811394478444
2.656995998442896 -1.225480109046289 0.012775759162722045
2.656995998442896 -0.8740066123570872 0.013449818600835555
2.656995998442896 -0.5238747138322762 0.013968256439060004
2.656995998442896 -0.17453721459758154 0.014227088850725985
2.656995998442896 0.17453721459758323 0.014227088850726499
2.656995998442896 0.5238747138322778 0.013968256439054083
2.656995998442896 0.8740066123570885 0.013449818600833257
2.656995998442896 1.2254801090462892 0.012775759162723258
2.656995998442896 1.578869894931614 0.011935811394478774
2.656995998442896 1.9347914722822956 0.011019365962539857
2.656995998442896 2.2939171418750837 0.01003099935055625
2.656995998442896 2.656995998442896 0.009027718600997832
2.656995998442896 3.024879883901285 0.008028215758197841
2.656995998442896 3.398558265859627 0.007069155124587221
2.656995998442896 3.779206753435224 0.006171646007698627
2.656995998442896 4.168257066832501 0.005362487466718916
2.656995998442896 4.5675020728443965 0.0046627349759161395
2.656995998442896 4.9792609785452555 0.004097339975572502
2.656995998442896 5.406654247970126 0.0036912606081080965
2.656995998442896 5.854095056030399 0.0034769315260949575
2.656995998442896 6.328255351220081 0.003494972786777569
2.656995998442896 6.840237305249354 0.0038094286006571795
2.656995998442896 7.411582531485466 0.004526837018741023
2.656995998442896 8.098761139250847 0.005928316453535059
3.024879883901285 -8.09876113925085 0.006252987775867301
3.024879883901285 -7.411582531485468 0.004765895045916506
3.024879883901285 -6.840237305249354 0.003962951400787831
3.024879883901285 -6.3282553512200845 0.0035619014804347568
3.024879883901285 -5.8540950560304035 0.0034534802362451767
3.024879883901285 -5.406654247970128 0.003572639021515173
3.024879883901285 -4.979260978545257 0.0038772750084091136
3.024879883901285 -4.567502072844396 0.004334342531984558
3.024879883901285 -4.168257066832499 0.004917585351377942
3.024879883901285 -3.7792067534352225 0.005602006248763436
3.024879883901285 -3.3985582658596285 0.006365131102523312
3.024879883901285 -3.0248798839012845 0.007181720877517764
3.024879883901285 -2.6569959984428952 0.008028215758193563
3.024879883901285 -2.2939171418750837 0.00887398448344798
3.024879883901285 -1.9347914722822965 0.009692693820346142
3.024879883901285 -1.578869894931614 0.010444972532823848
3.024879883901285 -1.225480109046289 0.011104637442182763
3.024879883901285 -0.8740066123570872 0.011627870143275008
3.024879883901285 -0.5238747138322762 0.01199780776110548
3.024879883901285 -0.17453721459758154 0.012184744671040127
3.024879883901285 0.17453721459758323 0.012184744671040295
3.024879883901285 0.5238747138322778 0.01199780776110389
3.024879883901285 0.8740066123570885 0.011627870143274311
3.024879883901285 1.2254801090462892 0.01110463744218341
3.024879883901285 1.578869894931614 0.010444972532825685
3.024879883901285 1.9347914722822956 0.009692693820349207
3.024879883901285 2.2939171418750837 0.00887398448345191
3.024879883901285 2.656995998442896 0.008028215758198003
3.024879883901285 3.024879883901285 0.007181720877522462
3.024879883901285 3.398558265859627 0.006365131102528178
3.024879883901285 3.779206753435224 0.005602006248768471
3.024879883901285 4.168257066832501 0.004917585351382959
3.024879883901285 4.5675020728443965 0.0043343425319892345
3.024879883901285 4.9792609785452555 0.003877275008415012
3.024879883901285 5.406654247970126 0.003572639021534865
3.024879883901285 5.854095056030399 0.0034534802362194967
3.024879883901285 6.328255351220081 0.003561901477790133
3.024879883901285 6.840237305249354 0.003962951381968238
3.024879883901285 7.411582531485466 0.004765894783484904
3.024879883901285 8.098761139250847 0.0062529863754252095
3.398558265859627 -8.09876113925085 0.006645955415581811
3.398558265859627 -7.411582531485468 0.005064717908953803
3.398558265859627 -6.840237305249354 0.004168900193066023
3.398558265859627 -6.3282553512200845 0.003674534101019518
3.398558265859627 -5.8540950560304035 0.003469620347480275
3.398558265859627 -5.406654247970128 0.003488085201686668
3.398558265859627 -4.979260978545257 0.0036865897171901446
3.398558265859627 -4.567502072844396 0.004031605869422325
3.398558265859627 -4.168257066832499 0.004496094214140842
3.398558265859627 -3.7792067534352225 0.005055195730319559
3.398558265859627 -3.3985582658596285 0.005686115021100536
3.398558265859627 -3.0248798839012845 0.00636513110252396
3.398558265859627 -2.6569959984428952 0.007069155124583461
3.398558265859627 -2.2939171418750837 0.0077722584374447295
3.398558265859627 -1.9347914722822965 0.008449642473944217
3.398558265859627 -1.578869894931614 0.009072492529860482
3.398558265859627 -1.225480109046289 0.009615783405261853
3.398558265859627 -0.8740066123570872 0.010050840008211912
3.398558265859627 -0.5238747138322762 0.010357031987622915
3.398558265859627 -0.17453721459758154 0.010514404405811728
3.398558265859627 0.17453721459758323 0.010514404405811835
3.398558265859627 0.5238747138322778 0.010357031987623172
3.398558265859627 0.8740066123570885 0.01005084000821277
3.398558265859627 1.2254801090462892 0.009615783405263173
3.398558265859627 1.578869894931614 0.009072492529862726
3.398558265859627 1.9347914722822956 0.00844964247394716
3.398558265859627 2.2939171418750837 0.007772258437448229
3.398558265859627 2.656995998442896 0.0070691551245874425
3.398558265859627 3.024879883901285 0.006365131102528255
3.398558265859627 3.398558265859627 0.005686115021105057
3.398558265859627 3.779206753435224 0.005055195730324322
3.398558265859627 4.168257066832501 0.004496094214145608
3.398558265859627 4.5675020728443965 0.004031605869426772
3.398558265859627 4.9792609785452555 0.0036865897171958297
3.398558265859627 5.406654247970126 0.0034880852017060873
3.398558265859627 5.854095056030399 0.003469620347454613
3.398558265859627 6.328255351220081 0.0036745340983913646
3.398558265859627 6.840237305249354 0.004168900174370783
3.398558265859627 7.411582531485466 0.005064717648399487
3.398558265859627 8.098761139250847 0.006645954026686523
3.779206753435224 -8.09876113925085 0.007117959851044869
3.779206753435224 -7.411582531485468 0.005434639480119765
3.779206753435224 -6.840237305249354 0.004439418609668366
3.779206753435224 -6.3282553512200845 0.003845967629620867
3.779206753435224 -5.8540950560304035 0.0035395657430316247
3.779206753435224 -5.406654247970128 0.0034531085172006776
3.779206753435224 -4.979260978545257 0.003542250344536934
3.779206753435224 -4.567502072844396 0.0037731154089446104
3.779206753435224 -4.168257066832499 0.004118272790719295
3.779206753435224 -3.7792067534352225 0.0045531498613350565
3.779206753435224 -3.3985582658596285 0.005055195730320229
3.779206753435224 -3.0248798839012845 0.005602006248764731
3.779206753435224 -2.6569959984428952 0.0061716460076953064
3.779206753435224 -2.2939171418750837 0.006741199300246777
3.779206753435224 -1.9347914722822965 0.007288162647611615
3.779206753435224 -1.578869894931614 0.007789136101500487
3.779206753435224 -1.225480109046289 0.008222585756159318
3.779206753435224 -0.8740066123570872 0.008567725692673408
3.779206753435224 -0.5238747138322762 0.008808277028130267
3.779206753435224 -0.17453721459758154 0.008931612898026214
3.779206753435224 0.17453721459758323 0.008931612898026572
3.779206753435224 0.5238747138322778 0.008808277028131131
3.779206753435224 0.8740066123570885 0.008567725692674593
3.779206753435224 1.2254801090462892 0.008222585756161077
3.779206753435224 1.578869894931614 0.007789136101502792
3.779206753435224 1.9347914722822956 0.0072881626476144065
3.779206753435224 2.2939171418750837 0.006741199300250037
3.779206753435224 2.656995998442896 0.0061716460076989485
3.779206753435224 3.024879883901285 0.005602006248768666
3.779206753435224 3.398558265859627 0.005055195730324407
3.779206753435224 3.779206753435224 0.004553149861339508
3.779206753435224 4.168257066832501 0.004118272790723794
3.779206753435224 4.5675020728443965 0.0037731154089488245
3.779206753435224 4.9792609785452555 0.0035422503445423957
3.779206753435224 5.406654247970126 0.0034531085172197985
3.779206753435224 5.854095056030399 0.003539565743006
3.779206753435224 6.328255351220081 0.0038459676270120625
3.779206753435224 6.840237305249354 0.004439418591119244
3.779206753435224 7.411582531485466 0.005434639221770869
3.779206753435224 8.098761139250847 0.007117958475690946
4.168257066832501 -8.09876113925085 0.007681876499275364
4.168257066832501 -7.411582531485468 0.005889097486700486
4.168257066832501 -6.840237305249354 0.004788678470415707
4.168257066832501 -6.3282553512200845 0.004091227332554405
4.168257066832501 -5.8540950560304035 0.003679318593470001
4.168257066832501 -5.406654247970128 0.0034848205937804324
4.168257066832501 -4.979260978545257 0.0034625825616186557
4.168257066832501 -4.567502072844396 0.0035785182500564098
4.168257066832501 -4.168257066832499 0.0038051175110809412
4.168257066832501 -3.7792067534352225 0.004118272790719716
4.168257066832501 -3.3985582658596285 0.004496094214141923
4.168257066832501 -3.0248798839012845 0.004917585351379636
4.168257066832501 -2.6569959984428952 0.005362487466715999
4.168257066832501 -2.2939171418750837 0.005810620069229857
4.168257066832501 -1.9347914722822965 0.00624237669439952
4.168257066832501 -1.578869894931614 0.0066384881851893575
4.168257066832501 -1.225480109046289 0.006981123113596649
4.168257066832501 -0.8740066123570872 0.007254036546089493
4.168257066832501 -0.5238747138322762 0.007444069908832373
4.168257066832501 -0.17453721459758154 0.007541563620990578
4.168257066832501 0.17453721459758323 0.007541563620990878
4.168257066832501 0.5238747138322778 0.007444069908833241
4.168257066832501 0.8740066123570885 0.007254036546090831
4.168257066832501 1.2254801090462892 0.006981123113598417
4.168257066832501 1.578869894931614 0.006638488185191567
4.168257066832501 1.9347914722822956 0.006242376694402128
4.168257066832501 2.2939171418750837 0.005810620069232849
4.168257066832501 2.656995998442896 0.005362487466719317
4.168257066832501 3.024879883901285 0.00491758535138324
4.168257066832501 3.398558265859627 0.004496094214145781
4.168257066832501 3.779206753435224 0.004118272790723877
4.168257066832501 4.168257066832501 0.003805117511085167
4.168257066832501 4.5675020728443965 0.0035785182500603784
4.168257066832501 4.9792609785452555 0.0034625825616238786
4.168257066832501 5.406654247970126 0.003484820593799217
4.168257066832501 5.854095056030399 0.003679318593444427
4.168257066832501 6.328255351220081 0.004091227329968407
4.168257066832501 6.840237305249354 0.004788678452038735
4.168257066832501 7.411582531485466 0.005889097230948298
4.168257066832501 8.098761139250847 0.00768187513982912
4.5675020728443965 -8.09876113925085 0.00835340074780516
4.5675020728443965 -7.411582531485468 0.006444279826791101
4.5675020728443965 -6.840237305249354 0.005233488724706395
4.5675020728443965 -6.3282553512200845 0.00442783770840233
4.5675020728443965 -5.8540950560304035 0.003907203178209908
4.5675020728443965 -5.406654247970128 0.003602427604697371
4.5675020728443965 -4.979260978545257 0.003467712654939368
4.5675020728443965 -4.567502072844396 0.0034688708521075674
4.5675020728443965 -4.168257066832499 0.0035785182500564874
4.5675020728443965 -3.7792067534352225 0.0037731154089450957
4.5675020728443965 -3.3985582658596285 0.004031605869423444
4.5675020728443965 -3.0248798839012845 0.004334342531986254
4.5675020728443965 -2.6569959984428952 0.004662734975913539
4.5675020728443965 -2.2939171418750837 0.004998875341856376
4.5675020728443965 -1.9347914722822965 0.00532570869803848
4.5675020728443965 -1.578869894931614 0.005627087795481159
4.5675020728443965 -1.225480109046289 0.005888327789374261
4.5675020728443965 -0.8740066123570872 0.006096566935351011
4.5675020728443965 -0.5238747138322762 0.006241506450753425
4.5675020728443965 -0.17453721459758154 0.006315850174351875
4.5675020728443965 0.17453721459758323 0.006315850174352129
4.5675020728443965 0.5238747138322778 0.006241506450754232
4.5675020728443965 0.8740066123570885 0.0060965669353522794
4.5675020728443965 1.2254801090462892 0.005888327789375926
4.5675020728443965 1.578869894931614 0.005627087795483211
4.5675020728443965 1.9347914722822956 0.005325708698040882
4.5675020728443965 2.2939171418750837 0.004998875341859121
4.5675020728443965 2.656995998442896 0.004662734975916606
4.5675020728443965 3.024879883901285 0.004334342531989595
4.5675020728443965 3.398558265859627 0.004031605869427034
4.5675020728443965 3.779206753435224 0.0037731154089489915
4.5675020728443965 4.168257066832501 0.0035785182500604577
4.5675020728443965 4.5675020728443965 0.0034688708521112867
4.5675020728443965 4.9792609785452555 0.00346771265494434
4.5675020728443965 5.406654247970126 0.0036024276047157884
4.5675020728443965 5.854095056030399 0.0039072031781844235
4.5675020728443965 6.328255351220081 0.004427837705843403
4.5675020728443965 6.840237305249354 0.005233488706533571
4.5675020728443965 7.411582531485466 0.006444279574115243
4.5675020728443965 8.098761139250847 0.008353399407150734
4.9792609785452555 -8.09876113925085 0.009152137203021488
4.9792609785452555 -7.411582531485468 0.007120165529812069
4.9792609785452555 -6.840237305249354 0.00579429521838553
4.9792609785452555 -6.3282553512200845 0.004876786568486831
4.9792609785452555 -5.8540950560304035 0.004244805869786663
4.9792609785452555 -5.406654247970128 0.0038281646999561436
4.9792609785452555 -4.979260978545257 0.0035805344353055063
4.9792609785452555 -4.567502072844396 0.003467712654940928
4.9792609785452555 -4.168257066832499 0.003462582561620304
4.9792609785452555 -3.7792067534352225 0.0035422503445389866
4.9792609785452555 -3.3985582658596285 0.003686589717192806
4.9792609785452555 -3.0248798839012845 0.0038772750084123224
4.9792609785452555 -2.6569959984428952 0.004097339975570186
4.9792609785452555 -2.2939171418750837 0.004330886748121123
4.9792609785452555 -1.9347914722822965 0.004563102553604443
4.9792609785452555 -1.578869894931614 0.0047803317572437
4.9792609785452555 -1.225480109046289 0.004970370639526417
4.9792609785452555 -0.8740066123570872 0.005122759971082411
4.9792609785452555 -0.5238747138322762 0.005229205244212763
4.9792609785452555 -0.17453721459758154 0.005283914102085472
4.9792609785452555 0.17453721459758323 0.005283914102085699
4.9792609785452555 0.5238747138322778 0.005229205244213461
4.9792609785452555 0.8740066123570885 0.005122759971083533
4.9792609785452555 1.2254801090462892 0.004970370639527935
4.9792609785452555 1.578869894931614 0.004780331757245565
4.9792609785452555 1.9347914722822956 0.00456310255360665
4.9792609785452555 2.2939171418750837 0.0043308867481236515
4.9792609785452555 2.656995998442896 0.00409733997557303
4.9792609785452555 3.024879883901285 0.0038772750084154423
4.9792609785452555 3.398558265859627 0.0036865897171961706
4.9792609785452555 3.779206753435224 0.0035422503445426403
4.9792609785452555 4.168257066832501 0.0034625825616240303
4.9792609785452555 4.5675020728443965 0.0034677126549444116
4.9792609785452555 4.9792609785452555 0.003580534435310236
4.9792609785452555 5.406654247970126 0.003828164699974159
4.9792609785452555 5.854095056030399 0.00424480586976132
4.9792609785452555 6.328255351220081 0.00487678656596041
4.9792609785452555 6.840237305249354 0.005794295200457503
4.9792609785452555 7.411582531485466 0.0071201652808192085
4.9792609785452555 8.098761139250847 0.00915213588478413
5.406654247970126 -8.09876113925085 0.010103405670462074
5.406654247970126 -7.411582531485468 0.007942260708841445
5.406654247970126 -6.840237305249354 0.006496857229728515
5.406654247970126 -6.3282553512200845 0.0054641465092137315
5.406654247970126 -5.8540950560304035 0.004718545433675719
5.406654247970126 -5.406654247970128 0.004188814038164078
5.406654247970126 -4.979260978545257 0.003828164699969734
5.406654247970126 -4.567502072844396 0.003602427604712662
5.406654247970126 -4.168257066832499 0.0034848205937959413
5.406654247970126 -3.7792067534352225 0.0034531085172166773
5.406654247970126 -3.3985582658596285 0.003488085201703349
5.406654247970126 -3.0248798839012845 0.00357263902153244
5.406654247970126 -2.6569959984428952 0.0036912606081060243
5.406654247970126 -2.2939171418750837 0.0038297600524879703
5.406654247970126 -1.9347914722822965 0.003975199654385973
5.406654247970126 -1.578869894931614 0.004115924886498117
5.406654247970126 -1.225480109046289 0.004241720231865725
5.406654247970126 -0.8740066123570872 0.004344001575694911
5.406654247970126 -0.5238747138322762 0.004416058125126954
5.406654247970126 -0.17453721459758154 0.0044532656347241574
5.406654247970126 0.17453721459758323 0.004453265634724365
5.406654247970126 0.5238747138322778 0.004416058125127564
5.406654247970126 0.8740066123570885 0.0043440015756959095
5.406654247970126 1.2254801090462892 0.004241720231867091
5.406654247970126 1.578869894931614 0.0041159248864998214
5.406654247970126 1.9347914722822956 0.003975199654388006
5.406654247970126 2.2939171418750837 0.0038297600524903113
5.406654247970126 2.656995998442896 0.003691260608108668
5.406654247970126 3.024879883901285 0.003572639021535356
5.406654247970126 3.398558265859627 0.0034880852017064932
5.406654247970126 3.779206753435224 0.0034531085172201112
5.406654247970126 4.168257066832501 0.003484820593799437
5.406654247970126 4.5675020728443965 0.0036024276047159306
5.406654247970126 4.9792609785452555 0.003828164699974234
5.406654247970126 5.406654247970126 0.004188814038181676
5.406654247970126 5.854095056030399 0.004718545433650617
5.406654247970126 6.328255351220081 0.005464146506727066
5.406654247970126 6.840237305249354 0.0064968572120989295
5.406654247970126 7.411582531485466 0.007942260464328317
5.406654247970126 8.098761139250847 0.010103404379369761
5.854095056030399 -8.09876113925085 0.011241425998945244
5.854095056030399 -7.411582531485468 0.008944675297380831
5.854095056030399 -6.840237305249354 0.007375236319493716
5.854095056030399 -6.3282553512200845 0.006223991075724484
5.854095056030399 -5.8540950560304035 0.005362536885910326
5.854095056030399 -5.406654247970128 0.00471854543363356
5.854095056030399 -4.979260978545257 0.004244805869757195
5.854095056030399 -4.567502072844396 0.003907203178181574
5.854095056030399 -4.168257066832499 0.0036793185934414314
5.854095056030399 -3.7792067534352225 0.003539565743003154
5.854095056030399 -3.3985582658596285 0.003469620347452134
5.854095056030399 -3.0248798839012845 0.0034534802362173205
5.854095056030399 -2.6569959984428952 0.0034769315260931143
5.854095056030399 -2.2939171418750837 0.0035272414702290644
5.854095056030399 -1.9347914722822965 0.0035930273553711136
5.854095056030399 -1.578869894931614 0.003664229479798929
5.854095056030399 -1.225480109046289 0.0037321730911165996
5.854095056030399 -0.8740066123570872 0.0037896749371147233
5.854095056030399 -0.5238747138322762 0.0038311808269890905
5.854095056030399 -0.17453721459758154 0.0038528968122505717
5.854095056030399 0.17453721459758323 0.0038528968122507534
5.854095056030399 0.5238747138322778 0.00383118082698964
5.854095056030399 0.8740066123570885 0.0037896749371156327
5.854095056030399 1.2254801090462892 0.0037321730911178477
5.854095056030399 1.578869894931614 0.0036642294798005025
5.854095056030399 1.9347914722822956 0.0035930273553729927
5.854095056030399 2.2939171418750837 0.003527241470231245
5.854095056030399 2.656995998442896 0.003476931526095578
5.854095056030399 3.024879883901285 0.0034534802362200423
5.854095056030399 3.398558265859627 0.0034696203474550774
5.854095056030399 3.779206753435224 0.003539565743006366
5.854095056030399 4.168257066832501 0.0036793185934447083
5.854095056030399 4.5675020728443965 0.003907203178184629
5.854095056030399 4.9792609785452555 0.004244805869761463
5.854095056030399 5.406654247970126 0.004718545433650696
5.854095056030399 5.854095056030399 0.005362536885885605
5.854095056030399 6.328255351220081 0.006223991073287623
5.854095056030399 6.840237305249354 0.007375236302236786
5.854095056030399 7.411582531485466 0.008944675058445185
5.854095056030399 8.098761139250847 0.011241424741458773
6.328255351220081 -8.09876113925085 0.012615435351986459
6.328255351220081 -7.411582531485468 0.010176036244757266
6.328255351220081 -6.840237305249354 0.008477529589819474
6.328255351220081 -6.3282553512200845 0.007203958968936173
6.328255351220081 -5.8540950560304035 0.006223991073311864
6.328255351220081 -5.406654247970128 0.005464146506710619
6.328255351220081 -4.979260978545257 0.004876786565956589
6.328255351220081 -4.567502072844396 0.004427837705840823
6.328255351220081 -4.168257066832499 0.004091227329965678
6.328255351220081 -3.7792067534352225 0.003845967627009474
6.328255351220081 -3.3985582658596285 0.0036745340983891307
6.328255351220081 -3.0248798839012845 0.0035619014777881946
6.328255351220081 -2.6569959984428952 0.0034949727867759463
6.328255351220081 -2.2939171418750837 0.0034622400762962455
6.328255351220081 -1.9347914722822965 0.003453604370744866
6.328255351220081 -1.578869894931614 0.003460297329671526
6.328255351220081 -1.225480109046289 0.003474876797240249
6.328255351220081 -0.8740066123570872 0.003491266186231923
6.328255351220081 -0.5238747138322762 0.0035048196633516364
6.328255351220081 -0.17453721459758154 0.0035123909676978656
6.328255351220081 0.17453721459758323 0.0035123909676980395
6.328255351220081 0.5238747138322778 0.0035048196633521516
6.328255351220081 0.8740066123570885 0.0034912661862327664
6.328255351220081 1.2254801090462892 0.0034748767972413996
6.328255351220081 1.578869894931614 0.003460297329672971
6.328255351220081 1.9347914722822956 0.0034536043707466034
6.328255351220081 2.2939171418750837 0.003462240076298256
6.328255351220081 2.656995998442896 0.0034949727867782288
6.328255351220081 3.024879883901285 0.0035619014777907186
6.328255351220081 3.398558265859627 0.0036745340983918664
6.328255351220081 3.779206753435224 0.0038459676270124763
6.328255351220081 4.168257066832501 0.004091227329968735
6.328255351220081 4.5675020728443965 0.004427837705843657
6.328255351220081 4.9792609785452555 0.004876786565960621
6.328255351220081 5.406654247970126 0.005464146506727194
6.328255351220081 5.854095056030399 0.006223991073287646
6.328255351220081 6.328255351220081 0.0072039589665638965
6.328255351220081 6.840237305249354 0.008477529573044746
6.328255351220081 7.411582531485466 0.010176036013012217
6.328255351220081 8.098761139250847 0.012615434137509882
6.840237305249354 -8.09876113925085 0.014303044829491846
6.840237305249354 -7.411582531485468 0.011712428663512776
6.840237305249354 -6.840237305249354 0.0098784534211831
6.840237305249354 -6.3282553512200845 0.008477529575328265
6.840237305249354 -5.8540950560304035 0.007375236302260288
6.840237305249354 -5.406654247970128 0.006496857212083179
6.840237305249354 -4.979260978545257 0.00579429520045396
6.840237305249354 -4.567502072844396 0.0052334887065312394
6.840237305249354 -4.168257066832499 0.004788678452036274
6.840237305249354 -3.7792067534352225 0.004439418591116938
6.840237305249354 -3.3985582658596285 0.00416890017436882
6.840237305249354 -3.0248798839012845 0.0039629513819665506
6.840237305249354 -2.6569959984428952 0.0038094286006557965
6.840237305249354 -2.2939171418750837 0.0036978414654731282
6.840237305249354 -1.9347914722822965 0.0036191308111503074
6.840237305249354 -1.578869894931614 0.0035655469270722776
6.840237305249354 -1.225480109046289 0.0035305972129990137
6.840237305249354 -0.8740066123570872 0.003509038639841008
6.840237305249354 -0.5238747138322762 0.003496897425342632
6.840237305249354 -0.17453721459758154 0.0034914995566271458
6.840237305249354 0.17453721459758323 0.003491499556627304
6.840237305249354 0.5238747138322778 0.0034968974253431033
6.840237305249354 0.8740066123570885 0.0035090386398417676
6.840237305249354 1.2254801090462892 0.003530597213000057
6.840237305249354 1.578869894931614 0.003565546927073592
6.840237305249354 1.9347914722822956 0.003619130811151889
6.840237305249354 2.2939171418750837 0.0036978414654749666
6.840237305249354 2.656995998442896 0.003809428600657873
6.840237305249354 3.024879883901285 0.003962951381968851
6.840237305249354 3.398558265859627 0.004168900174371318
6.840237305249354 3.779206753435224 0.004439418591119691
6.840237305249354 4.168257066832501 0.004788678452039079
6.840237305249354 4.5675020728443965 0.005233488706533837
6.840237305249354 4.9792609785452555 0.005794295200457689
6.840237305249354 5.406654247970126 0.0064968572120989885
6.840237305249354 5.854095056030399 0.007375236302236743
6.840237305249354 6.328255351220081 0.008477529573044786
6.840237305249354 6.840237305249354 0.009878453405068684
6.840237305249354 7.411582531485466 0.011712428441563541
6.840237305249354 8.098761139250847 0.014303043673041244
7.411582531485466 -8.09876113925085 0.01644563019016662
7.411582531485466 -7.411582531485468 0.013691594766907641
7.411582531485466 -6.840237305249354 0.011712428456679313
7.411582531485466 -6.3282553512200845 0.010176036015160901
7.411582531485466 -5.8540950560304035 0.008944675058467503
7.411582531485466 -5.406654247970128 0.007942260464313464
7.411582531485466 -4.979260978545257 0.0071201652808159065
7.411582531485466 -4.567502072844396 0.006444279574113131
7.411582531485466 -4.168257066832499 0.005889097230946081
7.411582531485466 -3.7792067534352225 0.005434639221768865
7.411582531485466 -3.3985582658596285 0.005064717648397822
7.411582531485466 -3.0248798839012845 0.004765894783483519
7.411582531485466 -2.6569959984428952 0.004526837018739912
7.411582531485466 -2.2939171418750837 0.004337905864633209
7.411582531485466 -1.9347914722822965 0.004190900696998502
7.411582531485466 -1.578869894931614 0.004078901711833497
7.411582531485466 -1.225480109046289 0.003996181341152735
7.411582531485466 -0.8740066123570872 0.003938161639539282
7.411582531485466 -0.5238747138322762 0.0039014011867514312
7.411582531485466 -0.17453721459758154 0.0038835980093711235
7.411582531485466 0.17453721459758323 0.00388359800937126
7.411582531485466 0.5238747138322778 0.003901401186751836
7.411582531485466 0.8740066123570885 0.003938161639539932
7.411582531485466 1.2254801090462892 0.003996181341153629
7.411582531485466 1.578869894931614 0.004078901711834642
7.411582531485466 1.9347914722822956 0.004190900696999906
7.411582531485466 2.2939171418750837 0.004337905864634856
7.411582531485466 2.656995998442896 0.004526837018741769
7.411582531485466 3.024879883901285 0.004765894783485558
7.411582531485466 3.398558265859627 0.005064717648400055
7.411582531485466 3.779206753435224 0.005434639221771339
7.411582531485466 4.168257066832501 0.005889097230948638
7.411582531485466 4.5675020728443965 0.006444279574115456
7.411582531485466 4.9792609785452555 0.007120165280819241
7.411582531485466 5.406654247970126 0.007942260464328157
7.411582531485466 5.854095056030399 0.008944675058445036
7.411582531485466 6.328255351220081 0.010176036013012741
7.411582531485466 6.840237305249354 0.011712428441564948
7.411582531485466 7.411582531485466 0.013691594559666167
7.411582531485466 8.098761139250847 0.016445629119630517
8.098761139250847 -8.09876113925085 0.01938476192412297
8.098761139250847 -7.411582531485468 0.01644562929944882
8.098761139250847 -6.840237305249354 0.014303043686271626
8.098761139250847 -6.3282553512200845 0.01261543413940078
8.098761139250847 -5.8540950560304035 0.011241424741477537
8.098761139250847 -5.406654247970128 0.01010340437935595
8.098761139250847 -4.979260978545257 0.00915213588478087
8.098761139250847 -4.567502072844396 0.008353399407148684
8.098761139250847 -4.168257066832499 0.007681875139827145
8.098761139250847 -3.7792067534352225 0.007117958475689184
8.098761139250847 -3.3985582658596285 0.006645954026685119
8.098761139250847 -3.0248798839012845 0.006252986375424122
8.098761139250847 -2.6569959984428952 0.0059283164535342495
8.098761139250847 -2.2939171418750837 0.005662902664032094
8.098761139250847 -1.9347914722822965 0.005449118616322766
8.098761139250847 -1.578869894931614 0.005280575305014676
8.098761139250847 -1.225480109046289 0.005152014944265585
8.098761139250847 -0.8740066123570872 0.005059253773405012
8.098761139250847 -0.5238747138322762 0.004999156978073164
8.098761139250847 -0.17453721459758154 0.004969632363687094
8.098761139250847 0.17453721459758323 0.004969632363687212
8.098761139250847 0.5238747138322778 0.0049991569780735035
8.098761139250847 0.8740066123570885 0.005059253773405531
8.098761139250847 1.2254801090462892 0.005152014944266292
8.098761139250847 1.578869894931614 0.005280575305015608
8.098761139250847 1.9347914722822956 0.005449118616323946
8.098761139250847 2.2939171418750837 0.005662902664033504
8.098761139250847 2.656995998442896 0.005928316453535848
8.098761139250847 3.024879883901285 0.006252986375425876
8.098761139250847 3.398558265859627 0.00664595402668705
8.098761139250847 3.779206753435224 0.007117958475691374
8.098761139250847 4.168257066832501 0.007681875139829415
8.098761139250847 4.5675020728443965 0.00835339940715081
8.098761139250847 4.9792609785452555 0.009152135884783714
8.098761139250847 5.406654247970126 0.010103404379368722
8.098761139250847 5.854095056030399 0.011241424741457085
8.098761139250847 6.328255351220081 0.012615434137509297
8.098761139250847 6.840237305249354 0.014303043673043416
8.098761139250847 7.411582531485466 0.016445629119625157
8.098761139250847 8.098761139250847 0.019384761009780677
