-8.09876113925085 -8.09876113925085 0.0019705070124543802
-8.09876113925085 -7.411582531485468 0.0016833846857523284
-8.09876113925085 -6.840237305249354 0.0014731414879125063
-8.09876113925085 -6.3282553512200845 0.0013072145313945082
-8.09876113925085 -5.8540950560304035 0.001171978037119893
-8.09876113925085 -5.406654247970128 0.0010599031827245866
-8.09876113925085 -4.979260978545257 0.000966192141368155
-8.09876113925085 -4.567502072844396 0.0008874990606589856
-8.09876113925085 -4.168257066832499 0.0008213415803031861
-8.09876113925085 -3.7792067534352225 0.0007657933926201745
-8.09876113925085 -3.3985582658596285 0.0007193094677140105
-8.09876113925085 -3.0248798839012845 0.0006806204463212437
-8.09876113925085 -2.6569959984428952 0.0006486662822524358
-8.09876113925085 -2.2939171418750837 0.000622553617852852
-8.09876113925085 -1.9347914722822965 0.000601528372860711
-8.09876113925085 -1.578869894931614 0.0005849584891194624
-8.09876113925085 -1.225480109046289 0.0005723236445449396
-8.09876113925085 -0.8740066123570872 0.0005632097264843707
-8.09876113925085 -0.5238747138322762 0.0005573064213630917
-8.09876113925085 -0.17453721459758154 0.0005544066189812688
-8.09876113925085 0.17453721459758323 0.0005544066189812887
-8.09876113925085 0.5238747138322778 0.0005573064213631479
-8.09876113925085 0.8740066123570885 0.0005632097264844628
-8.09876113925085 1.2254801090462892 0.0005723236445450673
-8.09876113925085 1.578869894931614 0.000584958489119626
-8.09876113925085 1.9347914722822956 0.0006015283728609095
-8.09876113925085 2.2939171418750837 0.0006225536178530863
-8.09876113925085 2.656995998442896 0.0006486662822527017
-8.09876113925085 3.024879883901285 0.0006806204463215386
-8.09876113925085 3.398558265859627 0.0007193094677143309
-8.09876113925085 3.779206753435224 0.0007657933926205148
-8.09876113925085 4.168257066832501 0.0008213415803035502
-8.09876113925085 4.5675020728443965 0.0008874990606593772
-8.09876113925085 4.9792609785452555 0.0009661921413686016
-8.09876113925085 5.406654247970126 0.0010599031827251248
-8.09876113925085 5.854095056030399 0.0011719780371205082
-8.09876113925085 6.328255351220081 0.0013072145313950847
-8.09876113925085 6.840237305249354 0.0014731414879133496
-8.09876113925085 7.411582531485466 0.0016833846857544957
-8.09876113925085 8.098761139250847 0.0019705070124742233
-7.411582531485468 -8.09876113925085 0.0016833846857525025
-7.411582531485468 -7.411582531485468 0.001415879575954423
-7.411582531485468 -6.840237305249354 0.0012225793702373045
-7.411582531485468 -6.3282553512200845 0.0010721768157463977
-7.411582531485468 -5.8540950560304035 0.0009515017534453564
-7.411582531485468 -5.406654247970128 0.0008532179272419123
-7.411582531485468 -4.979260978545257 0.0007726094200400724
-7.411582531485468 -4.567502072844396 0.000706353625349488
-7.411582531485468 -4.168257066832499 0.0006519573253092313
-7.411582531485468 -3.7792067534352225 0.0006074619805701887
-7.411582531485468 -3.3985582658596285 0.0005712769447891922
-7.411582531485468 -3.0248798839012845 0.0005420792360673612
-7.411582531485468 -2.6569959984428952 0.000518751264058103
-7.411582531485468 -2.2939171418750837 0.0005003413997519548
-7.411582531485468 -1.9347914722822965 0.00048603920224328854
-7.411582531485468 -1.578869894931614 0.00047516033442375564
-7.411582531485468 -1.225480109046289 0.0004671380994078853
-7.411582531485468 -0.8740066123570872 0.00046151941500752376
-7.411582531485468 -0.5238747138322762 0.000457963628427038
-7.411582531485468 -0.17453721459758154 0.00045624286032429156
-7.411582531485468 0.17453721459758323 0.0004562428603243122
-7.411582531485468 0.5238747138322778 0.0004579636284270996
-7.411582531485468 0.8740066123570885 0.0004615194150076252
-7.411582531485468 1.2254801090462892 0.00046713809940802464
-7.411582531485468 1.578869894931614 0.0004751603344239331
-7.411582531485468 1.9347914722822956 0.0004860392022435028
-7.411582531485468 2.2939171418750837 0.0005003413997522063
-7.411582531485468 2.656995998442896 0.0005187512640583897
-7.411582531485468 3.024879883901285 0.0005420792360676812
-7.411582531485468 3.398558265859627 0.0005712769447895436
-7.411582531485468 3.779206753435224 0.0006074619805705668
-7.411582531485468 4.168257066832501 0.0006519573253096362
-7.411582531485468 4.5675020728443965 0.0007063536253499194
-7.411582531485468 4.9792609785452555 0.0007726094200405334
-7.411582531485468 5.406654247970126 0.0008532179272424054
-7.411582531485468 5.854095056030399 0.0009515017534458656
-7.411582531485468 6.328255351220081 0.0010721768157469335
-7.411582531485468 6.840237305249354 0.0012225793702380586
-7.411582531485468 7.411582531485466 0.0014158795759559248
-7.411582531485468 8.098761139250847 0.0016833846857548023
-6.840237305249354 -8.09876113925085 0.0014731414879131282
-6.840237305249354 -7.411582531485468 0.0012225793702373006
-6.840237305249354 -6.840237305249354 0.0010441182917020442
-6.840237305249354 -6.3282553512200845 0.0009074745531347194
-6.840237305249354 -5.8540950560304035 0.0007998610619393951
-6.840237305249354 -5.406654247970128 0.0007141002385639319
-6.840237305249354 -4.979260978545257 0.0006455404428988486
-6.840237305249354 -4.567502072844396 0.0005908704787984625
-6.840237305249354 -4.168257066832499 0.0005475759535602383
-6.840237305249354 -3.7792067534352225 0.0005136544082324898
-6.840237305249354 -3.3985582658596285 0.0004874550137411452
-6.840237305249354 -3.0248798839012845 0.00046758276258958845
-6.840237305249354 -2.6569959984428952 0.00045284008928896954
-6.840237305249354 -2.2939171418750837 0.00044219095875549917
-6.840237305249354 -1.9347914722822965 0.00043473968961536656
-6.840237305249354 -1.578869894931614 0.00042971945027113387
-6.840237305249354 -1.225480109046289 0.00042648745040301363
-6.840237305249354 -0.8740066123570872 0.0004245244373430797
-6.840237305249354 -0.5238747138322762 0.00042343678908365786
-6.840237305249354 -0.17453721459758154 0.00042295961022250234
-6.840237305249354 0.17453721459758323 0.0004229596102225252
-6.840237305249354 0.5238747138322778 0.00042343678908372486
-6.840237305249354 0.8740066123570885 0.0004245244373431891
-6.840237305249354 1.2254801090462892 0.0004264874504031649
-6.840237305249354 1.578869894931614 0.00042971945027132577
-6.840237305249354 1.9347914722822956 0.00043473968961559766
-6.840237305249354 2.2939171418750837 0.00044219095875576924
-6.840237305249354 2.656995998442896 0.00045284008928927626
-6.840237305249354 3.024879883901285 0.0004675827625899291
-6.840237305249354 3.398558265859627 0.00048745501374151934
-6.840237305249354 3.779206753435224 0.0005136544082328925
-6.840237305249354 4.168257066832501 0.00054757595356067
-6.840237305249354 4.5675020728443965 0.000590870478798921
-6.840237305249354 4.9792609785452555 0.0006455404428993339
-6.840237305249354 5.406654247970126 0.0007141002385644465
-6.840237305249354 5.854095056030399 0.0007998610619399252
-6.840237305249354 6.328255351220081 0.0009074745531352547
-6.840237305249354 6.840237305249354 0.0010441182917026721
-6.840237305249354 7.411582531485466 0.0012225793702381647
-6.840237305249354 8.098761139250847 0.0014731414879142388
-6.3282553512200845 -8.09876113925085 0.001307214531394697
-6.3282553512200845 -7.411582531485468 0.001072176815746404
-6.3282553512200845 -6.840237305249354 0.0009074745531347162
-6.3282553512200845 -6.3282553512200845 0.0007837055698799016
-6.3282553512200845 -5.8540950560304035 0.0006884259450831488
-6.3282553512200845 -5.406654247970128 0.0006145964421378878
-6.3282553512200845 -4.979260978545257 0.0005576188035717402
-6.3282553512200845 -4.567502072844396 0.0005141850021773619
-6.3282553512200845 -4.168257066832499 0.0004817520505231534
-6.3282553512200845 -3.7792067534352225 0.0004582651076387377
-6.3282553512200845 -3.3985582658596285 0.00044200304571709716
-6.3282553512200845 -3.0248798839012845 0.00043148641398149543
-6.3282553512200845 -2.6569959984428952 0.0004254229816135912
-6.3282553512200845 -2.2939171418750837 0.0004226754767730124
-6.3282553512200845 -1.9347914722822965 0.0004222446649835569
-6.3282553512200845 -1.578869894931614 0.00042326222248162296
-6.3282553512200845 -1.225480109046289 0.00042499073777496567
-6.3282553512200845 -0.8740066123570872 0.00042682790387470047
-6.3282553512200845 -0.5238747138322762 0.0004283131511356862
-6.3282553512200845 -0.17453721459758154 0.00042913455112819594
-6.3282553512200845 0.17453721459758323 0.0004291345511282205
-6.3282553512200845 0.5238747138322778 0.00042831315113575863
-6.3282553512200845 0.8740066123570885 0.00042682790387481864
-6.3282553512200845 1.2254801090462892 0.00042499073777512873
-6.3282553512200845 1.578869894931614 0.0004232622224818295
-6.3282553512200845 1.9347914722822956 0.0004222446649838057
-6.3282553512200845 2.2939171418750837 0.0004226754767733026
-6.3282553512200845 2.656995998442896 0.0004254229816139188
-6.3282553512200845 3.024879883901285 0.000431486413981858
-6.3282553512200845 3.398558265859627 0.000442003045717494
-6.3282553512200845 3.779206753435224 0.00045826510763916393
-6.3282553512200845 4.168257066832501 0.0004817520505236097
-6.3282553512200845 4.5675020728443965 0.0005141850021778468
-6.3282553512200845 4.9792609785452555 0.0005576188035722534
-6.3282553512200845 5.406654247970126 0.0006145964421384279
-6.3282553512200845 5.854095056030399 0.0006884259450837108
-6.3282553512200845 6.328255351220081 0.0007837055698804765
-6.3282553512200845 6.840237305249354 0.0009074745531353234
-6.3282553512200845 7.411582531485466 0.0010721768157470814
-6.3282553512200845 8.098761139250847 0.0013072145313955846
-5.8540950560304035 -8.09876113925085 0.0011719780371199934
-5.8540950560304035 -7.411582531485468 0.0009515017534453834
-5.8540950560304035 -6.840237305249354 0.0007998610619394061
-5.8540950560304035 -6.3282553512200845 0.0006884259450831563
-5.8540950560304035 -5.8540950560304035 0.0006050710496339174
-5.8540950560304035 -5.406654247970128 0.0005428830473204507
-5.8540950560304035 -4.979260978545257 0.0004973120054330279
-5.8540950560304035 -4.567502072844396 0.00046504894257390225
-5.8540950560304035 -4.168257066832499 0.0004435182443789637
-5.8540950560304035 -3.7792067534352225 0.0004306065226654226
-5.8540950560304035 -3.3985582658596285 0.00042451356949167897
-5.8540950560304035 -3.0248798839012845 0.0004236628816910489
-5.8540950560304035 -2.6569959984428952 0.000426651012698915
-5.8540950560304035 -2.2939171418750837 0.0004322185868322359
-5.8540950560304035 -1.9347914722822965 0.00043923832265869354
-5.8540950560304035 -1.578869894931614 0.00044671307114203346
-5.8540950560304035 -1.225480109046289 0.0004537824753354095
-5.8540950560304035 -0.8740066123570872 0.0004597338762597427
-5.8540950560304035 -0.5238747138322762 0.00046401616090391024
-5.8540950560304035 -0.17453721459758154 0.00046625286275009593
-5.8540950560304035 0.17453721459758323 0.0004662528627501224
-5.8540950560304035 0.5238747138322778 0.0004640161609039886
-5.8540950560304035 0.8740066123570885 0.00045973387625987053
-5.8540950560304035 1.2254801090462892 0.00045378247533558525
-5.8540950560304035 1.578869894931614 0.0004467130711422555
-5.8540950560304035 1.9347914722822956 0.00043923832265896075
-5.8540950560304035 2.2939171418750837 0.0004322185868325466
-5.8540950560304035 2.656995998442896 0.00042665101269926515
-5.8540950560304035 3.024879883901285 0.0004236628816914354
-5.8540950560304035 3.398558265859627 0.00042451356949209953
-5.8540950560304035 3.779206753435224 0.00043060652266587314
-5.8540950560304035 4.168257066832501 0.0004435182443794449
-5.8540950560304035 4.5675020728443965 0.00046504894257441226
-5.8540950560304035 4.9792609785452555 0.0004973120054335665
-5.8540950560304035 5.406654247970126 0.000542883047321017
-5.8540950560304035 5.854095056030399 0.0006050710496345043
-5.8540950560304035 6.328255351220081 0.0006884259450837618
-5.8540950560304035 6.840237305249354 0.0007998610619400309
-5.8540950560304035 7.411582531485466 0.0009515017534460392
-5.8540950560304035 8.098761139250847 0.001171978037120736
-5.406654247970128 -8.09876113925085 0.0010599031827246785
-5.406654247970128 -7.411582531485468 0.0008532179272419472
-5.406654247970128 -6.840237305249354 0.0007141002385639519
-5.406654247970128 -6.3282553512200845 0.0006145964421379028
-5.406654247970128 -5.8540950560304035 0.0005428830473204606
-5.406654247970128 -5.406654247970128 0.0004921639621042527
-5.406654247970128 -4.979260978545257 0.00045793586989812584
-5.406654247970128 -4.567502072844396 0.00043688677470902067
-5.406654247970128 -4.168257066832499 0.000426406251404374
-5.406654247970128 -3.7792067534352225 0.0004243170306352381
-5.406654247970128 -3.3985582658596285 0.00042873139135683476
-5.406654247970128 -3.0248798839012845 0.0004379623574641923
-5.406654247970128 -2.6569959984428952 0.000450477283075371
-5.406654247970128 -2.2939171418750837 0.0004648713553599271
-5.406654247970128 -1.9347914722822965 0.00047986205265280004
-5.406654247970128 -1.578869894931614 0.0004942930128946747
-5.406654247970128 -1.225480109046289 0.0005071501073840471
-5.406654247970128 -0.8740066123570872 0.0005175809229571405
-5.406654247970128 -0.5238747138322762 0.0005249190172103205
-5.406654247970128 -0.17453721459758154 0.0005287051655282699
-5.406654247970128 0.17453721459758323 0.0005287051655282979
-5.406654247970128 0.5238747138322778 0.0005249190172104043
-5.406654247970128 0.8740066123570885 0.0005175809229572787
-5.406654247970128 1.2254801090462892 0.0005071501073842366
-5.406654247970128 1.578869894931614 0.0004942930128949142
-5.406654247970128 1.9347914722822956 0.00047986205265308665
-5.406654247970128 2.2939171418750837 0.00046487135536025967
-5.406654247970128 2.656995998442896 0.0004504772830757443
-5.406654247970128 3.024879883901285 0.00043796235746460237
-5.406654247970128 3.398558265859627 0.0004287313913572803
-5.406654247970128 3.779206753435224 0.0004243170306357143
-5.406654247970128 4.168257066832501 0.00042640625140488123
-5.406654247970128 4.5675020728443965 0.00043688677470955664
-5.406654247970128 4.9792609785452555 0.00045793586989869
-5.406654247970128 5.406654247970126 0.0004921639621048435
-5.406654247970128 5.854095056030399 0.0005428830473210742
-5.406654247970128 6.328255351220081 0.0006145964421385378
-5.406654247970128 6.840237305249354 0.0007141002385646076
-5.406654247970128 7.411582531485466 0.0008532179272426221
-5.406654247970128 8.098761139250847 0.0010599031827253692
-4.979260978545257 -8.09876113925085 0.0009661921413682329
-4.979260978545257 -7.411582531485468 0.0007726094200401089
-4.979260978545257 -6.840237305249354 0.0006455404428988762
-4.979260978545257 -6.3282553512200845 0.0005576188035717623
-4.979260978545257 -5.8540950560304035 0.0004973120054330445
-4.979260978545257 -5.406654247970128 0.0004579358698981345
-4.979260978545257 -4.979260978545257 0.0004350364223447083
-4.979260978545257 -4.567502072844396 0.0004253003752162526
-4.979260978545257 -4.168257066832499 0.0004260850528248854
-4.979260978545257 -3.7792067534352225 0.0004351481003934018
-4.979260978545257 -3.3985582658596285 0.0004505103054058721
-4.979260978545257 -3.0248798839012845 0.0004703636358260001
-4.979260978545257 -2.6569959984428952 0.0004930300079117683
-4.979260978545257 -2.2939171418750837 0.0005169340057027142
-4.979260978545257 -1.9347914722822965 0.0005406057975636183
-4.979260978545257 -1.578869894931614 0.0005626891451393165
-4.979260978545257 -1.225480109046289 0.0005819714184779078
-4.979260978545257 -0.8740066123570872 0.0005974130834836938
-4.979260978545257 -0.5238747138322762 0.0006081897591286976
-4.979260978545257 -0.17453721459758154 0.0006137257845002993
-4.979260978545257 0.17453721459758323 0.0006137257845003304
-4.979260978545257 0.5238747138322778 0.0006081897591287888
-4.979260978545257 0.8740066123570885 0.0005974130834838435
-4.979260978545257 1.2254801090462892 0.0005819714184781128
-4.979260978545257 1.578869894931614 0.0005626891451395729
-4.979260978545257 1.9347914722822956 0.0005406057975639255
-4.979260978545257 2.2939171418750837 0.0005169340057030696
-4.979260978545257 2.656995998442896 0.000493030007912166
-4.979260978545257 3.024879883901285 0.0004703636358264354
-4.979260978545257 3.398558265859627 0.0004505103054063434
-4.979260978545257 3.779206753435224 0.00043514810039390435
-4.979260978545257 4.168257066832501 0.0004260850528254196
-4.979260978545257 4.5675020728443965 0.00042530037521681615
-4.979260978545257 4.9792609785452555 0.00043503642234530025
-4.979260978545257 5.406654247970126 0.00045793586989875283
-4.979260978545257 5.854095056030399 0.0004973120054336869
-4.979260978545257 6.328255351220081 0.0005576188035724265
-4.979260978545257 6.840237305249354 0.0006455404428995608
-4.979260978545257 7.411582531485466 0.0007726094200408117
-4.979260978545257 8.098761139250847 0.0009661921413689489
-4.567502072844396 -8.09876113925085 0.0008874990606590322
-4.567502072844396 -7.411582531485468 0.0007063536253495314
-4.567502072844396 -6.840237305249354 0.0005908704787984992
-4.567502072844396 -6.3282553512200845 0.0005141850021773912
-4.567502072844396 -5.8540950560304035 0.0004650489425739259
-4.567502072844396 -5.406654247970128 0.0004368867747090372
-4.567502072844396 -4.979260978545257 0.00042530037521626104
-4.567502072844396 -4.567502072844396 0.00042697956108211373
-4.567502072844396 -4.168257066832499 0.0004392559275514032
-4.567502072844396 -3.7792067534352225 0.00045982318210464353
-4.567502072844396 -3.3985582658596285 0.0004866095040603793
-4.567502072844396 -3.0248798839012845 0.000517674977028119
-4.567502072844396 -2.6569959984428952 0.0005511792807299294
-4.567502072844396 -2.2939171418750837 0.0005853461272052869
-4.567502072844396 -1.9347914722822965 0.0006184816272067228
-4.567502072844396 -1.578869894931614 0.0006489805814783648
-4.567502072844396 -1.225480109046289 0.0006753825844233828
-4.567502072844396 -0.8740066123570872 0.000696408271580556
-4.567502072844396 -0.5238747138322762 0.000711033347464165
-4.567502072844396 -0.17453721459758154 0.0007185322094055805
-4.567502072844396 0.17453721459758323 0.0007185322094056121
-4.567502072844396 0.5238747138322778 0.0007110333474642625
-4.567502072844396 0.8740066123570885 0.0006964082715807171
-4.567502072844396 1.2254801090462892 0.0006753825844236054
-4.567502072844396 1.578869894931614 0.0006489805814786422
-4.567502072844396 1.9347914722822956 0.000618481627207052
-4.567502072844396 2.2939171418750837 0.0005853461272056656
-4.567502072844396 2.656995998442896 0.000551179280730352
-4.567502072844396 3.024879883901285 0.0005176749770285813
-4.567502072844396 3.398558265859627 0.00048660950406087853
-4.567502072844396 3.779206753435224 0.0004598231821051743
-4.567502072844396 4.168257066832501 0.00043925592755196616
-4.567502072844396 4.5675020728443965 0.00042697956108270647
-4.567502072844396 4.9792609785452555 0.00042530037521688115
-4.567502072844396 5.406654247970126 0.00043688677470968355
-4.567502072844396 5.854095056030399 0.00046504894257459473
-4.567502072844396 6.328255351220081 0.0005141850021780804
-4.567502072844396 6.840237305249354 0.0005908704787992058
-4.567502072844396 7.411582531485466 0.000706353625350256
-4.567502072844396 8.098761139250847 0.000887499060659793
-4.168257066832499 -8.09876113925085 0.0008213415803032298
-4.168257066832499 -7.411582531485468 0.0006519573253092855
-4.168257066832499 -6.840237305249354 0.0005475759535602865
-4.168257066832499 -6.3282553512200845 0.0004817520505231933
-4.168257066832499 -5.8540950560304035 0.00044351824437899724
-4.168257066832499 -5.406654247970128 0.00042640625140440006
-4.168257066832499 -4.979260978545257 0.0004260850528249032
-4.168257066832499 -4.567502072844396 0.0004392559275514122
-4.168257066832499 -4.168257066832499 0.00046323866333616566
-4.168257066832499 -3.7792067534352225 0.0004956706618085493
-4.168257066832499 -3.3985582658596285 0.000534397082227476
-4.168257066832499 -3.0248798839012845 0.0005773432485828982
-4.168257066832499 -2.6569959984428952 0.0006225021188078233
-4.168257066832499 -2.2939171418750837 0.0006678701620949456
-4.168257066832499 -1.9347914722822965 0.0007114984218414962
-4.168257066832499 -1.578869894931614 0.0007514695996518408
-4.168257066832499 -1.225480109046289 0.0007860090047365906
-4.168257066832499 -0.8740066123570872 0.0008134994466423008
-4.168257066832499 -0.5238747138322762 0.0008326314709162044
-4.168257066832499 -0.17453721459758154 0.0008424438515742732
-4.168257066832499 0.17453721459758323 0.0008424438515743071
-4.168257066832499 0.5238747138322778 0.0008326314709163008
-4.168257066832499 0.8740066123570885 0.0008134994466424705
-4.168257066832499 1.2254801090462892 0.0007860090047368308
-4.168257066832499 1.578869894931614 0.0007514695996521406
-4.168257066832499 1.9347914722822956 0.0007114984218418512
-4.168257066832499 2.2939171418750837 0.0006678701620953505
-4.168257066832499 2.656995998442896 0.0006225021188082734
-4.168257066832499 3.024879883901285 0.0005773432485833884
-4.168257066832499 3.398558265859627 0.0005343970822280042
-4.168257066832499 3.779206753435224 0.0004956706618091101
-4.168257066832499 4.168257066832501 0.0004632386633367586
-4.168257066832499 4.5675020728443965 0.00043925592755203447
-4.168257066832499 4.9792609785452555 0.00042608505282555137
-4.168257066832499 5.406654247970126 0.00042640625140507156
-4.168257066832499 5.854095056030399 0.00044351824437968837
-4.168257066832499 6.328255351220081 0.000481752050523903
-4.168257066832499 6.840237305249354 0.0005475759535610113
-4.168257066832499 7.411582531485466 0.0006519573253100279
-4.168257066832499 8.098761139250847 0.0008213415803040075
-3.7792067534352225 -8.09876113925085 0.0007657933926202272
-3.7792067534352225 -7.411582531485468 0.0006074619805702531
-3.7792067534352225 -6.840237305249354 0.000513654408232549
-3.7792067534352225 -6.3282553512200845 0.0004582651076387898
-3.7792067534352225 -5.8540950560304035 0.00043060652266546765
-3.7792067534352225 -5.406654247970128 0.0004243170306352756
-3.7792067534352225 -4.979260978545257 0.0004351481003934304
-3.7792067534352225 -4.567502072844396 0.0004598231821046632
-3.7792067534352225 -4.168257066832499 0.0004956706618085595
-3.7792067534352225 -3.7792067534352225 0.0005402818478968273
-3.7792067534352225 -3.3985582658596285 0.0005914360563980346
-3.7792067534352225 -3.0248798839012845 0.000646917948931148
-3.7792067534352225 -2.6569959984428952 0.0007045529050597746
-3.7792067534352225 -2.2939171418750837 0.0007620638185190622
-3.7792067534352225 -1.9347914722822965 0.0008172121840880256
-3.7792067534352225 -1.578869894931614 0.0008676676277066628
-3.7792067534352225 -1.225480109046289 0.0009112858092275623
-3.7792067534352225 -0.8740066123570872 0.0009459957723620233
-3.7792067534352225 -0.5238747138322762 0.0009701770530870473
-3.7792067534352225 -0.17453721459758154 0.000982572112958882
-3.7792067534352225 0.17453721459758323 0.000982572112958893
-3.7792067534352225 0.5238747138322778 0.0009701770530871338
-3.7792067534352225 0.8740066123570885 0.0009459957723621959
-3.7792067534352225 1.2254801090462892 0.0009112858092278185
-3.7792067534352225 1.578869894931614 0.0008676676277069937
-3.7792067534352225 1.9347914722822956 0.0008172121840884107
-3.7792067534352225 2.2939171418750837 0.0007620638185194949
-3.7792067534352225 2.656995998442896 0.0007045529050602543
-3.7792067534352225 3.024879883901285 0.0006469179489316679
-3.7792067534352225 3.398558265859627 0.0005914360563985943
-3.7792067534352225 3.779206753435224 0.0005402818478974195
-3.7792067534352225 4.168257066832501 0.000495670661809183
-3.7792067534352225 4.5675020728443965 0.00045982318210531373
-3.7792067534352225 4.9792609785452555 0.00043514810039410487
-3.7792067534352225 5.406654247970126 0.00042431703063597093
-3.7792067534352225 5.854095056030399 0.00043060652266617997
-3.7792067534352225 6.328255351220081 0.00045826510763951743
-3.7792067534352225 6.840237305249354 0.000513654408233291
-3.7792067534352225 7.411582531485466 0.0006074619805710126
-3.7792067534352225 8.098761139250847 0.000765793392621017
-3.3985582658596285 -8.09876113925085 0.0007193094677140832
-3.3985582658596285 -7.411582531485468 0.0005712769447892682
-3.3985582658596285 -6.840237305249354 0.00048745501374121577
-3.3985582658596285 -6.3282553512200845 0.00044200304571716183
-3.3985582658596285 -5.8540950560304035 0.00042451356949173736
-3.3985582658596285 -5.406654247970128 0.00042873139135688506
-3.3985582658596285 -4.979260978545257 0.0004505103054059133
-3.3985582658596285 -4.567502072844396 0.00048660950406041183
-3.3985582658596285 -4.168257066832499 0.0005343970822274984
-3.3985582658596285 -3.7792067534352225 0.0005914360563980454
-3.3985582658596285 -3.3985582658596285 0.0006554814982031819
-3.3985582658596285 -3.0248798839012845 0.0007241864244120474
-3.3985582658596285 -2.6569959984428952 0.0007952609232045258
-3.3985582658596285 -2.2939171418750837 0.0008661262786836899
-3.3985582658596285 -1.9347914722822965 0.0009343145678494126
-3.3985582658596285 -1.578869894931614 0.0009969531496895588
-3.3985582658596285 -1.225480109046289 0.0010515493818449332
-3.3985582658596285 -0.8740066123570872 0.0010952429351943995
-3.3985582658596285 -0.5238747138322762 0.0011259811583914248
-3.3985582658596285 -0.17453721459758154 0.0011417750193941634
-3.3985582658596285 0.17453721459758323 0.0011417750193941788
-3.3985582658596285 0.5238747138322778 0.001125981158391493
-3.3985582658596285 0.8740066123570885 0.001095242935194569
-3.3985582658596285 1.2254801090462892 0.0010515493818451995
-3.3985582658596285 1.578869894931614 0.000996953149689915
-3.3985582658596285 1.9347914722822956 0.0009343145678498228
-3.3985582658596285 2.2939171418750837 0.0008661262786841573
-3.3985582658596285 2.656995998442896 0.0007952609232050426
-3.3985582658596285 3.024879883901285 0.000724186424412606
-3.3985582658596285 3.398558265859627 0.0006554814982037784
-3.3985582658596285 3.779206753435224 0.0005914360563986731
-3.3985582658596285 4.168257066832501 0.0005343970822281539
-3.3985582658596285 4.5675020728443965 0.00048660950406109103
-3.3985582658596285 4.9792609785452555 0.00045051030540661357
-3.3985582658596285 5.406654247970126 0.00042873139135760367
-3.3985582658596285 5.854095056030399 0.00042451356949247066
-3.3985582658596285 6.328255351220081 0.00044200304571790917
-3.3985582658596285 6.840237305249354 0.0004874550137419764
-3.3985582658596285 7.411582531485466 0.0005712769447900447
-3.3985582658596285 8.098761139250847 0.0007193094677148808
-3.0248798839012845 -8.09876113925085 0.0006806204463213335
-3.0248798839012845 -7.411582531485468 0.0005420792360674476
-3.0248798839012845 -6.840237305249354 0.00046758276258967004
-3.0248798839012845 -6.3282553512200845 0.00043148641398157176
-3.0248798839012845 -5.8540950560304035 0.00042366288169112
-3.0248798839012845 -5.406654247970128 0.0004379623574642561
-3.0248798839012845 -4.979260978545257 0.0004703636358260555
-3.0248798839012845 -4.567502072844396 0.0005176749770281658
-3.0248798839012845 -4.168257066832499 0.0005773432485829343
-3.0248798839012845 -3.7792067534352225 0.000646917948931172
-3.0248798839012845 -3.3985582658596285 0.00072418642441206
-3.0248798839012845 -3.0248798839012845 0.0008066498759911304
-3.0248798839012845 -2.6569959984428952 0.0008919714107168109
-3.0248798839012845 -2.2939171418750837 0.0009771015601472634
-3.0248798839012845 -1.9347914722822965 0.0010594199622121438
-3.0248798839012845 -1.578869894931614 0.0011349969768222569
-3.0248798839012845 -1.225480109046289 0.0012012287558227609
-3.0248798839012845 -0.8740066123570872 0.001253737005986254
-3.0248798839012845 -0.5238747138322762 0.0012908526579171532
-3.0248798839012845 -0.17453721459758154 0.0013096034799984259
-3.0248798839012845 0.17453721459758323 0.0013096034799984068
-3.0248798839012845 0.5238747138322778 0.0012908526579171926
-3.0248798839012845 0.8740066123570885 0.001253737005986388
-3.0248798839012845 1.2254801090462892 0.001201228755822982
-3.0248798839012845 1.578869894931614 0.0011349969768225802
-3.0248798839012845 1.9347914722822956 0.001059419962212577
-3.0248798839012845 2.2939171418750837 0.0009771015601477793
-3.0248798839012845 2.656995998442896 0.000891971410717376
-3.0248798839012845 3.024879883901285 0.0008066498759917328
-3.0248798839012845 3.398558265859627 0.0007241864244126983
-3.0248798839012845 3.779206753435224 0.0006469179489318373
-3.0248798839012845 4.168257066832501 0.000577343248583622
-3.0248798839012845 4.5675020728443965 0.0005176749770288724
-3.0248798839012845 4.9792609785452555 0.0004703636358267808
-3.0248798839012845 5.406654247970126 0.0004379623574649984
-3.0248798839012845 5.854095056030399 0.00042366288169187554
-3.0248798839012845 6.328255351220081 0.00043148641398233964
-3.0248798839012845 6.840237305249354 0.0004675827625904486
-3.0248798839012845 7.411582531485466 0.0005420792360682392
-3.0248798839012845 8.098761139250847 0.0006806204463221369
-2.6569959984428952 -8.09876113925085 0.000648666282252538
-2.6569959984428952 -7.411582531485468 0.0005187512640581994
-2.6569959984428952 -6.840237305249354 0.00045284008928906164
-2.6569959984428952 -6.3282553512200845 0.00042542298161367956
-2.6569959984428952 -5.8540950560304035 0.0004266510126989985
-2.6569959984428952 -5.406654247970128 0.00045047728307544803
-2.6569959984428952 -4.979260978545257 0.0004930300079118384
-2.6569959984428952 -4.567502072844396 0.0005511792807299905
-2.6569959984428952 -4.168257066832499 0.0006225021188078745
-2.6569959984428952 -3.7792067534352225 0.0007045529050598149
-2.6569959984428952 -3.3985582658596285 0.0007952609232045537
-2.6569959984428952 -3.0248798839012845 0.0008919714107168285
-2.6569959984428952 -2.6569959984428952 0.0009925926494391169
-2.6569959984428952 -2.2939171418750837 0.0010934707419990803
-2.6569959984428952 -1.9347914722822965 0.0011927507170612815
-2.6569959984428952 -1.578869894931614 0.0012847316297914825
-2.6569959984428952 -1.225480109046289 0.0013689761722413317
-2.6569959984428952 -0.8740066123570872 0.0014365269955220559
-2.6569959984428952 -0.5238747138322762 0.0014884528423545307
-2.6569959984428952 -0.17453721459758154 0.0015143536897172778
-2.6569959984428952 0.17453721459758323 0.0015143536897173771
-2.6569959984428952 0.5238747138322778 0.0014884528423546415
-2.6569959984428952 0.8740066123570885 0.0014365269955217584
-2.6569959984428952 1.2254801090462892 0.0013689761722414661
-2.6569959984428952 1.578869894931614 0.001284731629791751
-2.6569959984428952 1.9347914722822956 0.0011927507170617295
-2.6569959984428952 2.2939171418750837 0.001093470741999645
-2.6569959984428952 2.656995998442896 0.0009925926494397305
-2.6569959984428952 3.024879883901285 0.0008919714107174868
-2.6569959984428952 3.398558265859627 0.0007952609232052395
-2.6569959984428952 3.779206753435224 0.0007045529050605202
-2.6569959984428952 4.168257066832501 0.0006225021188085938
-2.6569959984428952 4.5675020728443965 0.0005511792807307243
-2.6569959984428952 4.9792609785452555 0.0004930300079125873
-2.6569959984428952 5.406654247970126 0.000450477283076213
-2.6569959984428952 5.854095056030399 0.00042665101269977494
-2.6569959984428952 6.328255351220081 0.0004254229816144655
-2.6569959984428952 6.840237305249354 0.00045284008928985663
-2.6569959984428952 7.411582531485466 0.000518751264059004
-2.6569959984428952 8.098761139250847 0.0006486662822533466
-2.2939171418750837 -8.09876113925085 0.0006225536178529646
-2.2939171418750837 -7.411582531485468 0.0005003413997520612
-2.2939171418750837 -6.840237305249354 0.00044219095875560216
-2.2939171418750837 -6.3282553512200845 0.0004226754767731128
-2.2939171418750837 -5.8540950560304035 0.00043221858683233224
-2.2939171418750837 -5.406654247970128 0.00046487135536001816
-2.2939171418750837 -4.979260978545257 0.0005169340057027993
-2.2939171418750837 -4.567502072844396 0.0005853461272053648
-2.2939171418750837 -4.168257066832499 0.0006678701620950158
-2.2939171418750837 -3.7792067534352225 0.0007620638185191228
-2.2939171418750837 -3.3985582658596285 0.0008661262786837375
-2.2939171418750837 -3.0248798839012845 0.0009771015601472948
-2.2939171418750837 -2.6569959984428952 0.0010934707419990753
-2.2939171418750837 -2.2939171418750837 0.001209890480989149
-2.2939171418750837 -1.9347914722822965 0.001326275062635854
-2.2939171418750837 -1.578869894931614 0.0014299835934091212
-2.2939171418750837 -1.225480109046289 0.0015267992856764744
-2.2939171418750837 -0.8740066123570872 0.001592028444358291
-2.2939171418750837 -0.5238747138322762 0.0016442527219573666
-2.2939171418750837 -0.17453721459758154 0.0016630296111012834
-2.2939171418750837 0.17453721459758323 0.0016630296111010392
-2.2939171418750837 0.5238747138322778 0.0016442527219576908
-2.2939171418750837 0.8740066123570885 0.0015920284443592173
-2.2939171418750837 1.2254801090462892 0.0015267992856761684
-2.2939171418750837 1.578869894931614 0.0014299835934090408
-2.2939171418750837 1.9347914722822956 0.0013262750626361426
-2.2939171418750837 2.2939171418750837 0.001209890480989735
-2.2939171418750837 2.656995998442896 0.0010934707419997863
-2.2939171418750837 3.024879883901285 0.0009771015601480165
-2.2939171418750837 3.398558265859627 0.0008661262786844587
-2.2939171418750837 3.779206753435224 0.0007620638185198587
-2.2939171418750837 4.168257066832501 0.00066787016209576
-2.2939171418750837 4.5675020728443965 0.000585346127206122
-2.2939171418750837 4.9792609785452555 0.0005169340057035711
-2.2939171418750837 5.406654247970126 0.00046487135536080426
-2.2939171418750837 5.854095056030399 0.00043221858683312756
-2.2939171418750837 6.328255351220081 0.00042267547677391463
-2.2939171418750837 6.840237305249354 0.0004421909587564104
-2.2939171418750837 7.411582531485466 0.0005003413997528764
-2.2939171418750837 8.098761139250847 0.0006225536178537799
-1.9347914722822965 -8.09876113925085 0.0006015283728608312
-1.9347914722822965 -7.411582531485468 0.00048603920224340417
-1.9347914722822965 -6.840237305249354 0.00043473968961548056
-1.9347914722822965 -6.3282553512200845 0.000422244664983669
-1.9347914722822965 -5.8540950560304035 0.0004392383226588026
-1.9347914722822965 -5.406654247970128 0.0004798620526529046
-1.9347914722822965 -4.979260978545257 0.0005406057975637179
-1.9347914722822965 -4.567502072844396 0.0006184816272068154
-1.9347914722822965 -4.168257066832499 0.0007114984218415826
-1.9347914722822965 -3.7792067534352225 0.0008172121840881065
-1.9347914722822965 -3.3985582658596285 0.0009343145678494884
-1.9347914722822965 -3.0248798839012845 0.0010594199622122032
-1.9347914722822965 -2.6569959984428952 0.001192750717061301
-1.9347914722822965 -2.2939171418750837 0.001326275062635827
-1.9347914722822965 -1.9347914722822965 0.001469408815732721
-1.9347914722822965 -1.578869894931614 0.0015946311611137406
-1.9347914722822965 -1.225480109046289 0.0017636492413383937
-1.9347914722822965 -0.8740066123570872 0.0018480916205680824
-1.9347914722822965 -0.5238747138322762 0.0020114432387818913
-1.9347914722822965 -0.17453721459758154 0.001951054277197545
-1.9347914722822965 0.17453721459758323 0.0019510542771892481
-1.9347914722822965 0.5238747138322778 0.0020114432387741367
-1.9347914722822965 0.8740066123570885 0.0018480916205769577
-1.9347914722822965 1.2254801090462892 0.0017636492413384641
-1.9347914722822965 1.578869894931614 0.0015946311611132748
-1.9347914722822965 1.9347914722822956 0.0014694088157329226
-1.9347914722822965 2.2939171418750837 0.0013262750626364403
-1.9347914722822965 2.656995998442896 0.0011927507170620493
-1.9347914722822965 3.024879883901285 0.0010594199622129524
-1.9347914722822965 3.398558265859627 0.0009343145678502411
-1.9347914722822965 3.779206753435224 0.0008172121840888735
-1.9347914722822965 4.168257066832501 0.0007114984218423543
-1.9347914722822965 4.5675020728443965 0.0006184816272075981
-1.9347914722822965 4.9792609785452555 0.0005406057975645113
-1.9347914722822965 5.406654247970126 0.00047986205265370915
-1.9347914722822965 5.854095056030399 0.0004392383226596138
-1.9347914722822965 6.328255351220081 0.0004222446649844849
-1.9347914722822965 6.840237305249354 0.0004347396896163012
-1.9347914722822965 7.411582531485466 0.00048603920224423033
-1.9347914722822965 8.098761139250847 0.0006015283728616545
-1.578869894931614 -8.09876113925085 0.0005849584891195924
-1.578869894931614 -7.411582531485468 0.00047516033442388233
-1.578869894931614 -6.840237305249354 0.00042971945027125866
-1.578869894931614 -6.3282553512200845 0.0004232622224817468
-1.578869894931614 -5.8540950560304035 0.0004467130711421557
-1.578869894931614 -5.406654247970128 0.0004942930128947937
-1.578869894931614 -4.979260978545257 0.0005626891451394303
-1.578869894931614 -4.567502072844396 0.0006489805814784743
-1.578869894931614 -4.168257066832499 0.0007514695996519413
-1.578869894931614 -3.7792067534352225 0.0008676676277067536
-1.578869894931614 -3.3985582658596285 0.0009969531496896366
-1.578869894931614 -3.0248798839012845 0.0011349969768222768
-1.578869894931614 -2.6569959984428952 0.0012847316297915216
-1.578869894931614 -2.2939171418750837 0.0014299835934090425
-1.578869894931614 -1.9347914722822965 0.0015946311611130608
-1.578869894931614 -1.578869894931614 0.00169572759828285
-1.578869894931614 -1.225480109046289 0.0018300879398441107
-1.578869894931614 -0.8740066123570872 0.0018247107647641325
-1.578869894931614 -0.5238747138322762 0.001864168727853943
-1.578869894931614 -0.17453721459758154 0.001854664131623542
-1.578869894931614 0.17453721459758323 0.0018546641316176875
-1.578869894931614 0.5238747138322778 0.0018641687278575173
-1.578869894931614 0.8740066123570885 0.0018247107647637111
-1.578869894931614 1.2254801090462892 0.0018300879398403613
-1.578869894931614 1.578869894931614 0.0016957275982806708
-1.578869894931614 1.9347914722822956 0.0015946311611137415
-1.578869894931614 2.2939171418750837 0.001429983593409762
-1.578869894931614 2.656995998442896 0.0012847316297922029
-1.578869894931614 3.024879883901285 0.0011349969768230457
-1.578869894931614 3.398558265859627 0.000996953149690424
-1.578869894931614 3.779206753435224 0.0008676676277075485
-1.578869894931614 4.168257066832501 0.0007514695996527401
-1.578869894931614 4.5675020728443965 0.0006489805814792802
-1.578869894931614 4.9792609785452555 0.000562689145140244
-1.578869894931614 5.406654247970126 0.0004942930128956144
-1.578869894931614 5.854095056030399 0.0004467130711429801
-1.578869894931614 6.328255351220081 0.00042326222248257494
-1.578869894931614 6.840237305249354 0.00042971945027209046
-1.578869894931614 7.411582531485466 0.0004751603344247171
-1.578869894931614 8.098761139250847 0.0005849584891204217
-1.225480109046289 -8.09876113925085 0.0005723236445450779
-1.225480109046289 -7.411582531485468 0.0004671380994080228
-1.225480109046289 -6.840237305249354 0.00042648745040314964
-1.225480109046289 -6.3282553512200845 0.00042499073777510114
-1.225480109046289 -5.8540950560304035 0.0004537824753355443
-1.225480109046289 -5.406654247970128 0.00050715010738418
-1.225480109046289 -4.979260978545257 0.0005819714184780376
-1.225480109046289 -4.567502072844396 0.0006753825844235085
-1.225480109046289 -4.168257066832499 0.0007860090047367096
-1.225480109046289 -3.7792067534352225 0.0009112858092276651
-1.225480109046289 -3.3985582658596285 0.001051549381845025
-1.225480109046289 -3.0248798839012845 0.0012012287558228999
-1.225480109046289 -2.6569959984428952 0.0013689761722416002
-1.225480109046289 -2.2939171418750837 0.0015267992856764065
-1.225480109046289 -1.9347914722822965 0.0017636492413407527
-1.225480109046289 -1.578869894931614 0.0018300879398425777
-1.225480109046289 -1.225480109046289 0.0019089122509462055
-1.225480109046289 -0.8740066123570872 0.0018970675679410237
-1.225480109046289 -0.5238747138322762 0.0018773838108980076
-1.225480109046289 -0.17453721459758154 0.001882572634730866
-1.225480109046289 0.17453721459758323 0.0018825726347271206
-1.225480109046289 0.5238747138322778 0.0018773838108950408
-1.225480109046289 0.8740066123570885 0.00189706756794506
-1.225480109046289 1.2254801090462892 0.0019089122509465247
-1.225480109046289 1.578869894931614 0.001830087939838266
-1.225480109046289 1.9347914722822956 0.0017636492413390715
-1.225480109046289 2.2939171418750837 0.0015267992856774402
-1.225480109046289 2.656995998442896 0.001368976172242225
-1.225480109046289 3.024879883901285 0.001201228755823618
-1.225480109046289 3.398558265859627 0.0010515493818458069
-1.225480109046289 3.779206753435224 0.0009112858092284854
-1.225480109046289 4.168257066832501 0.0007860090047375326
-1.225480109046289 4.5675020728443965 0.0006753825844243355
-1.225480109046289 4.9792609785452555 0.000581971418478869
-1.225480109046289 5.406654247970126 0.0005071501073850147
-1.225480109046289 5.854095056030399 0.0004537824753363812
-1.225480109046289 6.328255351220081 0.00042499073777594015
-1.225480109046289 6.840237305249354 0.0004264874504039902
-1.225480109046289 7.411582531485466 0.00046713809940886463
-1.225480109046289 8.098761139250847 0.0005723236445459132
-0.8740066123570872 -8.09876113925085 0.0005632097264845178
-0.8740066123570872 -7.411582531485468 0.00046151941500767246
-0.8740066123570872 -6.840237305249354 0.0004245244373432275
-0.8740066123570872 -6.3282553512200845 0.00042682790387484754
-0.8740066123570872 -5.8540950560304035 0.00045973387625988983
-0.8740066123570872 -5.406654247970128 0.0005175809229572874
-0.8740066123570872 -4.979260978545257 0.0005974130834838381
-0.8740066123570872 -4.567502072844396 0.0006964082715806961
-0.8740066123570872 -4.168257066832499 0.0008134994466424322
-0.8740066123570872 -3.7792067534352225 0.0009459957723621393
-0.8740066123570872 -3.3985582658596285 0.001095242935194529
-0.8740066123570872 -3.0248798839012845 0.001253737005986496
-0.8740066123570872 -2.6569959984428952 0.001436526995522496
-0.8740066123570872 -2.2939171418750837 0.0015920284443598108
-0.8740066123570872 -1.9347914722822965 0.00184809162057521
-0.8740066123570872 -1.578869894931614 0.0018247107647633056
-0.8740066123570872 -1.225480109046289 0.0018970675679423862
-0.8740066123570872 -0.8740066123570872 0.0018700025413768528
-0.8740066123570872 -0.5238747138322762 0.0018859295171493203
-0.8740066123570872 -0.17453721459758154 0.0018776161523703415
-0.8740066123570872 0.17453721459758323 0.001877616152362079
-0.8740066123570872 0.5238747138322778 0.0018859295171485253
-0.8740066123570872 0.8740066123570885 0.001870002541379421
-0.8740066123570872 1.2254801090462892 0.001897067567943018
-0.8740066123570872 1.578869894931614 0.0018247107647628197
-0.8740066123570872 1.9347914722822956 0.0018480916205797168
-0.8740066123570872 2.2939171418750837 0.0015920284443600406
-0.8740066123570872 2.656995998442896 0.0014365269955228333
-0.8740066123570872 3.024879883901285 0.001253737005987103
-0.8740066123570872 3.398558265859627 0.0010952429351952975
-0.8740066123570872 3.779206753435224 0.0009459957723629831
-0.8740066123570872 4.168257066832501 0.0008134994466432763
-0.8740066123570872 4.5675020728443965 0.0006964082715815416
-0.8740066123570872 4.9792609785452555 0.0005974130834846839
-0.8740066123570872 5.406654247970126 0.0005175809229581331
-0.8740066123570872 5.854095056030399 0.00045973387626073626
-0.8740066123570872 6.328255351220081 0.0004268279038756944
-0.8740066123570872 6.840237305249354 0.0004245244373440743
-0.8740066123570872 7.411582531485466 0.00046151941500851954
-0.8740066123570872 8.098761139250847 0.0005632097264853596
-0.5238747138322762 -8.09876113925085 0.0005573064213632478
-0.5238747138322762 -7.411582531485468 0.00045796362842719676
-0.5238747138322762 -6.840237305249354 0.0004234367890838163
-0.5238747138322762 -6.3282553512200845 0.0004283131511358442
-0.5238747138322762 -5.8540950560304035 0.000464016160904069
-0.5238747138322762 -5.406654247970128 0.0005249190172104789
-0.5238747138322762 -4.979260978545257 0.0006081897591288562
-0.5238747138322762 -4.567502072844396 0.0007110333474643205
-0.5238747138322762 -4.168257066832499 0.000832631470916361
-0.5238747138322762 -3.7792067534352225 0.000970177053087203
-0.5238747138322762 -3.3985582658596285 0.0011259811583915619
-0.5238747138322762 -3.0248798839012845 0.0012908526579173993
-0.5238747138322762 -2.6569959984428952 0.0014884528423547384
-0.5238747138322762 -2.2939171418750837 0.0016442527219580594
-0.5238747138322762 -1.9347914722822965 0.002011443238780122
-0.5238747138322762 -1.578869894931614 0.0018641687278613077
-0.5238747138322762 -1.225480109046289 0.0018773838108944215
-0.5238747138322762 -0.8740066123570872 0.0018859295171475999
-0.5238747138322762 -0.5238747138322762 0.0018775553177334092
-0.5238747138322762 -0.17453721459758154 0.0018816412420496326
-0.5238747138322762 0.17453721459758323 0.001881641242048027
-0.5238747138322762 0.5238747138322778 0.0018775553177343128
-0.5238747138322762 0.8740066123570885 0.001885929517147858
-0.5238747138322762 1.2254801090462892 0.001877383810896133
-0.5238747138322762 1.578869894931614 0.0018641687278611035
-0.5238747138322762 1.9347914722822956 0.00201144323877057
-0.5238747138322762 2.2939171418750837 0.001644252721958896
-0.5238747138322762 2.656995998442896 0.0014884528423550654
-0.5238747138322762 3.024879883901285 0.0012908526579178679
-0.5238747138322762 3.398558265859627 0.001125981158392316
-0.5238747138322762 3.779206753435224 0.0009701770530880282
-0.5238747138322762 4.168257066832501 0.0008326314709172111
-0.5238747138322762 4.5675020728443965 0.0007110333474651751
-0.5238747138322762 4.9792609785452555 0.0006081897591297092
-0.5238747138322762 5.406654247970126 0.0005249190172113321
-0.5238747138322762 5.854095056030399 0.00046401616090492186
-0.5238747138322762 6.328255351220081 0.00042831315113669695
-0.5238747138322762 6.840237305249354 0.0004234367890846679
-0.5238747138322762 7.411582531485466 0.00045796362842804786
-0.5238747138322762 8.098761139250847 0.0005573064213640956
-0.17453721459758154 -8.09876113925085 0.0005544066189814338
-0.17453721459758154 -7.411582531485468 0.0004562428603244585
-0.17453721459758154 -6.840237305249354 0.00042295961022266974
-0.17453721459758154 -6.3282553512200845 0.000429134551128363
-0.17453721459758154 -5.8540950560304035 0.00046625286275026365
-0.17453721459758154 -5.406654247970128 0.0005287051655284375
-0.17453721459758154 -4.979260978545257 0.0006137257845004691
-0.17453721459758154 -4.567502072844396 0.0007185322094057523
-0.17453721459758154 -4.168257066832499 0.0008424438515744492
-0.17453721459758154 -3.7792067534352225 0.0009825721129590747
-0.17453721459758154 -3.3985582658596285 0.0011417750193943785
-0.17453721459758154 -3.0248798839012845 0.0013096034799986703
-0.17453721459758154 -2.6569959984428952 0.0015143536897170775
-0.17453721459758154 -2.2939171418750837 0.0016630296111016065
-0.17453721459758154 -1.9347914722822965 0.0019510542772022013
-0.17453721459758154 -1.578869894931614 0.0018546641316233776
-0.17453721459758154 -1.225480109046289 0.001882572634728332
-0.17453721459758154 -0.8740066123570872 0.0018776161523651155
-0.17453721459758154 -0.5238747138322762 0.0018816412420538473
-0.17453721459758154 -0.17453721459758154 0.0018800462709886061
-0.17453721459758154 0.17453721459758323 0.0018800462709903604
-0.17453721459758154 0.5238747138322778 0.001881641242053045
-0.17453721459758154 0.8740066123570885 0.0018776161523640798
-0.17453721459758154 1.2254801090462892 0.0018825726347252393
-0.17453721459758154 1.578869894931614 0.0018546641316243859
-0.17453721459758154 1.9347914722822956 0.0019510542772086443
-0.17453721459758154 2.2939171418750837 0.001663029611100755
-0.17453721459758154 2.656995998442896 0.001514353689717316
-0.17453721459758154 3.024879883901285 0.0013096034799990773
-0.17453721459758154 3.398558265859627 0.0011417750193951032
-0.17453721459758154 3.779206753435224 0.0009825721129598764
-0.17453721459758154 4.168257066832501 0.0008424438515752965
-0.17453721459758154 4.5675020728443965 0.0007185322094066094
-0.17453721459758154 4.9792609785452555 0.0006137257845013264
-0.17453721459758154 5.406654247970126 0.0005287051655292963
-0.17453721459758154 5.854095056030399 0.0004662528627511213
-0.17453721459758154 6.328255351220081 0.0004291345511292194
-0.17453721459758154 6.840237305249354 0.0004229596102235248
-0.17453721459758154 7.411582531485466 0.00045624286032531374
-0.17453721459758154 8.098761139250847 0.0005544066189822861
0.17453721459758323 -8.09876113925085 0.0005544066189814609
0.17453721459758323 -7.411582531485468 0.00045624286032448617
0.17453721459758323 -6.840237305249354 0.0004229596102227
0.17453721459758323 -6.3282553512200845 0.00042913455112839587
0.17453721459758323 -5.8540950560304035 0.00046625286275029873
0.17453721459758323 -5.406654247970128 0.0005287051655284748
0.17453721459758323 -4.979260978545257 0.0006137257845005096
0.17453721459758323 -4.567502072844396 0.0007185322094057976
0.17453721459758323 -4.168257066832499 0.0008424438515745073
0.17453721459758323 -3.7792067534352225 0.0009825721129591385
0.17453721459758323 -3.3985582658596285 0.0011417750193945008
0.17453721459758323 -3.0248798839012845 0.001309603479998591
0.17453721459758323 -2.6569959984428952 0.00151435368971755
0.17453721459758323 -2.2939171418750837 0.0016630296111022089
0.17453721459758323 -1.9347914722822965 0.0019510542772059832
0.17453721459758323 -1.578869894931614 0.0018546641316250256
0.17453721459758323 -1.225480109046289 0.0018825726347312531
0.17453721459758323 -0.8740066123570872 0.0018776161523655112
0.17453721459758323 -0.5238747138322762 0.001881641242054984
0.17453721459758323 -0.17453721459758154 0.0018800462709893156
0.17453721459758323 0.17453721459758323 0.001880046270990783
0.17453721459758323 0.5238747138322778 0.0018816412420502512
0.17453721459758323 0.8740066123570885 0.001877616152364781
0.17453721459758323 1.2254801090462892 0.001882572634720017
0.17453721459758323 1.578869894931614 0.001854664131627268
0.17453721459758323 1.9347914722822956 0.0019510542772017822
0.17453721459758323 2.2939171418750837 0.0016630296111007144
0.17453721459758323 2.656995998442896 0.0015143536897169467
0.17453721459758323 3.024879883901285 0.0013096034799989855
0.17453721459758323 3.398558265859627 0.001141775019395089
0.17453721459758323 3.779206753435224 0.0009825721129599187
0.17453721459758323 4.168257066832501 0.000842443851575345
0.17453721459758323 4.5675020728443965 0.0007185322094066523
0.17453721459758323 4.9792609785452555 0.0006137257845013674
0.17453721459758323 5.406654247970126 0.0005287051655293346
0.17453721459758323 5.854095056030399 0.0004662528627511574
0.17453721459758323 6.328255351220081 0.00042913455112925325
0.17453721459758323 6.840237305249354 0.000422959610223557
0.17453721459758323 7.411582531485466 0.00045624286032534383
0.17453721459758323 8.098761139250847 0.0005544066189823156
0.5238747138322778 -8.09876113925085 0.0005573064213633284
0.5238747138322778 -7.411582531485468 0.0004579636284272803
0.5238747138322778 -6.840237305249354 0.0004234367890839072
0.5238747138322778 -6.3282553512200845 0.00042831315113594256
0.5238747138322778 -5.8540950560304035 0.00046401616090417403
0.5238747138322778 -5.406654247970128 0.0005249190172105907
0.5238747138322778 -4.979260978545257 0.0006081897591289766
0.5238747138322778 -4.567502072844396 0.0007110333474644539
0.5238747138322778 -4.168257066832499 0.0008326314709165157
0.5238747138322778 -3.7792067534352225 0.0009701770530873893
0.5238747138322778 -3.3985582658596285 0.0011259811583918162
0.5238747138322778 -3.0248798839012845 0.0012908526579174906
0.5238747138322778 -2.6569959984428952 0.0014884528423550023
0.5238747138322778 -2.2939171418750837 0.0016442527219567213
0.5238747138322778 -1.9347914722822965 0.002011443238771017
0.5238747138322778 -1.578869894931614 0.0018641687278589788
0.5238747138322778 -1.225480109046289 0.0018773838109008795
0.5238747138322778 -0.8740066123570872 0.0018859295171476686
0.5238747138322778 -0.5238747138322762 0.0018775553177314134
0.5238747138322778 -0.17453721459758154 0.0018816412420471162
0.5238747138322778 0.17453721459758323 0.001881641242049643
0.5238747138322778 0.5238747138322778 0.0018775553177352443
0.5238747138322778 0.8740066123570885 0.001885929517150222
0.5238747138322778 1.2254801090462892 0.0018773838108974853
0.5238747138322778 1.578869894931614 0.001864168727857781
0.5238747138322778 1.9347914722822956 0.002011443238775915
0.5238747138322778 2.2939171418750837 0.0016442527219574584
0.5238747138322778 2.656995998442896 0.0014884528423548336
0.5238747138322778 3.024879883901285 0.0012908526579178932
0.5238747138322778 3.398558265859627 0.001125981158392464
0.5238747138322778 3.779206753435224 0.000970177053088172
0.5238747138322778 4.168257066832501 0.000832631470917349
0.5238747138322778 4.5675020728443965 0.0007110333474653067
0.5238747138322778 4.9792609785452555 0.000608189759129832
0.5238747138322778 5.406654247970126 0.0005249190172114467
0.5238747138322778 5.854095056030399 0.00046401616090502984
0.5238747138322778 6.328255351220081 0.0004283131511367979
0.5238747138322778 6.840237305249354 0.00042343678908476304
0.5238747138322778 7.411582531485466 0.0004579636284281377
0.5238747138322778 8.098761139250847 0.0005573064213641832
0.8740066123570885 -8.09876113925085 0.0005632097264846508
0.8740066123570885 -7.411582531485468 0.00046151941500781275
0.8740066123570885 -6.840237305249354 0.00042452443734337974
0.8740066123570885 -6.3282553512200845 0.0004268279038750115
0.8740066123570885 -5.8540950560304035 0.0004597338762600651
0.8740066123570885 -5.406654247970128 0.000517580922957474
0.8740066123570885 -4.979260978545257 0.0005974130834840405
0.8740066123570885 -4.567502072844396 0.0006964082715809153
0.8740066123570885 -4.168257066832499 0.0008134994466426746
0.8740066123570885 -3.7792067534352225 0.0009459957723624177
0.8740066123570885 -3.3985582658596285 0.0010952429351948343
0.8740066123570885 -3.0248798839012845 0.0012537370059866972
0.8740066123570885 -2.6569959984428952 0.0014365269955222157
0.8740066123570885 -2.2939171418750837 0.0015920284443589558
0.8740066123570885 -1.9347914722822965 0.0018480916205800637
0.8740066123570885 -1.578869894931614 0.0018247107647618552
0.8740066123570885 -1.225480109046289 0.0018970675679411627
0.8740066123570885 -0.8740066123570872 0.001870002541375028
0.8740066123570885 -0.5238747138322762 0.001885929517155338
0.8740066123570885 -0.17453721459758154 0.0018776161523696854
0.8740066123570885 0.17453721459758323 0.0018776161523592829
0.8740066123570885 0.5238747138322778 0.0018859295171510134
0.8740066123570885 0.8740066123570885 0.0018700025413812083
0.8740066123570885 1.2254801090462892 0.0018970675679414193
0.8740066123570885 1.578869894931614 0.001824710764760595
0.8740066123570885 1.9347914722822956 0.0018480916205700223
0.8740066123570885 2.2939171418750837 0.001592028444358142
0.8740066123570885 2.656995998442896 0.0014365269955221912
0.8740066123570885 3.024879883901285 0.0012537370059871869
0.8740066123570885 3.398558265859627 0.0010952429351955308
0.8740066123570885 3.779206753435224 0.0009459957723632195
0.8740066123570885 4.168257066832501 0.0008134994466435109
0.8740066123570885 4.5675020728443965 0.0006964082715817622
0.8740066123570885 4.9792609785452555 0.0005974130834848897
0.8740066123570885 5.406654247970126 0.0005175809229583245
0.8740066123570885 5.854095056030399 0.00045973387626091483
0.8740066123570885 6.328255351220081 0.0004268279038758618
0.8740066123570885 6.840237305249354 0.0004245244373442315
0.8740066123570885 7.411582531485466 0.00046151941500866705
0.8740066123570885 8.098761139250847 0.0005632097264855019
1.2254801090462892 -8.09876113925085 0.0005723236445452617
1.2254801090462892 -7.411582531485468 0.0004671380994082196
1.2254801090462892 -6.840237305249354 0.00042648745040336274
1.2254801090462892 -6.3282553512200845 0.00042499073777532947
1.2254801090462892 -5.8540950560304035 0.000453782475335788
1.2254801090462892 -5.406654247970128 0.0005071501073844406
1.2254801090462892 -4.979260978545257 0.0005819714184783192
1.2254801090462892 -4.567502072844396 0.00067538258442381
1.2254801090462892 -4.168257066832499 0.0007860090047370384
1.2254801090462892 -3.7792067534352225 0.0009112858092280247
1.2254801090462892 -3.3985582658596285 0.0010515493818454222
1.2254801090462892 -3.0248798839012845 0.0012012287558232691
1.2254801090462892 -2.6569959984428952 0.0013689761722420113
1.2254801090462892 -2.2939171418750837 0.0015267992856769052
1.2254801090462892 -1.9347914722822965 0.001763649241340013
1.2254801090462892 -1.578869894931614 0.0018300879398413655
1.2254801090462892 -1.225480109046289 0.0019089122509470353
1.2254801090462892 -0.8740066123570872 0.0018970675679395724
1.2254801090462892 -0.5238747138322762 0.0018773838109030175
1.2254801090462892 -0.17453721459758154 0.001882572634729758
1.2254801090462892 0.17453721459758323 0.001882572634730322
1.2254801090462892 0.5238747138322778 0.00187738381089796
1.2254801090462892 0.8740066123570885 0.001897067567942506
1.2254801090462892 1.2254801090462892 0.001908912250941603
1.2254801090462892 1.578869894931614 0.001830087939843651
1.2254801090462892 1.9347914722822956 0.0017636492413357551
1.2254801090462892 2.2939171418750837 0.0015267992856763024
1.2254801090462892 2.656995998442896 0.0013689761722421004
1.2254801090462892 3.024879883901285 0.001201228755823848
1.2254801090462892 3.398558265859627 0.0010515493818461417
1.2254801090462892 3.779206753435224 0.0009112858092288364
1.2254801090462892 4.168257066832501 0.0007860090047378697
1.2254801090462892 4.5675020728443965 0.000675382584424647
1.2254801090462892 4.9792609785452555 0.0005819714184791565
1.2254801090462892 5.406654247970126 0.0005071501073852807
1.2254801090462892 5.854095056030399 0.00045378247533662885
1.2254801090462892 6.328255351220081 0.0004249907377761719
1.2254801090462892 6.840237305249354 0.000426487450404207
1.2254801090462892 7.411582531485466 0.0004671380994090673
1.2254801090462892 8.098761139250847 0.0005723236445461068
1.578869894931614 -8.09876113925085 0.0005849584891198252
1.578869894931614 -7.411582531485468 0.0004751603344241335
1.578869894931614 -6.840237305249354 0.00042971945027152933
1.578869894931614 -6.3282553512200845 0.0004232622224820361
1.578869894931614 -5.8540950560304035 0.0004467130711424646
1.578869894931614 -5.406654247970128 0.0004942930128951251
1.578869894931614 -4.979260978545257 0.0005626891451397872
1.578869894931614 -4.567502072844396 0.0006489805814788572
1.578869894931614 -4.168257066832499 0.0007514695996523545
1.578869894931614 -3.7792067534352225 0.0008676676277072025
1.578869894931614 -3.3985582658596285 0.0009969531496901204
1.578869894931614 -3.0248798839012845 0.0011349969768228018
1.578869894931614 -2.6569959984428952 0.0012847316297920838
1.578869894931614 -2.2939171418750837 0.001429983593409473
1.578869894931614 -1.9347914722822965 0.0015946311611143554
1.578869894931614 -1.578869894931614 0.0016957275982840217
1.578869894931614 -1.225480109046289 0.001830087939844102
1.578869894931614 -0.8740066123570872 0.0018247107647666554
1.578869894931614 -0.5238747138322762 0.0018641687278560565
1.578869894931614 -0.17453721459758154 0.0018546641316238475
1.578869894931614 0.17453721459758323 0.0018546641316235081
1.578869894931614 0.5238747138322778 0.001864168727858249
1.578869894931614 0.8740066123570885 0.0018247107647611446
1.578869894931614 1.2254801090462892 0.0018300879398387001
1.578869894931614 1.578869894931614 0.0016957275982826452
1.578869894931614 1.9347914722822956 0.0015946311611137033
1.578869894931614 2.2939171418750837 0.0014299835934098268
1.578869894931614 2.656995998442896 0.0012847316297925112
1.578869894931614 3.024879883901285 0.0011349969768234586
1.578869894931614 3.398558265859627 0.0009969531496908655
1.578869894931614 3.779206753435224 0.0008676676277079877
1.578869894931614 4.168257066832501 0.0007514695996531634
1.578869894931614 4.5675020728443965 0.0006489805814796753
1.578869894931614 4.9792609785452555 0.0005626891451406101
1.578869894931614 5.406654247970126 0.0004942930128959531
1.578869894931614 5.854095056030399 0.00044671307114329466
1.578869894931614 6.328255351220081 0.0004232622224828687
1.578869894931614 6.840237305249354 0.00042971945027236454
1.578869894931614 7.411582531485466 0.00047516033442497217
1.578869894931614 8.098761139250847 0.0005849584891206597
1.9347914722822956 -8.09876113925085 0.0006015283728611143
1.9347914722822956 -7.411582531485468 0.00048603920224370785
1.9347914722822956 -6.840237305249354 0.0004347396896158064
1.9347914722822956 -6.3282553512200845 0.0004222446649840166
1.9347914722822956 -5.8540950560304035 0.0004392383226591749
1.9347914722822956 -5.406654247970128 0.00047986205265330485
1.9347914722822956 -4.979260978545257 0.0005406057975641482
1.9347914722822956 -4.567502072844396 0.0006184816272072783
1.9347914722822956 -4.168257066832499 0.0007114984218420784
1.9347914722822956 -3.7792067534352225 0.0008172121840886417
1.9347914722822956 -3.3985582658596285 0.000934314567850061
1.9347914722822956 -3.0248798839012845 0.0010594199622128043
1.9347914722822956 -2.6569959984428952 0.0011927507170619513
1.9347914722822956 -2.2939171418750837 0.0013262750626363818
1.9347914722822956 -1.9347914722822965 0.001469408815733489
1.9347914722822956 -1.578869894931614 0.0015946311611143597
1.9347914722822956 -1.225480109046289 0.0017636492413405259
1.9347914722822956 -0.8740066123570872 0.00184809162057884
1.9347914722822956 -0.5238747138322762 0.0020114432387740404
1.9347914722822956 -0.17453721459758154 0.0019510542771989242
1.9347914722822956 0.17453721459758323 0.0019510542772030043
1.9347914722822956 0.5238747138322778 0.0020114432387717176
1.9347914722822956 0.8740066123570885 0.001848091620571969
1.9347914722822956 1.2254801090462892 0.001763649241335669
1.9347914722822956 1.578869894931614 0.0015946311611137291
1.9347914722822956 1.9347914722822956 0.0014694088157335711
1.9347914722822956 2.2939171418750837 0.0013262750626369458
1.9347914722822956 2.656995998442896 0.0011927507170625452
1.9347914722822956 3.024879883901285 0.0010594199622134819
1.9347914722822956 3.398558265859627 0.0009343145678507839
1.9347914722822956 3.779206753435224 0.0008172121840894008
1.9347914722822956 4.168257066832501 0.0007114984218428588
1.9347914722822956 4.5675020728443965 0.00061848162720807
1.9347914722822956 4.9792609785452555 0.0005406057975649504
1.9347914722822956 5.406654247970126 0.0004798620526541159
1.9347914722822956 5.854095056030399 0.00043923832265999236
1.9347914722822956 6.328255351220081 0.00042224466498483825
1.9347914722822956 6.840237305249354 0.00043473968961663107
1.9347914722822956 7.411582531485466 0.0004860392022445342
1.9347914722822956 8.098761139250847 0.0006015283728619331
2.2939171418750837 -8.09876113925085 0.0006225536178532949
2.2939171418750837 -7.411582531485468 0.0005003413997524159
2.2939171418750837 -6.840237305249354 0.00044219095875598245
2.2939171418750837 -6.3282553512200845 0.00042267547677351847
2.2939171418750837 -5.8540950560304035 0.00043221858683276625
2.2939171418750837 -5.406654247970128 0.00046487135536048366
2.2939171418750837 -4.979260978545257 0.0005169340057032988
2.2939171418750837 -4.567502072844396 0.0005853461272058996
2.2939171418750837 -4.168257066832499 0.0006678701620955904
2.2939171418750837 -3.7792067534352225 0.0007620638185197396
2.2939171418750837 -3.3985582658596285 0.0008661262786844042
2.2939171418750837 -3.0248798839012845 0.0009771015601480208
2.2939171418750837 -2.6569959984428952 0.001093470741999864
2.2939171418750837 -2.2939171418750837 0.0012098904809899245
2.2939171418750837 -1.9347914722822965 0.001326275062636566
2.2939171418750837 -1.578869894931614 0.0014299835934098496
2.2939171418750837 -1.225480109046289 0.001526799285677499
2.2939171418750837 -0.8740066123570872 0.001592028444359489
2.2939171418750837 -0.5238747138322762 0.001644252721958133
2.2939171418750837 -0.17453721459758154 0.0016630296111014365
2.2939171418750837 0.17453721459758323 0.0016630296111007994
2.2939171418750837 0.5238747138322778 0.0016442527219574716
2.2939171418750837 0.8740066123570885 0.0015920284443592292
2.2939171418750837 1.2254801090462892 0.0015267992856766008
2.2939171418750837 1.578869894931614 0.0014299835934099285
2.2939171418750837 1.9347914722822956 0.0013262750626369577
2.2939171418750837 2.2939171418750837 0.00120989048099043
2.2939171418750837 2.656995998442896 0.001093470742000486
2.2939171418750837 3.024879883901285 0.0009771015601486826
2.2939171418750837 3.398558265859627 0.0008661262786851114
2.2939171418750837 3.779206753435224 0.0007620638185204711
2.2939171418750837 4.168257066832501 0.0006678701620963385
2.2939171418750837 4.5675020728443965 0.0005853461272066644
2.2939171418750837 4.9792609785452555 0.0005169340057040778
2.2939171418750837 5.406654247970126 0.0004648713553612765
2.2939171418750837 5.854095056030399 0.0004322185868335679
2.2939171418750837 6.328255351220081 0.00042267547677432663
2.2939171418750837 6.840237305249354 0.00044219095875679506
2.2939171418750837 7.411582531485466 0.0005003413997532307
2.2939171418750837 8.098761139250847 0.0006225536178541011
2.656995998442896 -8.09876113925085 0.0006486662822529123
2.656995998442896 -7.411582531485468 0.0005187512640586017
2.656995998442896 -6.840237305249354 0.0004528400892894931
2.656995998442896 -6.3282553512200845 0.0004254229816141403
2.656995998442896 -5.8540950560304035 0.0004266510126994907
2.656995998442896 -5.406654247970128 0.00045047728307597473
2.656995998442896 -4.979260978545257 0.000493030007912402
2.656995998442896 -4.567502072844396 0.0005511792807305927
2.656995998442896 -4.168257066832499 0.0006225021188085198
2.656995998442896 -3.7792067534352225 0.0007045529050605074
2.656995998442896 -3.3985582658596285 0.0007952609232052975
2.656995998442896 -3.0248798839012845 0.0008919714107176225
2.656995998442896 -2.6569959984428952 0.00099259264943993
2.656995998442896 -2.2939171418750837 0.0010934707419999804
2.656995998442896 -1.9347914722822965 0.001192750717062231
2.656995998442896 -1.578869894931614 0.0012847316297925683
2.656995998442896 -1.225480109046289 0.00136897617224257
2.656995998442896 -0.8740066123570872 0.0014365269955230395
2.656995998442896 -0.5238747138322762 0.0014884528423556257
2.656995998442896 -0.17453721459758154 0.0015143536897179893
2.656995998442896 0.17453721459758323 0.0015143536897180463
2.656995998442896 0.5238747138322778 0.001488452842354996
2.656995998442896 0.8740066123570885 0.0014365269955228697
2.656995998442896 1.2254801090462892 0.0013689761722427557
2.656995998442896 1.578869894931614 0.0012847316297926853
2.656995998442896 1.9347914722822956 0.0011927507170626564
2.656995998442896 2.2939171418750837 0.0010934707420005199
2.656995998442896 2.656995998442896 0.0009925926494405673
2.656995998442896 3.024879883901285 0.0008919714107182782
2.656995998442896 3.398558265859627 0.0007952609232059816
2.656995998442896 3.779206753435224 0.0007045529050612102
2.656995998442896 4.168257066832501 0.0006225021188092403
2.656995998442896 4.5675020728443965 0.0005511792807313305
2.656995998442896 4.9792609785452555 0.0004930300079131559
2.656995998442896 5.406654247970126 0.00045047728307674614
2.656995998442896 5.854095056030399 0.0004266510127002741
2.656995998442896 6.328255351220081 0.00042542298161493295
2.656995998442896 6.840237305249354 0.0004528400892902936
2.656995998442896 7.411582531485466 0.0005187512640594074
2.656995998442896 8.098761139250847 0.0006486662822537133
3.024879883901285 -8.09876113925085 0.0006806204463217558
3.024879883901285 -7.411582531485468 0.0005420792360678959
3.024879883901285 -6.840237305249354 0.0004675827625901511
3.024879883901285 -6.3282553512200845 0.0004314864139820851
3.024879883901285 -5.8540950560304035 0.0004236628816916668
3.024879883901285 -5.406654247970128 0.0004379623574648394
3.024879883901285 -4.979260978545257 0.00047036363582667745
3.024879883901285 -4.567502072844396 0.0005176749770288275
3.024879883901285 -4.168257066832499 0.0005773432485836393
3.024879883901285 -3.7792067534352225 0.0006469179489319245
3.024879883901285 -3.3985582658596285 0.0007241864244128591
3.024879883901285 -3.0248798839012845 0.000806649875991982
3.024879883901285 -2.6569959984428952 0.0008919714107177135
3.024879883901285 -2.2939171418750837 0.0009771015601482214
3.024879883901285 -1.9347914722822965 0.0010594199622131683
3.024879883901285 -1.578869894931614 0.0011349969768233307
3.024879883901285 -1.225480109046289 0.0012012287558239487
3.024879883901285 -0.8740066123570872 0.0012537370059874367
3.024879883901285 -0.5238747138322762 0.001290852657918347
3.024879883901285 -0.17453721459758154 0.001309603479999431
3.024879883901285 0.17453721459758323 0.0013096034799994461
3.024879883901285 0.5238747138322778 0.0012908526579181962
3.024879883901285 0.8740066123570885 0.001253737005987405
3.024879883901285 1.2254801090462892 0.0012012287558240686
3.024879883901285 1.578869894931614 0.0011349969768235987
3.024879883901285 1.9347914722822956 0.0010594199622135792
3.024879883901285 2.2939171418750837 0.0009771015601487407
3.024879883901285 2.656995998442896 0.0008919714107182993
3.024879883901285 3.024879883901285 0.0008066498759926057
3.024879883901285 3.398558265859627 0.000724186424413513
3.024879883901285 3.779206753435224 0.0006469179489325965
3.024879883901285 4.168257066832501 0.0005773432485843321
3.024879883901285 4.5675020728443965 0.0005176749770295382
3.024879883901285 4.9792609785452555 0.00047036363582740723
3.024879883901285 5.406654247970126 0.00043796235746558813
3.024879883901285 5.854095056030399 0.0004236628816924306
3.024879883901285 6.328255351220081 0.00043148641398286076
3.024879883901285 6.840237305249354 0.00046758276259093725
3.024879883901285 7.411582531485466 0.0005420792360686938
3.024879883901285 8.098761139250847 0.0006806204463225562
3.398558265859627 -8.09876113925085 0.0007193094677145554
3.398558265859627 -7.411582531485468 0.0005712769447897631
3.398558265859627 -6.840237305249354 0.0004874550137417463
3.398558265859627 -6.3282553512200845 0.00044200304571772616
3.398558265859627 -5.8540950560304035 0.0004245135694923361
3.398558265859627 -5.406654247970128 0.00042873139135752225
3.398558265859627 -4.979260978545257 0.00045051030540659037
3.398558265859627 -4.567502072844396 0.0004866095040611294
3.398558265859627 -4.168257066832499 0.0005343970822282577
3.398558265859627 -3.7792067534352225 0.00059143605639885
3.398558265859627 -3.3985582658596285 0.0006554814982040344
3.398558265859627 -3.0248798839012845 0.0007241864244129495
3.398558265859627 -2.6569959984428952 0.0007952609232054815
3.398558265859627 -2.2939171418750837 0.0008661262786846961
3.398558265859627 -1.9347914722822965 0.000934314567850477
3.398558265859627 -1.578869894931614 0.0009969531496906848
3.398558265859627 -1.225480109046289 0.0010515493818461133
3.398558265859627 -0.8740066123570872 0.0010952429351956071
3.398558265859627 -0.5238747138322762 0.0011259811583926467
3.398558265859627 -0.17453721459758154 0.0011417750193953539
3.398558265859627 0.17453721459758323 0.0011417750193953686
3.398558265859627 0.5238747138322778 0.0011259811583926977
3.398558265859627 0.8740066123570885 0.0010952429351957383
3.398558265859627 1.2254801090462892 0.001051549381846308
3.398558265859627 1.578869894931614 0.0009969531496909951
3.398558265859627 1.9347914722822956 0.0009343145678508733
3.398558265859627 2.2939171418750837 0.0008661262786851646
3.398558265859627 2.656995998442896 0.0007952609232060124
3.398558265859627 3.024879883901285 0.0007241864244135247
3.398558265859627 3.398558265859627 0.0006554814982046469
3.398558265859627 3.779206753435224 0.0005914360563994885
3.398558265859627 4.168257066832501 0.0005343970822289199
3.398558265859627 4.5675020728443965 0.00048660950406181176
3.398558265859627 4.9792609785452555 0.0004505103054072948
3.398558265859627 5.406654247970126 0.0004287313913582483
3.398558265859627 5.854095056030399 0.00042451356949307954
3.398558265859627 6.328255351220081 0.00044200304571848407
3.398558265859627 6.840237305249354 0.0004874550137425173
3.398558265859627 7.411582531485466 0.0005712769447905507
3.398558265859627 8.098761139250847 0.000719309467715356
3.779206753435224 -8.09876113925085 0.0007657933926207509
3.779206753435224 -7.411582531485468 0.0006074619805707915
3.779206753435224 -6.840237305249354 0.0005136544082331248
3.779206753435224 -6.3282553512200845 0.0004582651076394015
3.779206753435224 -5.8540950560304035 0.0004306065226661149
3.779206753435224 -5.406654247970128 0.0004243170306359609
3.779206753435224 -4.979260978545257 0.00043514810039415534
3.779206753435224 -4.567502072844396 0.00045982318210542784
3.779206753435224 -4.168257066832499 0.0004956706618093643
3.779206753435224 -3.7792067534352225 0.0005402818478976758
3.779206753435224 -3.3985582658596285 0.0005914360563989293
3.779206753435224 -3.0248798839012845 0.0006469179489320918
3.779206753435224 -2.6569959984428952 0.0007045529050607654
3.779206753435224 -2.2939171418750837 0.0007620638185200989
3.779206753435224 -1.9347914722822965 0.0008172121840891158
3.779206753435224 -1.578869894931614 0.0008676676277077985
3.779206753435224 -1.225480109046289 0.0009112858092287427
3.779206753435224 -0.8740066123570872 0.0009459957723632447
3.779206753435224 -0.5238747138322762 0.0009701770530882706
3.779206753435224 -0.17453721459758154 0.0009825721129601097
3.779206753435224 0.17453721459758323 0.000982572112960155
3.779206753435224 0.5238747138322778 0.0009701770530883852
3.779206753435224 0.8740066123570885 0.0009459957723634081
3.779206753435224 1.2254801090462892 0.0009112858092289823
3.779206753435224 1.578869894931614 0.0008676676277081098
3.779206753435224 1.9347914722822956 0.0008172121840894908
3.779206753435224 2.2939171418750837 0.0007620638185205364
3.779206753435224 2.656995998442896 0.0007045529050612542
3.779206753435224 3.024879883901285 0.0006469179489326233
3.779206753435224 3.398558265859627 0.0005914360563995006
3.779206753435224 3.779206753435224 0.0005402818478982772
3.779206753435224 4.168257066832501 0.0004956706618099942
3.779206753435224 4.5675020728443965 0.0004598231821060818
3.779206753435224 4.9792609785452555 0.00043514810039483345
3.779206753435224 5.406654247970126 0.0004243170306366631
3.779206753435224 5.854095056030399 0.0004306065226668368
3.779206753435224 6.328255351220081 0.00045826510764013977
3.779206753435224 6.840237305249354 0.0005136544082338798
3.779206753435224 7.411582531485466 0.0006074619805715667
3.779206753435224 8.098761139250847 0.0007657933926215396
4.168257066832501 -8.09876113925085 0.0008213415803038028
4.168257066832501 -7.411582531485468 0.0006519573253098697
4.168257066832501 -6.840237305249354 0.0005475759535609077
4.168257066832501 -6.3282553512200845 0.0004817520505238523
4.168257066832501 -5.8540950560304035 0.00044351824437969156
4.168257066832501 -5.406654247970128 0.00042640625140513184
4.168257066832501 -4.979260978545257 0.00042608505282567416
4.168257066832501 -4.567502072844396 0.000439255927552222
4.168257066832501 -4.168257066832499 0.0004632386633370146
4.168257066832501 -3.7792067534352225 0.0004956706618094394
4.168257066832501 -3.3985582658596285 0.0005343970822284111
4.168257066832501 -3.0248798839012845 0.000577343248583879
4.168257066832501 -2.6569959984428952 0.0006225021188088454
4.168257066832501 -2.2939171418750837 0.0006678701620960082
4.168257066832501 -1.9347914722822965 0.0007114984218425983
4.168257066832501 -1.578869894931614 0.000751469599652981
4.168257066832501 -1.225480109046289 0.0007860090047377696
4.168257066832501 -0.8740066123570872 0.0008134994466435046
4.168257066832501 -0.5238747138322762 0.0008326314709174275
4.168257066832501 -0.17453721459758154 0.0008424438515755075
4.168257066832501 0.17453721459758323 0.0008424438515755473
4.168257066832501 0.5238747138322778 0.000832631470917542
4.168257066832501 0.8740066123570885 0.0008134994466436826
4.168257066832501 1.2254801090462892 0.0007860090047380067
4.168257066832501 1.578869894931614 0.0007514695996532777
4.168257066832501 1.9347914722822956 0.0007114984218429498
4.168257066832501 2.2939171418750837 0.000667870162096413
4.168257066832501 2.656995998442896 0.0006225021188092956
4.168257066832501 3.024879883901285 0.000577343248584371
4.168257066832501 3.398558265859627 0.0005343970822289441
4.168257066832501 3.779206753435224 0.000495670661810006
4.168257066832501 4.168257066832501 0.00046323866333761193
4.168257066832501 4.5675020728443965 0.0004392559275528463
4.168257066832501 4.9792609785452555 0.0004260850528263248
4.168257066832501 5.406654247970126 0.0004264062514058083
4.168257066832501 5.854095056030399 0.0004435182443803894
4.168257066832501 6.328255351220081 0.0004817520505245695
4.168257066832501 6.840237305249354 0.0005475759535616456
4.168257066832501 7.411582531485466 0.0006519573253106306
4.168257066832501 8.098761139250847 0.0008213415803045742
4.5675020728443965 -8.09876113925085 0.0008874990606596595
4.5675020728443965 -7.411582531485468 0.0007063536253501597
4.5675020728443965 -6.840237305249354 0.0005908704787991643
4.5675020728443965 -6.3282553512200845 0.000514185002178094
4.5675020728443965 -5.8540950560304035 0.00046504894257466315
4.5675020728443965 -5.406654247970128 0.0004368867747098113
4.5675020728443965 -4.979260978545257 0.0004253003752170733
4.5675020728443965 -4.567502072844396 0.00042697956108296364
4.5675020728443965 -4.168257066832499 0.00043925592755229045
4.5675020728443965 -3.7792067534352225 0.0004598231821055702
4.5675020728443965 -3.3985582658596285 0.00048660950406134745
4.5675020728443965 -3.0248798839012845 0.0005176749770291279
4.5675020728443965 -2.6569959984428952 0.0005511792807309756
4.5675020728443965 -2.2939171418750837 0.0005853461272063693
4.5675020728443965 -1.9347914722822965 0.0006184816272078394
4.5675020728443965 -1.578869894931614 0.0006489805814795137
4.5675020728443965 -1.225480109046289 0.0006753825844245604
4.5675020728443965 -0.8740066123570872 0.0006964082715817545
4.5675020728443965 -0.5238747138322762 0.0007110333474653797
4.5675020728443965 -0.17453721459758154 0.0007185322094068077
4.5675020728443965 0.17453721459758323 0.0007185322094068417
4.5675020728443965 0.5238747138322778 0.0007110333474654865
4.5675020728443965 0.8740066123570885 0.0006964082715819233
4.5675020728443965 1.2254801090462892 0.0006753825844247838
4.5675020728443965 1.578869894931614 0.0006489805814797906
4.5675020728443965 1.9347914722822956 0.0006184816272081654
4.5675020728443965 2.2939171418750837 0.0005853461272067442
4.5675020728443965 2.656995998442896 0.0005511792807313953
4.5675020728443965 3.024879883901285 0.0005176749770295884
4.5675020728443965 3.398558265859627 0.0004866095040618483
4.5675020728443965 3.779206753435224 0.00045982318210610525
4.5675020728443965 4.168257066832501 0.00043925592755285765
4.5675020728443965 4.5675020728443965 0.00042697956108355843
4.5675020728443965 4.9792609785452555 0.0004253003752176956
4.5675020728443965 5.406654247970126 0.0004368867747104614
4.5675020728443965 5.854095056030399 0.0004650489425753363
4.5675020728443965 6.328255351220081 0.0005141850021787883
4.5675020728443965 6.840237305249354 0.0005908704787998831
4.5675020728443965 7.411582531485466 0.0007063536253509053
4.5675020728443965 8.098761139250847 0.0008874990606604031
4.9792609785452555 -8.09876113925085 0.0009661921413689235
4.9792609785452555 -7.411582531485468 0.0007726094200407799
4.9792609785452555 -6.840237305249354 0.0006455404428995805
4.9792609785452555 -6.3282553512200845 0.0005576188035725053
4.9792609785452555 -5.8540950560304035 0.0004973120054338218
4.9792609785452555 -5.406654247970128 0.0004579358698989474
4.9792609785452555 -4.979260978545257 0.00043503642234555835
4.9792609785452555 -4.567502072844396 0.0004253003752171393
4.9792609785452555 -4.168257066832499 0.0004260850528258081
4.9792609785452555 -3.7792067534352225 0.00043514810039436134
4.9792609785452555 -3.3985582658596285 0.00045051030540686873
4.9792609785452555 -3.0248798839012845 0.0004703636358270339
4.9792609785452555 -2.6569959984428952 0.0004930300079128369
4.9792609785452555 -2.2939171418750837 0.0005169340057038151
4.9792609785452555 -1.9347914722822965 0.0005406057975647482
4.9792609785452555 -1.578869894931614 0.0005626891451404732
4.9792609785452555 -1.225480109046289 0.000581971418479088
4.9792609785452555 -0.8740066123570872 0.0005974130834848932
4.9792609785452555 -0.5238747138322762 0.0006081897591299102
4.9792609785452555 -0.17453721459758154 0.0006137257845015196
4.9792609785452555 0.17453721459758323 0.0006137257845015504
4.9792609785452555 0.5238747138322778 0.0006081897591300037
4.9792609785452555 0.8740066123570885 0.0005974130834850445
4.9792609785452555 1.2254801090462892 0.0005819714184792937
4.9792609785452555 1.578869894931614 0.0005626891451407278
4.9792609785452555 1.9347914722822956 0.0005406057975650508
4.9792609785452555 2.2939171418750837 0.0005169340057041637
4.9792609785452555 2.656995998442896 0.0004930300079132296
4.9792609785452555 3.024879883901285 0.0004703636358274675
4.9792609785452555 3.398558265859627 0.00045051030540734264
4.9792609785452555 3.779206753435224 0.00043514810039486793
4.9792609785452555 4.168257066832501 0.0004260850528263466
4.9792609785452555 4.5675020728443965 0.000425300375217706
4.9792609785452555 4.9792609785452555 0.0004350364223461538
4.9792609785452555 5.406654247970126 0.0004579358698995708
4.9792609785452555 5.854095056030399 0.0004973120054344697
4.9792609785452555 6.328255351220081 0.0005576188035731758
4.9792609785452555 6.840237305249354 0.0006455404429002807
4.9792609785452555 7.411582531485466 0.0007726094200415097
4.9792609785452555 8.098761139250847 0.0009661921413696198
5.406654247970126 -8.09876113925085 0.0010599031827254704
5.406654247970126 -7.411582531485468 0.0008532179272426647
5.406654247970126 -6.840237305249354 0.0007141002385646945
5.406654247970126 -6.3282553512200845 0.0006145964421386839
5.406654247970126 -5.8540950560304035 0.000542883047321276
5.406654247970126 -5.406654247970128 0.0004921639621051025
5.406654247970126 -4.979260978545257 0.0004579358698990109
5.406654247970126 -4.567502072844396 0.00043688677470994067
5.406654247970126 -4.168257066832499 0.00042640625140532846
5.406654247970126 -3.7792067534352225 0.0004243170306362268
5.406654247970126 -3.3985582658596285 0.00042873139135785797
5.406654247970126 -3.0248798839012845 0.00043796235746524834
5.406654247970126 -2.6569959984428952 0.0004504772830764584
5.406654247970126 -2.2939171418750837 0.0004648713553610436
5.406654247970126 -1.9347914722822965 0.0004798620526539421
5.406654247970126 -1.578869894931614 0.0004942930128958404
5.406654247970126 -1.225480109046289 0.0005071501073852319
5.406654247970126 -0.8740066123570872 0.0005175809229583419
5.406654247970126 -0.5238747138322762 0.0005249190172115318
5.406654247970126 -0.17453721459758154 0.0005287051655294865
5.406654247970126 0.17453721459758323 0.0005287051655295147
5.406654247970126 0.5238747138322778 0.0005249190172116149
5.406654247970126 0.8740066123570885 0.0005175809229584782
5.406654247970126 1.2254801090462892 0.0005071501073854196
5.406654247970126 1.578869894931614 0.0004942930128960758
5.406654247970126 1.9347914722822956 0.0004798620526542238
5.406654247970126 2.2939171418750837 0.0004648713553613699
5.406654247970126 2.656995998442896 0.00045047728307682724
5.406654247970126 3.024879883901285 0.0004379623574656575
5.406654247970126 3.398558265859627 0.00042873139135830575
5.406654247970126 3.779206753435224 0.00042431703063670775
5.406654247970126 4.168257066832501 0.00042640625140584015
5.406654247970126 4.5675020728443965 0.0004368867747104821
5.406654247970126 4.9792609785452555 0.00045793586989958165
5.406654247970126 5.406654247970126 0.0004921639621057023
5.406654247970126 5.854095056030399 0.0005428830473219014
5.406654247970126 6.328255351220081 0.000614596442139336
5.406654247970126 6.840237305249354 0.0007141002385653808
5.406654247970126 7.411582531485466 0.0008532179272433663
5.406654247970126 8.098761139250847 0.0010599031827261093
5.854095056030399 -8.09876113925085 0.0011719780371209573
5.854095056030399 -7.411582531485468 0.0009515017534461273
5.854095056030399 -6.840237305249354 0.0007998610619401776
5.854095056030399 -6.3282553512200845 0.0006884259450839709
5.854095056030399 -5.8540950560304035 0.0006050710496347674
5.854095056030399 -5.406654247970128 0.0005428830473213352
5.854095056030399 -4.979260978545257 0.0004973120054339442
5.854095056030399 -4.567502072844396 0.00046504894257484985
5.854095056030399 -4.168257066832499 0.0004435182443799436
5.854095056030399 -3.7792067534352225 0.00043060652266643416
5.854095056030399 -3.3985582658596285 0.0004245135694927216
5.854095056030399 -3.0248798839012845 0.00042366288169212187
5.854095056030399 -2.6569959984428952 0.0004266510127000155
5.854095056030399 -2.2939171418750837 0.00043221858683336223
5.854095056030399 -1.9347914722822965 0.0004392383226598431
5.854095056030399 -1.578869894931614 0.00044671307114320304
5.854095056030399 -1.225480109046289 0.0004537824753365967
5.854095056030399 -0.8740066123570872 0.0004597338762609432
5.854095056030399 -0.5238747138322762 0.0004640161609051204
5.854095056030399 -0.17453721459758154 0.0004662528627513102
5.854095056030399 0.17453721459758323 0.0004662528627513353
5.854095056030399 0.5238747138322778 0.0004640161609051964
5.854095056030399 0.8740066123570885 0.0004597338762610691
5.854095056030399 1.2254801090462892 0.0004537824753367707
5.854095056030399 1.578869894931614 0.00044671307114342324
5.854095056030399 1.9347914722822956 0.0004392383226601069
5.854095056030399 2.2939171418750837 0.0004322185868336696
5.854095056030399 2.656995998442896 0.0004266510127003635
5.854095056030399 3.024879883901285 0.0004236628816925087
5.854095056030399 3.398558265859627 0.00042451356949314617
5.854095056030399 3.779206753435224 0.00043060652266688996
5.854095056030399 4.168257066832501 0.0004435182443804307
5.854095056030399 4.5675020728443965 0.0004650489425753668
5.854095056030399 4.9792609785452555 0.0004973120054344908
5.854095056030399 5.406654247970126 0.0005428830473219129
5.854095056030399 5.854095056030399 0.0006050710496353737
5.854095056030399 6.328255351220081 0.0006884259450846096
5.854095056030399 6.840237305249354 0.0007998610619408545
5.854095056030399 7.411582531485466 0.0009515017534467979
5.854095056030399 8.098761139250847 0.0011719780371214606
6.328255351220081 -8.09876113925085 0.0013072145313956995
6.328255351220081 -7.411582531485468 0.0010721768157471597
6.328255351220081 -6.840237305249354 0.0009074745531355
6.328255351220081 -6.3282553512200845 0.0007837055698807433
6.328255351220081 -5.8540950560304035 0.0006884259450840319
6.328255351220081 -5.406654247970128 0.0006145964421388018
6.328255351220081 -4.979260978545257 0.0005576188035726838
6.328255351220081 -4.567502072844396 0.0005141850021783349
6.328255351220081 -4.168257066832499 0.00048175205052415566
6.328255351220081 -3.7792067534352225 0.00045826510763976805
6.328255351220081 -3.3985582658596285 0.0004420030457181561
6.328255351220081 -3.0248798839012845 0.00043148641398258136
6.328255351220081 -2.6569959984428952 0.0004254229816147019
6.328255351220081 -2.2939171418750837 0.00042267547677414676
6.328255351220081 -1.9347914722822965 0.0004222446649847119
6.328255351220081 -1.578869894931614 0.00042326222248279606
6.328255351220081 -1.225480109046289 0.0004249907377761533
6.328255351220081 -0.8740066123570872 0.000426827903875899
6.328255351220081 -0.5238747138322762 0.0004283131511368924
6.328255351220081 -0.17453721459758154 0.00042913455112940564
6.328255351220081 0.17453721459758323 0.0004291345511294299
6.328255351220081 0.5238747138322778 0.0004283131511369645
6.328255351220081 0.8740066123570885 0.0004268279038760175
6.328255351220081 1.2254801090462892 0.00042499073777631615
6.328255351220081 1.578869894931614 0.00042326222248300174
6.328255351220081 1.9347914722822956 0.00042224466498495973
6.328255351220081 2.2939171418750837 0.0004226754767744351
6.328255351220081 2.656995998442896 0.0004254229816150298
6.328255351220081 3.024879883901285 0.00043148641398294647
6.328255351220081 3.398558265859627 0.00044200304571855796
6.328255351220081 3.779206753435224 0.00045826510764020124
6.328255351220081 4.168257066832501 0.00048175205052461894
6.328255351220081 4.5675020728443965 0.0005141850021788273
6.328255351220081 4.9792609785452555 0.0005576188035732076
6.328255351220081 5.406654247970126 0.000614596442139356
6.328255351220081 5.854095056030399 0.0006884259450846153
6.328255351220081 6.328255351220081 0.0007837055698813644
6.328255351220081 6.840237305249354 0.0009074745531361651
6.328255351220081 7.411582531485466 0.0010721768157478044
6.328255351220081 8.098761139250847 0.0013072145313959857
6.840237305249354 -8.09876113925085 0.001473141487913148
6.840237305249354 -7.411582531485468 0.0012225793702380404
6.840237305249354 -6.840237305249354 0.0010441182917028315
6.840237305249354 -6.3282553512200845 0.0009074745531355642
6.840237305249354 -5.8540950560304035 0.000799861061940304
6.840237305249354 -5.406654247970128 0.0007141002385648723
6.840237305249354 -4.979260978545257 0.0006455404428998168
6.840237305249354 -4.567502072844396 0.0005908704787994588
6.840237305249354 -4.168257066832499 0.0005475759535612626
6.840237305249354 -3.7792067534352225 0.0005136544082335406
6.840237305249354 -3.3985582658596285 0.00048745501374222136
6.840237305249354 -3.0248798839012845 0.00046758276259068805
6.840237305249354 -2.6569959984428952 0.00045284008929009163
6.840237305249354 -2.2939171418750837 0.000442190958756641
6.840237305249354 -1.9347914722822965 0.0004347396896165268
6.840237305249354 -1.578869894931614 0.0004297194502723094
6.840237305249354 -1.225480109046289 0.00042648745040420175
6.840237305249354 -0.8740066123570872 0.0004245244373442779
6.840237305249354 -0.5238747138322762 0.000423436789084862
6.840237305249354 -0.17453721459758154 0.0004229596102237099
6.840237305249354 0.17453721459758323 0.00042295961022373253
6.840237305249354 0.5238747138322778 0.0004234367890849296
6.840237305249354 0.8740066123570885 0.00042452443734438745
6.840237305249354 1.2254801090462892 0.0004264874504043534
6.840237305249354 1.578869894931614 0.00042971945027250115
6.840237305249354 1.9347914722822956 0.0004347396896167582
6.840237305249354 2.2939171418750837 0.00044219095875691145
6.840237305249354 2.656995998442896 0.0004528400892903981
6.840237305249354 3.024879883901285 0.0004675827625910299
6.840237305249354 3.398558265859627 0.00048745501374259845
6.840237305249354 3.779206753435224 0.0005136544082339484
6.840237305249354 4.168257066832501 0.0005475759535617004
6.840237305249354 4.5675020728443965 0.0005908704787999267
6.840237305249354 4.9792609785452555 0.0006455404429003131
6.840237305249354 5.406654247970126 0.0007141002385653962
6.840237305249354 5.854095056030399 0.000799861061940855
6.840237305249354 6.328255351220081 0.0009074745531361739
6.840237305249354 6.840237305249354 0.0010441182917034905
6.840237305249354 7.411582531485466 0.0012225793702387595
6.840237305249354 8.098761139250847 0.0014731414879145784
7.411582531485466 -8.09876113925085 0.0016833846857494028
7.411582531485466 -7.411582531485468 0.0014158795759549323
7.411582531485466 -6.840237305249354 0.0012225793702380949
7.411582531485466 -6.3282553512200845 0.0010721768157472308
7.411582531485466 -5.8540950560304035 0.0009515017534462759
7.411582531485466 -5.406654247970128 0.0008532179272428726
7.411582531485466 -4.979260978545257 0.0007726094200410639
7.411582531485466 -4.567502072844396 0.0007063536253505048
7.411582531485466 -4.168257066832499 0.000651957325310273
7.411582531485466 -3.7792067534352225 0.0006074619805712599
7.411582531485466 -3.3985582658596285 0.0005712769447902881
7.411582531485466 -3.0248798839012845 0.0005420792360684791
7.411582531485466 -2.6569959984428952 0.0005187512640592374
7.411582531485466 -2.2939171418750837 0.0005003413997531048
7.411582531485466 -1.9347914722822965 0.00048603920224445357
7.411582531485466 -1.578869894931614 0.0004751603344249349
7.411582531485466 -1.225480109046289 0.0004671380994090772
7.411582531485466 -0.8740066123570872 0.0004615194150087245
7.411582531485466 -0.5238747138322762 0.000457963628428244
7.411582531485466 -0.17453721459758154 0.00045624286032550044
7.411582531485466 0.17453721459758323 0.00045624286032552093
7.411582531485466 0.5238747138322778 0.0004579636284283049
7.411582531485466 0.8740066123570885 0.00046151941500882345
7.411582531485466 1.2254801090462892 0.000467138099409214
7.411582531485466 1.578869894931614 0.0004751603344251103
7.411582531485466 1.9347914722822956 0.0004860392022446681
7.411582531485466 2.2939171418750837 0.0005003413997533573
7.411582531485466 2.656995998442896 0.000518751264059523
7.411582531485466 3.024879883901285 0.0005420792360687961
7.411582531485466 3.398558265859627 0.0005712769447906405
7.411582531485466 3.779206753435224 0.0006074619805716427
7.411582531485466 4.168257066832501 0.0006519573253106894
7.411582531485466 4.5675020728443965 0.0007063536253509469
7.411582531485466 4.9792609785452555 0.0007726094200415277
7.411582531485466 5.406654247970126 0.0008532179272433617
7.411582531485466 5.854095056030399 0.0009515017534467912
7.411582531485466 6.328255351220081 0.0010721768157478653
7.411582531485466 6.840237305249354 0.0012225793702389197
7.411582531485466 7.411582531485466 0.001415879575956078
7.411582531485466 8.098761139250847 0.001683384685755925
8.098761139250847 -8.09876113925085 0.001970507012470793
8.098761139250847 -7.411582531485468 0.0016833846857517406
8.098761139250847 -6.840237305249354 0.001473141487913712
8.098761139250847 -6.3282553512200845 0.0013072145313953248
8.098761139250847 -5.8540950560304035 0.0011719780371208313
8.098761139250847 -5.406654247970128 0.0010599031827255624
8.098761139250847 -4.979260978545257 0.0009661921413691559
8.098761139250847 -4.567502072844396 0.000887499060659998
8.098761139250847 -4.168257066832499 0.0008213415803042329
8.098761139250847 -3.7792067534352225 0.0007657933926212517
8.098761139250847 -3.3985582658596285 0.0007193094677151182
8.098761139250847 -3.0248798839012845 0.0006806204463223721
8.098761139250847 -2.6569959984428952 0.0006486662822535762
8.098761139250847 -2.2939171418750837 0.0006225536178540051
8.098761139250847 -1.9347914722822965 0.0006015283728618775
8.098761139250847 -1.578869894931614 0.0005849584891206438
8.098761139250847 -1.225480109046289 0.0005723236445461321
8.098761139250847 -0.8740066123570872 0.0005632097264855705
8.098761139250847 -0.5238747138322762 0.0005573064213642952
8.098761139250847 -0.17453721459758154 0.0005544066189824747
8.098761139250847 0.17453721459758323 0.0005544066189824943
8.098761139250847 0.5238747138322778 0.0005573064213643516
8.098761139250847 0.8740066123570885 0.0005632097264856587
8.098761139250847 1.2254801090462892 0.0005723236445462531
8.098761139250847 1.578869894931614 0.0005849584891208016
8.098761139250847 1.9347914722822956 0.0006015283728620748
8.098761139250847 2.2939171418750837 0.0006225536178542406
8.098761139250847 2.656995998442896 0.0006486662822538438
8.098761139250847 3.024879883901285 0.0006806204463226691
8.098761139250847 3.398558265859627 0.0007193094677154497
8.098761139250847 3.779206753435224 0.0007657933926216188
8.098761139250847 4.168257066832501 0.0008213415803046343
8.098761139250847 4.5675020728443965 0.000887499060660432
8.098761139250847 4.9792609785452555 0.0009661921413695913
8.098761139250847 5.406654247970126 0.0010599031827260045
8.098761139250847 5.854095056030399 0.0011719780371212865
8.098761139250847 6.328255351220081 0.00130721453139597
8.098761139250847 6.840237305249354 0.001473141487914768
8.098761139250847 7.411582531485466 0.0016833846857555715
8.098761139250847 8.098761139250847 0.001970507012479141
