-8.09876113925085 -8.09876113925085 0.09687541973084574
-8.09876113925085 -7.411582531485468 0.08206289835742349
-8.09876113925085 -6.840237305249354 0.07123399646993875
-8.09876113925085 -6.3282553512200845 0.06269201169018845
-8.09876113925085 -5.8540950560304035 0.0557299251334114
-8.09876113925085 -5.406654247970128 0.04995834907224964
-8.09876113925085 -4.979260978545257 0.045129798391546634
-8.09876113925085 -4.567502072844396 0.0410720944328956
-8.09876113925085 -4.168257066832499 0.037657772773833864
-8.09876113925085 -3.7792067534352225 0.034788121434580974
-8.09876113925085 -3.3985582658596285 0.032384111331172166
-8.09876113925085 -3.0248798839012845 0.030380915997246183
-8.09876113925085 -2.6569959984428952 0.028724465226954658
-8.09876113925085 -2.2939171418750837 0.027369228574604946
-8.09876113925085 -1.9347914722822965 0.02627678802844923
-8.09876113925085 -1.578869894931614 0.02541493957447372
-8.09876113925085 -1.225480109046289 0.024757159819132825
-8.09876113925085 -0.8740066123570872 0.024282323850905074
-8.09876113925085 -0.5238747138322762 0.023974588482031968
-8.09876113925085 -0.17453721459758154 0.023823371486230815
-8.09876113925085 0.17453721459758323 0.023823371486231107
-8.09876113925085 0.5238747138322778 0.023974588482032714
-8.09876113925085 0.8740066123570885 0.024282323850906343
-8.09876113925085 1.2254801090462892 0.024757159819134587
-8.09876113925085 1.578869894931614 0.02541493957447602
-8.09876113925085 1.9347914722822956 0.02627678802845209
-8.09876113925085 2.2939171418750837 0.02736922857460831
-8.09876113925085 2.656995998442896 0.02872446522695841
-8.09876113925085 3.024879883901285 0.030380915997250117
-8.09876113925085 3.398558265859627 0.03238411133117591
-8.09876113925085 3.779206753435224 0.03478812143458536
-8.09876113925085 4.168257066832501 0.037657772773837146
-8.09876113925085 4.5675020728443965 0.041072094432895626
-8.09876113925085 4.9792609785452555 0.045129798391556904
-8.09876113925085 5.406654247970126 0.04995834907236472
-8.09876113925085 5.854095056030399 0.0557299251331959
-8.09876113925085 6.328255351220081 0.06269201167234777
-8.09876113925085 6.840237305249354 0.07123399635408267
-8.09876113925085 7.411582531485466 0.08206289695008018
-8.09876113925085 8.098761139250847 0.09687541392583525
-7.411582531485468 -8.09876113925085 0.08206289835741588
-7.411582531485468 -7.411582531485468 0.06802061811886147
-7.411582531485468 -6.840237305249354 0.057900574066066704
-7.411582531485468 -6.3282553512200845 0.05003312936052941
-7.411582531485468 -5.8540950560304035 0.04372003267659624
-7.411582531485468 -5.406654247970128 0.03857439022344005
-7.411582531485468 -4.979260978545257 0.03434863416136418
-7.411582531485468 -4.567502072844396 0.030869077952483507
-7.411582531485468 -4.168257066832499 0.028005902344545575
-7.411582531485468 -3.7792067534352225 0.025657502494020674
-7.411582531485468 -3.3985582658596285 0.02374163671222279
-7.411582531485468 -3.0248798839012845 0.02219010871247332
-7.411582531485468 -2.6569959984428952 0.020945458673943994
-7.411582531485468 -2.2939171418750837 0.019958862292001323
-7.411582531485468 -1.9347914722822965 0.019188804002450238
-7.411582531485468 -1.578869894931614 0.018600263752069968
-7.411582531485468 -1.225480109046289 0.0181642564797052
-7.411582531485468 -0.8740066123570872 0.01785761071667534
-7.411582531485468 -0.5238747138322762 0.01766290200017308
-7.411582531485468 -0.17453721459758154 0.01756847108739918
-7.411582531485468 0.17453721459758323 0.017568471087399604
-7.411582531485468 0.5238747138322778 0.017662902000174358
-7.411582531485468 0.8740066123570885 0.017857610716677425
-7.411582531485468 1.2254801090462892 0.018164256479708003
-7.411582531485468 1.578869894931614 0.018600263752073527
-7.411582531485468 1.9347914722822956 0.01918880400245453
-7.411582531485468 2.2939171418750837 0.019958862292006274
-7.411582531485468 2.656995998442896 0.020945458673949622
-7.411582531485468 3.024879883901285 0.022190108712479385
-7.411582531485468 3.398558265859627 0.023741636712228908
-7.411582531485468 3.779206753435224 0.025657502494027935
-7.411582531485468 4.168257066832501 0.028005902344551567
-7.411582531485468 4.5675020728443965 0.030869077952485127
-7.411582531485468 4.9792609785452555 0.03434863416137786
-7.411582531485468 5.406654247970126 0.038574390223592776
-7.411582531485468 5.854095056030399 0.043720032676299876
-7.411582531485468 6.328255351220081 0.050033129336011575
-7.411582531485468 6.840237305249354 0.057900573904521635
-7.411582531485468 7.411582531485466 0.06802061612212205
-7.411582531485468 8.098761139250847 0.082062889979702
-6.840237305249354 -8.09876113925085 0.07123399646993268
-6.840237305249354 -7.411582531485468 0.05790057406606358
-6.840237305249354 -6.840237305249354 0.04843672869406507
-6.840237305249354 -6.3282553512200845 0.04119672044082926
-6.840237305249354 -5.8540950560304035 0.03549111929362784
-6.840237305249354 -5.406654247970128 0.030935889953322956
-6.840237305249354 -4.979260978545257 0.027283801199476404
-6.840237305249354 -4.567502072844396 0.024359951295220065
-6.840237305249354 -4.168257066832499 0.02203227980466897
-6.840237305249354 -3.7792067534352225 0.020196166308666847
-6.840237305249354 -3.3985582658596285 0.018765772151055824
-6.840237305249354 -3.0248798839012845 0.01766886889507123
-6.840237305249354 -2.6569959984428952 0.016843677856765885
-6.840237305249354 -2.2939171418750837 0.016236915749867933
-6.840237305249354 -1.9347914722822965 0.01580262719304443
-6.840237305249354 -1.578869894931614 0.015501535831453318
-6.840237305249354 -1.225480109046289 0.0153007552522324
-6.840237305249354 -0.8740066123570872 0.015173735511987006
-6.840237305249354 -0.5238747138322762 0.01510035470313938
-6.840237305249354 -0.17453721459758154 0.015067071441334947
-6.840237305249354 0.17453721459758323 0.015067071441335511
-6.840237305249354 0.5238747138322778 0.015100354703141012
-6.840237305249354 0.8740066123570885 0.015173735511989651
-6.840237305249354 1.2254801090462892 0.01530075525223598
-6.840237305249354 1.578869894931614 0.01550153583145781
-6.840237305249354 1.9347914722822956 0.015802627193049798
-6.840237305249354 2.2939171418750837 0.016236915749874077
-6.840237305249354 2.656995998442896 0.016843677856772828
-6.840237305249354 3.024879883901285 0.017668868895078706
-6.840237305249354 3.398558265859627 0.018765772151063464
-6.840237305249354 3.779206753435224 0.02019616630867586
-6.840237305249354 4.168257066832501 0.02203227980467663
-6.840237305249354 4.5675020728443965 0.0243599512952228
-6.840237305249354 4.9792609785452555 0.02728380119949276
-6.840237305249354 5.406654247970126 0.030935889953498115
-6.840237305249354 5.854095056030399 0.03549111929328796
-6.840237305249354 6.328255351220081 0.041196720412396554
-6.840237305249354 6.840237305249354 0.04843672850476896
-6.840237305249354 7.411582531485466 0.05790057169450661
-6.840237305249354 8.098761139250847 0.071233986345973
-6.3282553512200845 -8.09876113925085 0.06269201169019256
-6.3282553512200845 -7.411582531485468 0.050033129360528575
-6.3282553512200845 -6.840237305249354 0.04119672044082901
-6.3282553512200845 -6.3282553512200845 0.03455892828453511
-6.3282553512200845 -5.8540950560304035 0.029439370977080822
-6.3282553512200845 -5.406654247970128 0.025457059714721567
-6.3282553512200845 -4.979260978545257 0.022365288880041218
-6.3282553512200845 -4.567502072844396 0.019988011555931787
-6.3282553512200845 -4.168257066832499 0.018190888117217176
-6.3282553512200845 -3.7792067534352225 0.016866098550286073
-6.3282553512200845 -3.3985582658596285 0.015923877084442078
-6.3282553512200845 -3.0248798839012845 0.015287473688089331
-6.3282553512200845 -2.6569959984428952 0.01489015500886166
-6.3282553512200845 -2.2939171418750837 0.014673411578762214
-6.3282553512200845 -1.9347914722822965 0.014585987726215324
-6.3282553512200845 -1.578869894931614 0.014583441246628779
-6.3282553512200845 -1.225480109046289 0.014628086251875548
-6.3282553512200845 -0.8740066123570872 0.014689169058752663
-6.3282553512200845 -0.5238747138322762 0.014743182962533855
-6.3282553512200845 -0.17453721459758154 0.014774209961489494
-6.3282553512200845 0.17453721459758323 0.014774209961490148
-6.3282553512200845 0.5238747138322778 0.01474318296253577
-6.3282553512200845 0.8740066123570885 0.01468916905875577
-6.3282553512200845 1.2254801090462892 0.014628086251879762
-6.3282553512200845 1.578869894931614 0.014583441246634058
-6.3282553512200845 1.9347914722822956 0.01458598772622163
-6.3282553512200845 2.2939171418750837 0.014673411578769419
-6.3282553512200845 2.656995998442896 0.014890155008869735
-6.3282553512200845 3.024879883901285 0.015287473688098002
-6.3282553512200845 3.398558265859627 0.015923877084450953
-6.3282553512200845 3.779206753435224 0.01686609855029647
-6.3282553512200845 4.168257066832501 0.018190888117226196
-6.3282553512200845 4.5675020728443965 0.019988011555935593
-6.3282553512200845 4.9792609785452555 0.022365288880059786
-6.3282553512200845 5.406654247970126 0.025457059714912026
-6.3282553512200845 5.854095056030399 0.029439370976712117
-6.3282553512200845 6.328255351220081 0.03455892825343675
-6.3282553512200845 6.840237305249354 0.04119672023220862
-6.3282553512200845 7.411582531485466 0.05003312671966554
-6.3282553512200845 8.098761139250847 0.06269200024891766
-5.8540950560304035 -8.09876113925085 0.05572992513341464
-5.8540950560304035 -7.411582531485468 0.04372003267659634
-5.8540950560304035 -6.840237305249354 0.03549111929362804
-5.8540950560304035 -6.3282553512200845 0.029439370977081016
-5.8540950560304035 -5.8540950560304035 0.02489375973747074
-5.8540950560304035 -5.406654247970128 0.021476525154785115
-5.8540950560304035 -4.979260978545257 0.01894170844176432
-5.8540950560304035 -4.567502072844396 0.017112214935713025
-5.8540950560304035 -4.168257066832499 0.015851428936196708
-5.8540950560304035 -3.7792067534352225 0.015048167185273393
-5.8540950560304035 -3.3985582658596285 0.014608402057613025
-5.8540950560304035 -3.0248798839012845 0.01445030893750849
-5.8540950560304035 -2.6569959984428952 0.0145014295308278
-5.8540950560304035 -2.2939171418750837 0.014697027794327855
-5.8540950560304035 -1.9347914722822965 0.014979353983308892
-5.8540950560304035 -1.578869894931614 0.01529745535111489
-5.8540950560304035 -1.225480109046289 0.015607443935844793
-5.8540950560304035 -0.8740066123570872 0.015873004964762884
-5.8540950560304035 -0.5238747138322762 0.016066069550449386
-5.8540950560304035 -0.17453721459758154 0.01616746779561021
-5.8540950560304035 0.17453721459758323 0.01616746779561096
-5.8540950560304035 0.5238747138322778 0.016066069550451596
-5.8540950560304035 0.8740066123570885 0.015873004964766443
-5.8540950560304035 1.2254801090462892 0.01560744393584961
-5.8540950560304035 1.578869894931614 0.015297455351120903
-5.8540950560304035 1.9347914722822956 0.01497935398331607
-5.8540950560304035 2.2939171418750837 0.014697027794336025
-5.8540950560304035 2.656995998442896 0.01450142953083695
-5.8540950560304035 3.024879883901285 0.014450308937518301
-5.8540950560304035 3.398558265859627 0.014608402057623038
-5.8540950560304035 3.779206753435224 0.01504816718528505
-5.8540950560304035 4.168257066832501 0.01585142893620697
-5.8540950560304035 4.5675020728443965 0.01711221493571784
-5.8540950560304035 4.9792609785452555 0.018941708441784676
-5.8540950560304035 5.406654247970126 0.021476525154986895
-5.8540950560304035 5.854095056030399 0.02489375973708122
-5.8540950560304035 6.328255351220081 0.029439370944022655
-5.8540950560304035 6.840237305249354 0.03549111907057742
-5.8540950560304035 7.411582531485466 0.043720029829965944
-5.8540950560304035 8.098761139250847 0.0557299126468049
-5.406654247970128 -8.09876113925085 0.049958349072251704
-5.406654247970128 -7.411582531485468 0.03857439022344056
-5.406654247970128 -6.840237305249354 0.030935889953323265
-5.406654247970128 -6.3282553512200845 0.025457059714721886
-5.406654247970128 -5.8540950560304035 0.021476525154785375
-5.406654247970128 -5.406654247970128 0.018619895761276734
-5.406654247970128 -4.979260978545257 0.016642204772462803
-5.406654247970128 -4.567502072844396 0.015365414238857048
-5.406654247970128 -4.168257066832499 0.014650659919687309
-5.406654247970128 -3.7792067534352225 0.014383223812045268
-5.406654247970128 -3.3985582658596285 0.014464461413586293
-5.406654247970128 -3.0248798839012845 0.014806851527527302
-5.406654247970128 -2.6569959984428952 0.01533134643748638
-5.406654247970128 -2.2939171418750837 0.015965843542742858
-5.406654247970128 -1.9347914722822965 0.01664475801334043
-5.406654247970128 -1.578869894931614 0.01730912246817067
-5.406654247970128 -1.225480109046289 0.017907315627410735
-5.406654247970128 -0.8740066123570872 0.018395999787324382
-5.406654247970128 -0.5238747138322762 0.01874130875823181
-5.406654247970128 -0.17453721459758154 0.018919912655486145
-5.406654247970128 0.17453721459758323 0.018919912655486964
-5.406654247970128 0.5238747138322778 0.018741308758234255
-5.406654247970128 0.8740066123570885 0.018395999787328397
-5.406654247970128 1.2254801090462892 0.017907315627416136
-5.406654247970128 1.578869894931614 0.01730912246817742
-5.406654247970128 1.9347914722822956 0.016644758013348443
-5.406654247970128 2.2939171418750837 0.01596584354275198
-5.406654247970128 2.656995998442896 0.015331346437496533
-5.406654247970128 3.024879883901285 0.01480685152753816
-5.406654247970128 3.398558265859627 0.014464461413597422
-5.406654247970128 3.779206753435224 0.014383223812058133
-5.406654247970128 4.168257066832501 0.014650659919698746
-5.406654247970128 4.5675020728443965 0.015365414238862857
-5.406654247970128 4.9792609785452555 0.016642204772484733
-5.406654247970128 5.406654247970126 0.01861989576148725
-5.406654247970128 5.854095056030399 0.021476525154380224
-5.406654247970128 6.328255351220081 0.025457059680153778
-5.406654247970128 6.840237305249354 0.03093588971902785
-5.406654247970128 7.411582531485466 0.03857438721363257
-5.406654247970128 8.098761139250847 0.04995833573112572
-4.979260978545257 -8.09876113925085 0.04512979839154793
-4.979260978545257 -7.411582531485468 0.03434863416136454
-4.979260978545257 -6.840237305249354 0.027283801199476817
-4.979260978545257 -6.3282553512200845 0.022365288880041644
-4.979260978545257 -5.8540950560304035 0.018941708441764685
-4.979260978545257 -5.406654247970128 0.01664220477246301
-4.979260978545257 -4.979260978545257 0.015223182797655001
-4.979260978545257 -4.567502072844396 0.014505898248971754
-4.979260978545257 -4.168257066832499 0.014349464132181676
-4.979260978545257 -3.7792067534352225 0.014635635969586995
-4.979260978545257 -3.3985582658596285 0.015261000301540617
-4.979260978545257 -3.0248798839012845 0.016131846308025603
-4.979260978545257 -2.6569959984428952 0.017161749146871363
-4.979260978545257 -2.2939171418750837 0.018270002507070393
-4.979260978545257 -1.9347914722822965 0.019381595071994367
-4.979260978545257 -1.578869894931614 0.020427523445800636
-4.979260978545257 -1.225480109046289 0.021346198114921527
-4.979260978545257 -0.8740066123570872 0.02208489082095197
-4.979260978545257 -0.5238747138322762 0.022601798738145273
-4.979260978545257 -0.17453721459758154 0.022867741212068787
-4.979260978545257 0.17453721459758323 0.022867741212069727
-4.979260978545257 0.5238747138322778 0.022601798738148018
-4.979260978545257 0.8740066123570885 0.022084890820956424
-4.979260978545257 1.2254801090462892 0.021346198114927533
-4.979260978545257 1.578869894931614 0.020427523445808064
-4.979260978545257 1.9347914722822956 0.01938159507200321
-4.979260978545257 2.2939171418750837 0.018270002507080437
-4.979260978545257 2.656995998442896 0.01716174914688253
-4.979260978545257 3.024879883901285 0.01613184630803752
-4.979260978545257 3.398558265859627 0.015261000301552825
-4.979260978545257 3.779206753435224 0.014635635969601005
-4.979260978545257 4.168257066832501 0.014349464132194267
-4.979260978545257 4.5675020728443965 0.014505898248978586
-4.979260978545257 4.9792609785452555 0.015223182797678437
-4.979260978545257 5.406654247970126 0.016642204772680698
-4.979260978545257 5.854095056030399 0.01894170844134746
-4.979260978545257 6.328255351220081 0.022365288844274196
-4.979260978545257 6.840237305249354 0.027283800956168548
-4.979260978545257 7.411582531485466 0.034348631018952365
-4.979260978545257 8.098761139250847 0.045129784338467475
-4.567502072844396 -8.09876113925085 0.041072094432895556
-4.567502072844396 -7.411582531485468 0.030869077952483972
-4.567502072844396 -6.840237305249354 0.02435995129522064
-4.567502072844396 -6.3282553512200845 0.019988011555932318
-4.567502072844396 -5.8540950560304035 0.01711221493571351
-4.567502072844396 -5.406654247970128 0.015365414238857426
-4.567502072844396 -4.979260978545257 0.014505898248971952
-4.567502072844396 -4.567502072844396 0.014354550907271448
-4.567502072844396 -4.168257066832499 0.014768861581500486
-4.567502072844396 -3.7792067534352225 0.015627168462468092
-4.567502072844396 -3.3985582658596285 0.016821265873951326
-4.567502072844396 -3.0248798839012845 0.018250738450992357
-4.567502072844396 -2.6569959984428952 0.01982095593620852
-4.567502072844396 -2.2939171418750837 0.021441109049220915
-4.567502072844396 -1.9347914722822965 0.023024921307652782
-4.567502072844396 -1.578869894931614 0.02449090968903919
-4.567502072844396 -1.225480109046289 0.025765047037048343
-4.567502072844396 -0.8740066123570872 0.026782592696658277
-4.567502072844396 -0.5238747138322762 0.027491705856215756
-4.567502072844396 -0.17453721459758154 0.027855692496121912
-4.567502072844396 0.17453721459758323 0.027855692496122866
-4.567502072844396 0.5238747138322778 0.02749170585621873
-4.567502072844396 0.8740066123570885 0.026782592696663134
-4.567502072844396 1.2254801090462892 0.025765047037055
-4.567502072844396 1.578869894931614 0.024490909689047415
-4.567502072844396 1.9347914722822956 0.023024921307662483
-4.567502072844396 2.2939171418750837 0.021441109049231872
-4.567502072844396 2.656995998442896 0.019820955936220675
-4.567502072844396 3.024879883901285 0.018250738451005343
-4.567502072844396 3.398558265859627 0.01682126587396465
-4.567502072844396 3.779206753435224 0.015627168462483267
-4.567502072844396 4.168257066832501 0.014768861581514248
-4.567502072844396 4.5675020728443965 0.01435455090727935
-4.567502072844396 4.9792609785452555 0.014505898248996785
-4.567502072844396 5.406654247970126 0.015365414239081094
-4.567502072844396 5.854095056030399 0.017112214935286658
-4.567502072844396 6.328255351220081 0.01998801151919161
-4.567502072844396 6.840237305249354 0.02435995104454739
-4.567502072844396 7.411582531485466 0.03086907470050398
-4.567502072844396 8.098761139250847 0.04107207977910312
-4.168257066832499 -8.09876113925085 0.03765777277383354
-4.168257066832499 -7.411582531485468 0.028005902344546283
-4.168257066832499 -6.840237305249354 0.022032279804669812
-4.168257066832499 -6.3282553512200845 0.01819088811721794
-4.168257066832499 -5.8540950560304035 0.015851428936197426
-4.168257066832499 -5.406654247970128 0.0146506599196879
-4.168257066832499 -4.979260978545257 0.014349464132182094
-4.168257066832499 -4.567502072844396 0.01476886158150071
-4.168257066832499 -4.168257066832499 0.015765470458197824
-4.168257066832499 -3.7792067534352225 0.017214634920846347
-4.168257066832499 -3.3985582658596285 0.019003860232735294
-4.168257066832499 -3.0248798839012845 0.021025908791822014
-4.168257066832499 -2.6569959984428952 0.023177727308658514
-4.168257066832499 -2.2939171418750837 0.02535711179116979
-4.168257066832499 -1.9347914722822965 0.027464964453182535
-4.168257066832499 -1.578869894931614 0.02940420154876311
-4.168257066832499 -1.225480109046289 0.031085005671133478
-4.168257066832499 -0.8740066123570872 0.03242574713391401
-4.168257066832499 -0.5238747138322762 0.03336022028334988
-4.168257066832499 -0.17453721459758154 0.03383992148318935
-4.168257066832499 0.17453721459758323 0.03383992148319037
-4.168257066832499 0.5238747138322778 0.03336022028335276
-4.168257066832499 0.8740066123570885 0.03242574713391919
-4.168257066832499 1.2254801090462892 0.031085005671140777
-4.168257066832499 1.578869894931614 0.029404201548772175
-4.168257066832499 1.9347914722822956 0.027464964453193186
-4.168257066832499 2.2939171418750837 0.025357111791181716
-4.168257066832499 2.656995998442896 0.023177727308671712
-4.168257066832499 3.024879883901285 0.02102590879183609
-4.168257066832499 3.398558265859627 0.01900386023274973
-4.168257066832499 3.779206753435224 0.017214634920862722
-4.168257066832499 4.168257066832501 0.015765470458212767
-4.168257066832499 4.5675020728443965 0.014768861581509689
-4.168257066832499 4.9792609785452555 0.014349464132208268
-4.168257066832499 5.406654247970126 0.014650659919916561
-4.168257066832499 5.854095056030399 0.015851428935762676
-4.168257066832499 6.328255351220081 0.018190888079675744
-4.168257066832499 6.840237305249354 0.022032279547897868
-4.168257066832499 7.411582531485466 0.028005899001004367
-4.168257066832499 8.098761139250847 0.037657757608991684
-3.7792067534352225 -8.09876113925085 0.03478812143458098
-3.7792067534352225 -7.411582531485468 0.025657502494021635
-3.7792067534352225 -6.840237305249354 0.020196166308667954
-3.7792067534352225 -6.3282553512200845 0.01686609855028716
-3.7792067534352225 -5.8540950560304035 0.015048167185274405
-3.7792067534352225 -5.406654247970128 0.01438322381204617
-3.7792067534352225 -4.979260978545257 0.014635635969587696
-3.7792067534352225 -4.567502072844396 0.015627168462468588
-3.7792067534352225 -4.168257066832499 0.017214634920846607
-3.7792067534352225 -3.7792067534352225 0.019270932983720818
-3.7792067534352225 -3.3985582658596285 0.021680154859158335
-3.7792067534352225 -3.0248798839012845 0.02432797357620712
-3.7792067534352225 -2.6569959984428952 0.02710285725527337
-3.7792067534352225 -2.2939171418750837 0.029888922452616245
-3.7792067534352225 -1.9347914722822965 0.03257245739121818
-3.7792067534352225 -1.578869894931614 0.03503578519903894
-3.7792067534352225 -1.225480109046289 0.037170397995756346
-3.7792067534352225 -0.8740066123570872 0.03887211422722739
-3.7792067534352225 -0.5238747138322762 0.04005896848937186
-3.7792067534352225 -0.17453721459758154 0.04066780287288791
-3.7792067534352225 0.17453721459758323 0.040667802872887925
-3.7792067534352225 0.5238747138322778 0.04005896848937427
-3.7792067534352225 0.8740066123570885 0.03887211422723262
-3.7792067534352225 1.2254801090462892 0.03717039799576425
-3.7792067534352225 1.578869894931614 0.03503578519904915
-3.7792067534352225 1.9347914722822956 0.03257245739122992
-3.7792067534352225 2.2939171418750837 0.02988892245262915
-3.7792067534352225 2.656995998442896 0.02710285725528764
-3.7792067534352225 3.024879883901285 0.024327973576222305
-3.7792067534352225 3.398558265859627 0.021680154859173975
-3.7792067534352225 3.779206753435224 0.019270932983738404
-3.7792067534352225 4.168257066832501 0.017214634920862726
-3.7792067534352225 4.5675020728443965 0.015627168462478594
-3.7792067534352225 4.9792609785452555 0.014635635969615073
-3.7792067534352225 5.406654247970126 0.01438322381227905
-3.7792067534352225 5.854095056030399 0.015048167184833209
-3.7792067534352225 6.328255351220081 0.01686609851207849
-3.7792067534352225 6.840237305249354 0.02019616604680162
-3.7792067534352225 7.411582531485466 0.02565749907340707
-3.7792067534352225 8.098761139250847 0.03478810583283194
-3.3985582658596285 -8.09876113925085 0.03238411133117261
-3.3985582658596285 -7.411582531485468 0.02374163671222399
-3.3985582658596285 -6.840237305249354 0.0187657721510572
-3.3985582658596285 -6.3282553512200845 0.015923877084443497
-3.3985582658596285 -5.8540950560304035 0.014608402057614411
-3.3985582658596285 -5.406654247970128 0.014464461413587551
-3.3985582658596285 -4.979260978545257 0.015261000301541676
-3.3985582658596285 -4.567502072844396 0.0168212658739522
-3.3985582658596285 -4.168257066832499 0.019003860232735908
-3.3985582658596285 -3.7792067534352225 0.021680154859158644
-3.3985582658596285 -3.3985582658596285 0.024732916391877382
-3.3985582658596285 -3.0248798839012845 0.02804121389484487
-3.3985582658596285 -2.6569959984428952 0.03148761789469977
-3.3985582658596285 -2.2939171418750837 0.03494126814803313
-3.3985582658596285 -1.9347914722822965 0.03827673004132596
-3.3985582658596285 -1.578869894931614 0.04134960299494086
-3.3985582658596285 -1.225480109046289 0.04403343875349729
-3.3985582658596285 -0.8740066123570872 0.046185267198159775
-3.3985582658596285 -0.5238747138322762 0.047700546982297386
-3.3985582658596285 -0.17453721459758154 0.04847995228987175
-3.3985582658596285 0.17453721459758323 0.048479952289871814
-3.3985582658596285 0.5238747138322778 0.047700546982298614
-3.3985582658596285 0.8740066123570885 0.04618526719816456
-3.3985582658596285 1.2254801090462892 0.04403343875350524
-3.3985582658596285 1.578869894931614 0.04134960299495179
-3.3985582658596285 1.9347914722822956 0.03827673004133837
-3.3985582658596285 2.2939171418750837 0.03494126814804724
-3.3985582658596285 2.656995998442896 0.03148761789471539
-3.3985582658596285 3.024879883901285 0.0280412138948615
-3.3985582658596285 3.398558265859627 0.024732916391894386
-3.3985582658596285 3.779206753435224 0.021680154859177594
-3.3985582658596285 4.168257066832501 0.019003860232753234
-3.3985582658596285 4.5675020728443965 0.016821265873963237
-3.3985582658596285 4.9792609785452555 0.015261000301570193
-3.3985582658596285 5.406654247970126 0.014464461413824075
-3.3985582658596285 5.854095056030399 0.014608402057167942
-3.3985582658596285 6.328255351220081 0.01592387704567758
-3.3985582658596285 6.840237305249354 0.018765771884914132
-3.3985582658596285 7.411582531485466 0.023741633226480728
-3.3985582658596285 8.098761139250847 0.03238409535514775
-3.0248798839012845 -8.09876113925085 0.030380915997247026
-3.0248798839012845 -7.411582531485468 0.02219010871247471
-3.0248798839012845 -6.840237305249354 0.017668868895072853
-3.0248798839012845 -6.3282553512200845 0.015287473688091028
-3.0248798839012845 -5.8540950560304035 0.014450308937510214
-3.0248798839012845 -5.406654247970128 0.01480685152752893
-3.0248798839012845 -4.979260978545257 0.01613184630802708
-3.0248798839012845 -4.567502072844396 0.01825073845099364
-3.0248798839012845 -4.168257066832499 0.021025908791823048
-3.0248798839012845 -3.7792067534352225 0.024327973576207813
-3.0248798839012845 -3.3985582658596285 0.028041213894845256
-3.0248798839012845 -3.0248798839012845 0.032037149344225774
-3.0248798839012845 -2.6569959984428952 0.036195802704737934
-3.0248798839012845 -2.2939171418750837 0.04036307989145093
-3.0248798839012845 -1.9347914722822965 0.04440517898630689
-3.0248798839012845 -1.578869894931614 0.0481258540470191
-3.0248798839012845 -1.225480109046289 0.05139083668283305
-3.0248798839012845 -0.8740066123570872 0.05398380395481314
-3.0248798839012845 -0.5238747138322762 0.055816094807826996
-3.0248798839012845 -0.17453721459758154 0.05674308992908321
-3.0248798839012845 0.17453721459758323 0.05674308992908181
-3.0248798839012845 0.5238747138322778 0.05581609480782687
-3.0248798839012845 0.8740066123570885 0.053983803954816126
-3.0248798839012845 1.2254801090462892 0.0513908366828389
-3.0248798839012845 1.578869894931614 0.048125854047028085
-3.0248798839012845 1.9347914722822956 0.04440517898631963
-3.0248798839012845 2.2939171418750837 0.04036307989146678
-3.0248798839012845 2.656995998442896 0.03619580270475534
-3.0248798839012845 3.024879883901285 0.03203714934424398
-3.0248798839012845 3.398558265859627 0.0280412138948638
-3.0248798839012845 3.779206753435224 0.024327973576228196
-3.0248798839012845 4.168257066832501 0.02102590879184158
-3.0248798839012845 4.5675020728443965 0.018250738451005666
-3.0248798839012845 4.9792609785452555 0.016131846308056676
-3.0248798839012845 5.406654247970126 0.014806851527768661
-3.0248798839012845 5.854095056030399 0.01445030893705951
-3.0248798839012845 6.328255351220081 0.01528747364885823
-3.0248798839012845 6.840237305249354 0.017668868625333733
-3.0248798839012845 7.411582531485466 0.022190105171656482
-3.0248798839012845 8.098761139250847 0.030380899700863842
-2.6569959984428952 -8.09876113925085 0.028724465226955737
-2.6569959984428952 -7.411582531485468 0.020945458673945563
-2.6569959984428952 -6.840237305249354 0.01684367785676773
-2.6569959984428952 -6.3282553512200845 0.014890155008863658
-2.6569959984428952 -5.8540950560304035 0.014501429530829859
-2.6569959984428952 -5.406654247970128 0.015331346437488378
-2.6569959984428952 -4.979260978545257 0.017161749146873264
-2.6569959984428952 -4.567502072844396 0.019820955936210236
-2.6569959984428952 -4.168257066832499 0.023177727308660006
-2.6569959984428952 -3.7792067534352225 0.027102857255274553
-2.6569959984428952 -3.3985582658596285 0.031487617894700594
-2.6569959984428952 -3.0248798839012845 0.03619580270473853
-2.6569959984428952 -2.6569959984428952 0.04111930868584442
-2.6569959984428952 -2.2939171418750837 0.046074520078641615
-2.6569959984428952 -1.9347914722822965 0.05096416664156757
-2.6569959984428952 -1.578869894931614 0.05550742259310757
-2.6569959984428952 -1.225480109046289 0.059672191901623844
-2.6569959984428952 -0.8740066123570872 0.063025945583298
-2.6569959984428952 -0.5238747138322762 0.06560111331806581
-2.6569959984428952 -0.17453721459758154 0.0668945941063874
-2.6569959984428952 0.17453721459758323 0.06689459410638897
-2.6569959984428952 0.5238747138322778 0.06560111331806721
-2.6569959984428952 0.8740066123570885 0.06302594558327905
-2.6569959984428952 1.2254801090462892 0.05967219190162427
-2.6569959984428952 1.578869894931614 0.055507422593113295
-2.6569959984428952 1.9347914722822956 0.0509641666415802
-2.6569959984428952 2.2939171418750837 0.04607452007865901
-2.6569959984428952 2.656995998442896 0.04111930868586348
-2.6569959984428952 3.024879883901285 0.03619580270475879
-2.6569959984428952 3.398558265859627 0.03148761789472089
-2.6569959984428952 3.779206753435224 0.02710285725529643
-2.6569959984428952 4.168257066832501 0.023177727308679716
-2.6569959984428952 4.5675020728443965 0.019820955936223236
-2.6569959984428952 4.9792609785452555 0.017161749146903865
-2.6569959984428952 5.406654247970126 0.015331346437730877
-2.6569959984428952 5.854095056030399 0.01450142953037571
-2.6569959984428952 6.328255351220081 0.014890154969240212
-2.6569959984428952 6.840237305249354 0.01684367758401086
-2.6569959984428952 7.411582531485466 0.02094545508667891
-2.6569959984428952 8.098761139250847 0.02872444865746602
-2.2939171418750837 -8.09876113925085 0.027369228574606195
-2.2939171418750837 -7.411582531485468 0.019958862292003075
-2.2939171418750837 -6.840237305249354 0.016236915749870028
-2.2939171418750837 -6.3282553512200845 0.014673411578764523
-2.2939171418750837 -5.8540950560304035 0.014697027794330256
-2.2939171418750837 -5.406654247970128 0.01596584354274526
-2.2939171418750837 -4.979260978545257 0.01827000250707274
-2.2939171418750837 -4.567502072844396 0.021441109049223157
-2.2939171418750837 -4.168257066832499 0.025357111791171897
-2.2939171418750837 -3.7792067534352225 0.02988892245261812
-2.2939171418750837 -3.3985582658596285 0.03494126814803463
-2.2939171418750837 -3.0248798839012845 0.04036307989145187
-2.2939171418750837 -2.6569959984428952 0.04607452007864096
-2.2939171418750837 -2.2939171418750837 0.051809208251568574
-2.2939171418750837 -1.9347914722822965 0.057554296517221964
-2.2939171418750837 -1.578869894931614 0.06269130084552575
-2.2939171418750837 -1.225480109046289 0.06747263495848263
-2.2939171418750837 -0.8740066123570872 0.0707156354727221
-2.2939171418750837 -0.5238747138322762 0.07326763458600356
-2.2939171418750837 -0.17453721459758154 0.07420222727330138
-2.2939171418750837 0.17453721459758323 0.07420222727329857
-2.2939171418750837 0.5238747138322778 0.07326763458601641
-2.2939171418750837 0.8740066123570885 0.07071563547275486
-2.2939171418750837 1.2254801090462892 0.067472634958465
-2.2939171418750837 1.578869894931614 0.06269130084551737
-2.2939171418750837 1.9347914722822956 0.05755429651722797
-2.2939171418750837 2.2939171418750837 0.051809208251586664
-2.2939171418750837 2.656995998442896 0.04607452007866368
-2.2939171418750837 3.024879883901285 0.04036307989147448
-2.2939171418750837 3.398558265859627 0.03494126814805613
-2.2939171418750837 3.779206753435224 0.029888922452641024
-2.2939171418750837 4.168257066832501 0.025357111791192505
-2.2939171418750837 4.5675020728443965 0.021441109049236993
-2.2939171418750837 4.9792609785452555 0.018270002507104293
-2.2939171418750837 5.406654247970126 0.015965843542990167
-2.2939171418750837 5.854095056030399 0.014697027793873304
-2.2939171418750837 6.328255351220081 0.014673411538816104
-2.2939171418750837 6.840237305249354 0.016236915474596204
-2.2939171418750837 7.411582531485466 0.01995885866582878
-2.2939171418750837 8.098761139250847 0.027369211774160525
-1.9347914722822965 -8.09876113925085 0.026276788028450536
-1.9347914722822965 -7.411582531485468 0.019188804002452153
-1.9347914722822965 -6.840237305249354 0.015802627193046773
-1.9347914722822965 -6.3282553512200845 0.014585987726217917
-1.9347914722822965 -5.8540950560304035 0.01497935398331163
-1.9347914722822965 -5.406654247970128 0.0166447580133432
-1.9347914722822965 -4.979260978545257 0.019381595071997142
-1.9347914722822965 -4.567502072844396 0.02302492130765544
-1.9347914722822965 -4.168257066832499 0.027464964453185116
-1.9347914722822965 -3.7792067534352225 0.032572457391220756
-1.9347914722822965 -3.3985582658596285 0.03827673004132849
-1.9347914722822965 -3.0248798839012845 0.044405178986308615
-1.9347914722822965 -2.6569959984428952 0.05096416664156718
-1.9347914722822965 -2.2939171418750837 0.0575542965172188
-1.9347914722822965 -1.9347914722822965 0.06462711056281388
-1.9347914722822965 -1.578869894931614 0.07084453475337903
-1.9347914722822965 -1.225480109046289 0.07912962446099382
-1.9347914722822965 -0.8740066123570872 0.08335399731852952
-1.9347914722822965 -0.5238747138322762 0.0905975787667445
-1.9347914722822965 -0.17453721459758154 0.08813301087198519
-1.9347914722822965 0.17453721459758323 0.08813301087150534
-1.9347914722822965 0.5238747138322778 0.09059757876642067
-1.9347914722822965 0.8740066123570885 0.08335399731885659
-1.9347914722822965 1.2254801090462892 0.07912962446097284
-1.9347914722822965 1.578869894931614 0.07084453475335886
-1.9347914722822965 1.9347914722822956 0.06462711056281598
-1.9347914722822965 2.2939171418750837 0.05755429651723802
-1.9347914722822965 2.656995998442896 0.05096416664159118
-1.9347914722822965 3.024879883901285 0.044405178986331874
-1.9347914722822965 3.398558265859627 0.03827673004135089
-1.9347914722822965 3.779206753435224 0.03257245739124477
-1.9347914722822965 4.168257066832501 0.027464964453206748
-1.9347914722822965 4.5675020728443965 0.023024921307670213
-1.9347914722822965 4.9792609785452555 0.019381595072029585
-1.9347914722822965 5.406654247970126 0.01664475801359012
-1.9347914722822965 5.854095056030399 0.014979353982852387
-1.9347914722822965 6.328255351220081 0.014585987686002241
-1.9347914722822965 6.840237305249354 0.015802626915698288
-1.9347914722822965 7.411582531485466 0.019188800344087598
-1.9347914722822965 8.098761139250847 0.026276771035335697
-1.578869894931614 -8.09876113925085 0.025414939574475156
-1.578869894931614 -7.411582531485468 0.018600263752072115
-1.578869894931614 -6.840237305249354 0.015501535831455904
-1.578869894931614 -6.3282553512200845 0.014583441246631664
-1.578869894931614 -5.8540950560304035 0.01529745535111799
-1.578869894931614 -5.406654247970128 0.017309122468173854
-1.578869894931614 -4.979260978545257 0.02042752344580381
-1.578869894931614 -4.567502072844396 0.024490909689042325
-1.578869894931614 -4.168257066832499 0.029404201548766058
-1.578869894931614 -3.7792067534352225 0.035035785199041665
-1.578869894931614 -3.3985582658596285 0.04134960299494313
-1.578869894931614 -3.0248798839012845 0.0481258540470188
-1.578869894931614 -2.6569959984428952 0.05550742259310697
-1.578869894931614 -2.2939171418750837 0.06269130084551994
-1.578869894931614 -1.9347914722822965 0.07084453475334675
-1.578869894931614 -1.578869894931614 0.0758896254858308
-1.578869894931614 -1.225480109046289 0.08233085198673785
-1.578869894931614 -0.8740066123570872 0.08218929591976576
-1.578869894931614 -0.5238747138322762 0.0839194293878603
-1.578869894931614 -0.17453721459758154 0.0835329787535353
-1.578869894931614 0.17453721459758323 0.08353297875333414
-1.578869894931614 0.5238747138322778 0.08391942938806557
-1.578869894931614 0.8740066123570885 0.08218929591975191
-1.578869894931614 1.2254801090462892 0.0823308519866012
-1.578869894931614 1.578869894931614 0.07588962548572467
-1.578869894931614 1.9347914722822956 0.07084453475336751
-1.578869894931614 2.2939171418750837 0.06269130084554421
-1.578869894931614 2.656995998442896 0.055507422593128845
-1.578869894931614 3.024879883901285 0.04812585404704247
-1.578869894931614 3.398558265859627 0.04134960299496692
-1.578869894931614 3.779206753435224 0.03503578519906678
-1.578869894931614 4.168257066832501 0.02940420154878875
-1.578869894931614 4.5675020728443965 0.024490909689057972
-1.578869894931614 4.9792609785452555 0.02042752344583708
-1.578869894931614 5.406654247970126 0.017309122468422432
-1.578869894931614 5.854095056030399 0.01529745535065691
-1.578869894931614 6.328255351220081 0.014583441206200467
-1.578869894931614 6.840237305249354 0.015501535552431191
-1.578869894931614 7.411582531485466 0.018600260067618793
-1.578869894931614 8.098761139250847 0.025414922424113792
-1.225480109046289 -8.09876113925085 0.024757159819134372
-1.225480109046289 -7.411582531485468 0.018164256479707586
-1.225480109046289 -6.840237305249354 0.015300755252235244
-1.225480109046289 -6.3282553512200845 0.014628086251878728
-1.225480109046289 -5.8540950560304035 0.015607443935848224
-1.225480109046289 -5.406654247970128 0.017907315627414315
-1.225480109046289 -4.979260978545257 0.021346198114925167
-1.225480109046289 -4.567502072844396 0.025765047037051958
-1.225480109046289 -4.168257066832499 0.031085005671136933
-1.225480109046289 -3.7792067534352225 0.03717039799575922
-1.225480109046289 -3.3985582658596285 0.04403343875349969
-1.225480109046289 -3.0248798839012845 0.05139083668283724
-1.225480109046289 -2.6569959984428952 0.05967219190163264
-1.225480109046289 -2.2939171418750837 0.06747263495847437
-1.225480109046289 -1.9347914722822965 0.07912962446107119
-1.225480109046289 -1.578869894931614 0.08233085198669383
-1.225480109046289 -1.225480109046289 0.08615325661000078
-1.225480109046289 -0.8740066123570872 0.08541855073732546
-1.225480109046289 -0.5238747138322762 0.08462025504118945
-1.225480109046289 -0.17453721459758154 0.0847938963710145
-1.225480109046289 0.17453721459758323 0.08479389637085391
-1.225480109046289 0.5238747138322778 0.08462025504102805
-1.225480109046289 0.8740066123570885 0.0854185507374627
-1.225480109046289 1.2254801090462892 0.0861532566099274
-1.225480109046289 1.578869894931614 0.08233085198651299
-1.225480109046289 1.9347914722822956 0.07912962446098494
-1.225480109046289 2.2939171418750837 0.06747263495851372
-1.225480109046289 2.656995998442896 0.05967219190165153
-1.225480109046289 3.024879883901285 0.051390836682858626
-1.225480109046289 3.398558265859627 0.0440334387535232
-1.225480109046289 3.779206753435224 0.03717039799578544
-1.225480109046289 4.168257066832501 0.031085005671160595
-1.225480109046289 4.5675020728443965 0.025765047037068414
-1.225480109046289 4.9792609785452555 0.021346198114959174
-1.225480109046289 5.406654247970126 0.017907315627664244
-1.225480109046289 5.854095056030399 0.015607443935385799
-1.225480109046289 6.328255351220081 0.014628086211279383
-1.225480109046289 6.840237305249354 0.015300754971900697
-1.225480109046289 7.411582531485466 0.018164252774818625
-1.225480109046289 8.098761139250847 0.02475714254489621
-0.8740066123570872 -8.09876113925085 0.02428232385090676
-0.8740066123570872 -7.411582531485468 0.017857610716677984
-0.8740066123570872 -6.840237305249354 0.01517373551199015
-0.8740066123570872 -6.3282553512200845 0.014689169058756136
-0.8740066123570872 -5.8540950560304035 0.015873004964766634
-0.8740066123570872 -5.406654247970128 0.018395999787328365
-0.8740066123570872 -4.979260978545257 0.022084890820956014
-0.8740066123570872 -4.567502072844396 0.026782592696662263
-0.8740066123570872 -4.168257066832499 0.03242574713391774
-0.8740066123570872 -3.7792067534352225 0.03887211422723055
-0.8740066123570872 -3.3985582658596285 0.04618526719816353
-0.8740066123570872 -3.0248798839012845 0.053983803954821975
-0.8740066123570872 -2.6569959984428952 0.06302594558331402
-0.8740066123570872 -2.2939171418750837 0.07071563547278208
-0.8740066123570872 -1.9347914722822965 0.08335399731880071
-0.8740066123570872 -1.578869894931614 0.0821892959197393
-0.8740066123570872 -1.225480109046289 0.08541855073734321
-0.8740066123570872 -0.8740066123570872 0.084278724810953
-0.8740066123570872 -0.5238747138322762 0.08491042214757126
-0.8740066123570872 -0.17453721459758154 0.08456636617991474
-0.8740066123570872 0.17453721459758323 0.08456636617953012
-0.8740066123570872 0.5238747138322778 0.08491042214748744
-0.8740066123570872 0.8740066123570885 0.08427872481108248
-0.8740066123570872 1.2254801090462892 0.08541855073736698
-0.8740066123570872 1.578869894931614 0.08218929591970905
-0.8740066123570872 1.9347914722822956 0.08335399731901877
-0.8740066123570872 2.2939171418750837 0.0707156354727929
-0.8740066123570872 2.656995998442896 0.06302594558332167
-0.8740066123570872 3.024879883901285 0.053983803954839066
-0.8740066123570872 3.398558265859627 0.04618526719818654
-0.8740066123570872 3.779206753435224 0.038872114227257684
-0.8740066123570872 4.168257066832501 0.032425747133942265
-0.8740066123570872 4.5675020728443965 0.026782592696679434
-0.8740066123570872 4.9792609785452555 0.022084890820990608
-0.8740066123570872 5.406654247970126 0.018395999787579317
-0.8740066123570872 5.854095056030399 0.015873004964303224
-0.8740066123570872 6.328255351220081 0.014689169018032898
-0.8740066123570872 6.840237305249354 0.01517373523068972
-0.8740066123570872 7.411582531485466 0.017857606996692903
-0.8740066123570872 8.098761139250847 0.02428230648475682
-0.5238747138322762 -8.09876113925085 0.023974588482033772
-0.5238747138322762 -7.411582531485468 0.01766290200017595
-0.5238747138322762 -6.840237305249354 0.01510035470314278
-0.5238747138322762 -6.3282553512200845 0.014743182962537597
-0.5238747138322762 -5.8540950560304035 0.016066069550453446
-0.5238747138322762 -5.406654247970128 0.01874130875823608
-0.5238747138322762 -4.979260978545257 0.022601798738149714
-0.5238747138322762 -4.567502072844396 0.027491705856220162
-0.5238747138322762 -4.168257066832499 0.033360220283354426
-0.5238747138322762 -3.7792067534352225 0.04005896848937651
-0.5238747138322762 -3.3985582658596285 0.04770054698230116
-0.5238747138322762 -3.0248798839012845 0.055816094807836246
-0.5238747138322762 -2.6569959984428952 0.06560111331807396
-0.5238747138322762 -2.2939171418750837 0.07326763458602613
-0.5238747138322762 -1.9347914722822965 0.0905975787666466
-0.5238747138322762 -1.578869894931614 0.08391942938823109
-0.5238747138322762 -1.225480109046289 0.08462025504105507
-0.5238747138322762 -0.8740066123570872 0.08491042214742014
-0.5238747138322762 -0.5238747138322762 0.08456629645012587
-0.5238747138322762 -0.17453721459758154 0.08472031268818252
-0.5238747138322762 0.17453721459758323 0.08472031268808186
-0.5238747138322762 0.5238747138322778 0.08456629645016128
-0.5238747138322762 0.8740066123570885 0.08491042214749207
-0.5238747138322762 1.2254801090462892 0.08462025504111127
-0.5238747138322762 1.578869894931614 0.08391942938814101
-0.5238747138322762 1.9347914722822956 0.09059757876627109
-0.5238747138322762 2.2939171418750837 0.07326763458606082
-0.5238747138322762 2.656995998442896 0.06560111331808233
-0.5238747138322762 3.024879883901285 0.05581609480784756
-0.5238747138322762 3.398558265859627 0.0477005469823234
-0.5238747138322762 3.779206753435224 0.04005896848940289
-0.5238747138322762 4.168257066832501 0.03336022028337918
-0.5238747138322762 4.5675020728443965 0.027491705856237694
-0.5238747138322762 4.9792609785452555 0.0226017987381846
-0.5238747138322762 5.406654247970126 0.018741308758487712
-0.5238747138322762 5.854095056030399 0.016066069549989386
-0.5238747138322762 6.328255351220081 0.014743182921732762
-0.5238747138322762 6.840237305249354 0.015100354421205667
-0.5238747138322762 7.411582531485466 0.017662898270227687
-0.5238747138322762 8.098761139250847 0.023974571055035893
-0.17453721459758154 -8.09876113925085 0.02382337148623279
-0.17453721459758154 -7.411582531485468 0.017568471087402202
-0.17453721459758154 -6.840237305249354 0.015067071441338545
-0.17453721459758154 -6.3282553512200845 0.014774209961493446
-0.17453721459758154 -5.8540950560304035 0.016167467795614468
-0.17453721459758154 -5.406654247970128 0.01891991265549062
-0.17453721459758154 -4.979260978545257 0.022867741212073505
-0.17453721459758154 -4.567502072844396 0.027855692496126846
-0.17453721459758154 -4.168257066832499 0.033839921483194556
-0.17453721459758154 -3.7792067534352225 0.040667802872893864
-0.17453721459758154 -3.3985582658596285 0.0484799522898787
-0.17453721459758154 -3.0248798839012845 0.05674308992909114
-0.17453721459758154 -2.6569959984428952 0.06689459410637756
-0.17453721459758154 -2.2939171418750837 0.07420222727332476
-0.17453721459758154 -1.9347914722822965 0.08813301087203
-0.17453721459758154 -1.578869894931614 0.08353297875357933
-0.17453721459758154 -1.225480109046289 0.08479389637089547
-0.17453721459758154 -0.8740066123570872 0.0845663661796316
-0.17453721459758154 -0.5238747138322762 0.08472031268838358
-0.17453721459758154 -0.17453721459758154 0.08464939759788044
-0.17453721459758154 0.17453721459758323 0.08464939759794328
-0.17453721459758154 0.5238747138322778 0.0847203126883455
-0.17453721459758154 0.8740066123570885 0.08456636617957651
-0.17453721459758154 1.2254801090462892 0.08479389637076508
-0.17453721459758154 1.578869894931614 0.08353297875361974
-0.17453721459758154 1.9347914722822956 0.08813301087237375
-0.17453721459758154 2.2939171418750837 0.07420222727327082
-0.17453721459758154 2.656995998442896 0.06689459410638054
-0.17453721459758154 3.024879883901285 0.05674308992909924
-0.17453721459758154 3.398558265859627 0.04847995228989985
-0.17453721459758154 3.779206753435224 0.040667802872919365
-0.17453721459758154 4.168257066832501 0.033839921483219106
-0.17453721459758154 4.5675020728443965 0.027855692496144377
-0.17453721459758154 4.9792609785452555 0.022867741212108546
-0.17453721459758154 5.406654247970126 0.018919912655742648
-0.17453721459758154 5.854095056030399 0.016167467795150128
-0.17453721459758154 6.328255351220081 0.014774209920648092
-0.17453721459758154 6.840237305249354 0.015067071159085147
-0.17453721459758154 7.411582531485466 0.017568467352500793
-0.17453721459758154 8.098761139250847 0.023823354028928826
0.17453721459758323 -8.09876113925085 0.023823371486233192
0.17453721459758323 -7.411582531485468 0.017568471087402747
0.17453721459758323 -6.840237305249354 0.01506707144133925
0.17453721459758323 -6.3282553512200845 0.01477420996149429
0.17453721459758323 -5.8540950560304035 0.016167467795615415
0.17453721459758323 -5.406654247970128 0.018919912655491658
0.17453721459758323 -4.979260978545257 0.022867741212074674
0.17453721459758323 -4.567502072844396 0.02785569249612819
0.17453721459758323 -4.168257066832499 0.033839921483196415
0.17453721459758323 -3.7792067534352225 0.040667802872895994
0.17453721459758323 -3.3985582658596285 0.0484799522898834
0.17453721459758323 -3.0248798839012845 0.05674308992908763
0.17453721459758323 -2.6569959984428952 0.06689459410639827
0.17453721459758323 -2.2939171418750837 0.07420222727335014
0.17453721459758323 -1.9347914722822965 0.08813301087221108
0.17453721459758323 -1.578869894931614 0.08353297875362303
0.17453721459758323 -1.225480109046289 0.08479389637106251
0.17453721459758323 -0.8740066123570872 0.0845663661796269
0.17453721459758323 -0.5238747138322762 0.0847203126884178
0.17453721459758323 -0.17453721459758154 0.08464939759789558
0.17453721459758323 0.17453721459758323 0.08464939759793103
0.17453721459758323 0.5238747138322778 0.0847203126882303
0.17453721459758323 0.8740066123570885 0.08456636617960447
0.17453721459758323 1.2254801090462892 0.08479389637055866
0.17453721459758323 1.578869894931614 0.08353297875371829
0.17453721459758323 1.9347914722822956 0.08813301087202123
0.17453721459758323 2.2939171418750837 0.07420222727326166
0.17453721459758323 2.656995998442896 0.06689459410635822
0.17453721459758323 3.024879883901285 0.05674308992909415
0.17453721459758323 3.398558265859627 0.04847995228989853
0.17453721459758323 3.779206753435224 0.04066780287292044
0.17453721459758323 4.168257066832501 0.03383992148322052
0.17453721459758323 4.5675020728443965 0.02785569249614562
0.17453721459758323 4.9792609785452555 0.022867741212109695
0.17453721459758323 5.406654247970126 0.0189199126557437
0.17453721459758323 5.854095056030399 0.01616746779515108
0.17453721459758323 6.328255351220081 0.014774209920648939
0.17453721459758323 6.840237305249354 0.0150670711590859
0.17453721459758323 7.411582531485466 0.0175684673525014
0.17453721459758323 8.098761139250847 0.023823354028929284
0.5238747138322778 -8.09876113925085 0.02397458848203496
0.5238747138322778 -7.411582531485468 0.017662902000177613
0.5238747138322778 -6.840237305249354 0.015100354703144905
0.5238747138322778 -6.3282553512200845 0.014743182962540123
0.5238747138322778 -5.8540950560304035 0.016066069550456273
0.5238747138322778 -5.406654247970128 0.01874130875823919
0.5238747138322778 -4.979260978545257 0.022601798738153163
0.5238747138322778 -4.567502072844396 0.02749170585622414
0.5238747138322778 -4.168257066832499 0.033360220283359235
0.5238747138322778 -3.7792067534352225 0.04005896848938257
0.5238747138322778 -3.3985582658596285 0.0477005469823101
0.5238747138322778 -3.0248798839012845 0.05581609480783744
0.5238747138322778 -2.6569959984428952 0.06560111331808258
0.5238747138322778 -2.2939171418750837 0.07326763458597557
0.5238747138322778 -1.9347914722822965 0.09059757876636422
0.5238747138322778 -1.578869894931614 0.08391942938808097
0.5238747138322778 -1.225480109046289 0.08462025504131516
0.5238747138322778 -0.8740066123570872 0.0849104221474364
0.5238747138322778 -0.5238747138322762 0.08456629645005373
0.5238747138322778 -0.17453721459758154 0.08472031268804607
0.5238747138322778 0.17453721459758323 0.08472031268819269
0.5238747138322778 0.5238747138322778 0.08456629645022162
0.5238747138322778 0.8740066123570885 0.08491042214752446
0.5238747138322778 1.2254801090462892 0.08462025504115216
0.5238747138322778 1.578869894931614 0.08391942938807903
0.5238747138322778 1.9347914722822956 0.0905975787665299
0.5238747138322778 2.2939171418750837 0.07326763458599565
0.5238747138322778 2.656995998442896 0.0656011133180667
0.5238747138322778 3.024879883901285 0.05581609480784514
0.5238747138322778 3.398558265859627 0.04770054698232756
0.5238747138322778 3.779206753435224 0.04005896848940706
0.5238747138322778 4.168257066832501 0.03336022028338318
0.5238747138322778 4.5675020728443965 0.027491705856241493
0.5238747138322778 4.9792609785452555 0.022601798738188066
0.5238747138322778 5.406654247970126 0.018741308758490848
0.5238747138322778 5.854095056030399 0.016066069549992235
0.5238747138322778 6.328255351220081 0.014743182921735282
0.5238747138322778 6.840237305249354 0.01510035442120787
0.5238747138322778 7.411582531485466 0.01766289827022951
0.5238747138322778 8.098761139250847 0.02397457105503726
0.8740066123570885 -8.09876113925085 0.024282323850908706
0.8740066123570885 -7.411582531485468 0.0178576107166808
0.8740066123570885 -6.840237305249354 0.015173735511993728
0.8740066123570885 -6.3282553512200845 0.014689169058760328
0.8740066123570885 -5.8540950560304035 0.01587300496477135
0.8740066123570885 -5.406654247970128 0.01839599978733356
0.8740066123570885 -4.979260978545257 0.022084890820961846
0.8740066123570885 -4.567502072844396 0.026782592696668727
0.8740066123570885 -4.168257066832499 0.03242574713392508
0.8740066123570885 -3.7792067534352225 0.038872114227239234
0.8740066123570885 -3.3985582658596285 0.04618526719817307
0.8740066123570885 -3.0248798839012845 0.05398380395482646
0.8740066123570885 -2.6569959984428952 0.06302594558329719
0.8740066123570885 -2.2939171418750837 0.07071563547274766
0.8740066123570885 -1.9347914722822965 0.08335399731905019
0.8740066123570885 -1.578869894931614 0.08218929591965397
0.8740066123570885 -1.225480109046289 0.08541855073725818
0.8740066123570885 -0.8740066123570872 0.08427872481093425
0.8740066123570885 -0.5238747138322762 0.08491042214780387
0.8740066123570885 -0.17453721459758154 0.08456636617982782
0.8740066123570885 0.17453721459758323 0.08456636617933412
0.8740066123570885 0.5238747138322778 0.08491042214759899
0.8740066123570885 0.8740066123570885 0.08427872481111118
0.8740066123570885 1.2254801090462892 0.08541855073732241
0.8740066123570885 1.578869894931614 0.08218929591961932
0.8740066123570885 1.9347914722822956 0.08335399731858795
0.8740066123570885 2.2939171418750837 0.07071563547270147
0.8740066123570885 2.656995998442896 0.06302594558328874
0.8740066123570885 3.024879883901285 0.05398380395483868
0.8740066123570885 3.398558265859627 0.04618526719819294
0.8740066123570885 3.779206753435224 0.03887211422726463
0.8740066123570885 4.168257066832501 0.03242574713394921
0.8740066123570885 4.5675020728443965 0.026782592696685842
0.8740066123570885 4.9792609785452555 0.02208489082099645
0.8740066123570885 5.406654247970126 0.01839599978758458
0.8740066123570885 5.854095056030399 0.01587300496430794
0.8740066123570885 6.328255351220081 0.014689169018037074
0.8740066123570885 6.840237305249354 0.015173735230693331
0.8740066123570885 7.411582531485466 0.017857606996695866
0.8740066123570885 8.098761139250847 0.02428230648475901
1.2254801090462892 -8.09876113925085 0.024757159819136985
1.2254801090462892 -7.411582531485468 0.0181642564797115
1.2254801090462892 -6.840237305249354 0.015300755252240197
1.2254801090462892 -6.3282553512200845 0.014628086251884498
1.2254801090462892 -5.8540950560304035 0.015607443935854707
1.2254801090462892 -5.406654247970128 0.01790731562742152
1.2254801090462892 -4.979260978545257 0.02134619811493321
1.2254801090462892 -4.567502072844396 0.025765047037060746
1.2254801090462892 -4.168257066832499 0.031085005671146717
1.2254801090462892 -3.7792067534352225 0.037170397995770134
1.2254801090462892 -3.3985582658596285 0.04403343875351192
1.2254801090462892 -3.0248798839012845 0.05139083668284815
1.2254801090462892 -2.6569959984428952 0.05967219190164552
1.2254801090462892 -2.2939171418750837 0.06747263495849465
1.2254801090462892 -1.9347914722822965 0.0791296244610269
1.2254801090462892 -1.578869894931614 0.08233085198660182
1.2254801090462892 -1.225480109046289 0.08615325660993893
1.2254801090462892 -0.8740066123570872 0.08541855073724945
1.2254801090462892 -0.5238747138322762 0.08462025504136454
1.2254801090462892 -0.17453721459758154 0.08479389637094553
1.2254801090462892 0.17453721459758323 0.08479389637095387
1.2254801090462892 0.5238747138322778 0.08462025504120045
1.2254801090462892 0.8740066123570885 0.08541855073729297
1.2254801090462892 1.2254801090462892 0.08615325660973772
1.2254801090462892 1.578869894931614 0.08233085198671806
1.2254801090462892 1.9347914722822956 0.07912962446084057
1.2254801090462892 2.2939171418750837 0.06747263495845665
1.2254801090462892 2.656995998442896 0.05967219190164067
1.2254801090462892 3.024879883901285 0.05139083668286379
1.2254801090462892 3.398558265859627 0.04403343875353271
1.2254801090462892 3.779206753435224 0.037170397995795953
1.2254801090462892 4.168257066832501 0.031085005671170684
1.2254801090462892 4.5675020728443965 0.025765047037077504
1.2254801090462892 4.9792609785452555 0.021346198114967317
1.2254801090462892 5.406654247970126 0.017907315627671526
1.2254801090462892 5.854095056030399 0.015607443935392276
1.2254801090462892 6.328255351220081 0.014628086211285094
1.2254801090462892 6.840237305249354 0.015300754971905596
1.2254801090462892 7.411582531485466 0.018164252774822604
1.2254801090462892 8.098761139250847 0.02475714254489903
1.578869894931614 -8.09876113925085 0.025414939574478407
1.578869894931614 -7.411582531485468 0.018600263752077077
1.578869894931614 -6.840237305249354 0.015501535831462118
1.578869894931614 -6.3282553512200845 0.014583441246638885
1.578869894931614 -5.8540950560304035 0.015297455351126121
1.578869894931614 -5.406654247970128 0.017309122468182954
1.578869894931614 -4.979260978545257 0.02042752344581392
1.578869894931614 -4.567502072844396 0.024490909689053444
1.578869894931614 -4.168257066832499 0.02940420154877828
1.578869894931614 -3.7792067534352225 0.03503578519905513
1.578869894931614 -3.3985582658596285 0.04134960299495774
1.578869894931614 -3.0248798839012845 0.04812585404703494
1.578869894931614 -2.6569959984428952 0.05550742259312575
1.578869894931614 -2.2939171418750837 0.06269130084553302
1.578869894931614 -1.9347914722822965 0.07084453475339335
1.578869894931614 -1.578869894931614 0.07588962548586446
1.578869894931614 -1.225480109046289 0.08233085198677072
1.578869894931614 -0.8740066123570872 0.08218929591989914
1.578869894931614 -0.5238747138322762 0.08391942938799435
1.578869894931614 -0.17453721459758154 0.083532978753575
1.578869894931614 0.17453721459758323 0.08353297875355029
1.578869894931614 0.5238747138322778 0.08391942938808837
1.578869894931614 0.8740066123570885 0.08218929591964529
1.578869894931614 1.2254801090462892 0.08233085198650082
1.578869894931614 1.578869894931614 0.07588962548581063
1.578869894931614 1.9347914722822956 0.07084453475335806
1.578869894931614 2.2939171418750837 0.0626913008455392
1.578869894931614 2.656995998442896 0.05550742259313461
1.578869894931614 3.024879883901285 0.04812585404705399
1.578869894931614 3.398558265859627 0.04134960299497973
1.578869894931614 3.779206753435224 0.03503578519907987
1.578869894931614 4.168257066832501 0.02940420154880136
1.578869894931614 4.5675020728443965 0.024490909689069505
1.578869894931614 4.9792609785452555 0.02042752344584746
1.578869894931614 5.406654247970126 0.01730912246843167
1.578869894931614 5.854095056030399 0.015297455350665099
1.578869894931614 6.328255351220081 0.014583441206207656
1.578869894931614 6.840237305249354 0.015501535552437317
1.578869894931614 7.411582531485466 0.01860026006762368
1.578869894931614 8.098761139250847 0.02541492242411704
1.9347914722822956 -8.09876113925085 0.026276788028454495
1.9347914722822956 -7.411582531485468 0.019188804002458093
1.9347914722822956 -6.840237305249354 0.01580262719305416
1.9347914722822956 -6.3282553512200845 0.014585987726226492
1.9347914722822956 -5.8540950560304035 0.01497935398332136
1.9347914722822956 -5.406654247970128 0.016644758013354143
1.9347914722822956 -4.979260978545257 0.01938159507200929
1.9347914722822956 -4.567502072844396 0.023024921307668852
1.9347914722822956 -4.168257066832499 0.027464964453199722
1.9347914722822956 -3.7792067534352225 0.032572457391236764
1.9347914722822956 -3.3985582658596285 0.03827673004134562
1.9347914722822956 -3.0248798839012845 0.044405178986326704
1.9347914722822956 -2.6569959984428952 0.05096416664158737
1.9347914722822956 -2.2939171418750837 0.05755429651723535
1.9347914722822956 -1.9347914722822965 0.06462711056283632
1.9347914722822956 -1.578869894931614 0.07084453475339515
1.9347914722822956 -1.225480109046289 0.07912962446104713
1.9347914722822956 -0.8740066123570872 0.0833539973190075
1.9347914722822956 -0.5238747138322762 0.09059757876644306
1.9347914722822956 -0.17453721459758154 0.08813301087187861
1.9347914722822956 0.17453721459758323 0.08813301087204453
1.9347914722822956 0.5238747138322778 0.09059757876638938
1.9347914722822956 0.8740066123570885 0.08335399731866537
1.9347914722822956 1.2254801090462892 0.07912962446082744
1.9347914722822956 1.578869894931614 0.07084453475336516
1.9347914722822956 1.9347914722822956 0.06462711056283457
1.9347914722822956 2.2939171418750837 0.05755429651725202
1.9347914722822956 2.656995998442896 0.05096416664160474
1.9347914722822956 3.024879883901285 0.044405178986347126
1.9347914722822956 3.398558265859627 0.03827673004136699
1.9347914722822956 3.779206753435224 0.03257245739126055
1.9347914722822956 4.168257066832501 0.027464964453221732
1.9347914722822956 4.5675020728443965 0.023024921307683927
1.9347914722822956 4.9792609785452555 0.019381595072041992
1.9347914722822956 5.406654247970126 0.016644758013601182
1.9347914722822956 5.854095056030399 0.014979353982862213
1.9347914722822956 6.328255351220081 0.014585987686010845
1.9347914722822956 6.840237305249354 0.01580262691570559
1.9347914722822956 7.411582531485466 0.019188800344093298
1.9347914722822956 8.098761139250847 0.02627677103533927
2.2939171418750837 -8.09876113925085 0.02736922857461067
2.2939171418750837 -7.411582531485468 0.019958862292009834
2.2939171418750837 -6.840237305249354 0.016236915749878445
2.2939171418750837 -6.3282553512200845 0.014673411578774335
2.2939171418750837 -5.8540950560304035 0.014697027794341408
2.2939171418750837 -5.406654247970128 0.01596584354275779
2.2939171418750837 -4.979260978545257 0.01827000250708664
2.2939171418750837 -4.567502072844396 0.02144110904923843
2.2939171418750837 -4.168257066832499 0.025357111791188654
2.2939171418750837 -3.7792067534352225 0.02988892245263642
2.2939171418750837 -3.3985582658596285 0.034941268148054684
2.2939171418750837 -3.0248798839012845 0.040363079891474106
2.2939171418750837 -2.6569959984428952 0.04607452007866559
2.2939171418750837 -2.2939171418750837 0.05180920825159195
2.2939171418750837 -1.9347914722822965 0.057554296517240984
2.2939171418750837 -1.578869894931614 0.0626913008455472
2.2939171418750837 -1.225480109046289 0.06747263495851492
2.2939171418750837 -0.8740066123570872 0.07071563547276323
2.2939171418750837 -0.5238747138322762 0.07326763458602191
2.2939171418750837 -0.17453721459758154 0.07420222727330607
2.2939171418750837 0.17453721459758323 0.07420222727328336
2.2939171418750837 0.5238747138322778 0.07326763458599195
2.2939171418750837 0.8740066123570885 0.07071563547274111
2.2939171418750837 1.2254801090462892 0.06747263495846595
2.2939171418750837 1.578869894931614 0.06269130084554148
2.2939171418750837 1.9347914722822956 0.05755429651725188
2.2939171418750837 2.2939171418750837 0.051809208251607
2.2939171418750837 2.656995998442896 0.04607452007868469
2.2939171418750837 3.024879883901285 0.04036307989149418
2.2939171418750837 3.398558265859627 0.03494126814807567
2.2939171418750837 3.779206753435224 0.02988892245265926
2.2939171418750837 4.168257066832501 0.025357111791209475
2.2939171418750837 4.5675020728443965 0.021441109049252543
2.2939171418750837 4.9792609785452555 0.018270002507118407
2.2939171418750837 5.406654247970126 0.015965843543002844
2.2939171418750837 5.854095056030399 0.014697027793884574
2.2939171418750837 6.328255351220081 0.014673411538825993
2.2939171418750837 6.840237305249354 0.01623691547460459
2.2939171418750837 7.411582531485466 0.01995885866583528
2.2939171418750837 8.098761139250847 0.027369211774164445
2.656995998442896 -8.09876113925085 0.028724465226960726
2.656995998442896 -7.411582531485468 0.020945458673953112
2.656995998442896 -6.840237305249354 0.01684367785677718
2.656995998442896 -6.3282553512200845 0.014890155008874717
2.656995998442896 -5.8540950560304035 0.014501429530842436
2.656995998442896 -5.406654247970128 0.015331346437502474
2.656995998442896 -4.979260978545257 0.017161749146888894
2.656995998442896 -4.567502072844396 0.01982095593622737
2.656995998442896 -4.168257066832499 0.02317772730867879
2.656995998442896 -3.7792067534352225 0.027102857255295137
2.656995998442896 -3.3985582658596285 0.03148761789472304
2.656995998442896 -3.0248798839012845 0.03619580270476278
2.656995998442896 -2.6569959984428952 0.041119308685869084
2.656995998442896 -2.2939171418750837 0.04607452007866911
2.656995998442896 -1.9347914722822965 0.05096416664159598
2.656995998442896 -1.578869894931614 0.055507422593141426
2.656995998442896 -1.225480109046289 0.05967219190166298
2.656995998442896 -0.8740066123570872 0.06302594558332651
2.656995998442896 -0.5238747138322762 0.0656011133180986
2.656995998442896 -0.17453721459758154 0.0668945941064078
2.656995998442896 0.17453721459758323 0.06689459410641066
2.656995998442896 0.5238747138322778 0.06560111331807149
2.656995998442896 0.8740066123570885 0.06302594558331373
2.656995998442896 1.2254801090462892 0.05967219190166751
2.656995998442896 1.578869894931614 0.05550742259314141
2.656995998442896 1.9347914722822956 0.050964166641608605
2.656995998442896 2.2939171418750837 0.04607452007868585
2.656995998442896 2.656995998442896 0.041119308685889255
2.656995998442896 3.024879883901285 0.03619580270478295
2.656995998442896 3.398558265859627 0.031487617894743344
2.656995998442896 3.779206753435224 0.027102857255316956
2.656995998442896 4.168257066832501 0.023177727308698604
2.656995998442896 4.5675020728443965 0.019820955936240538
2.656995998442896 4.9792609785452555 0.017161749146919637
2.656995998442896 5.406654247970126 0.015331346437745154
2.656995998442896 5.854095056030399 0.014501429530388465
2.656995998442896 6.328255351220081 0.014890154969251416
2.656995998442896 6.840237305249354 0.016843677584020358
2.656995998442896 7.411582531485466 0.02094545508668626
2.656995998442896 8.098761139250847 0.028724448657470446
3.024879883901285 -8.09876113925085 0.030380915997252497
3.024879883901285 -7.411582531485468 0.022190108712482826
3.024879883901285 -6.840237305249354 0.01766886889508309
3.024879883901285 -6.3282553512200845 0.015287473688103063
3.024879883901285 -5.8540950560304035 0.014450308937523878
3.024879883901285 -5.406654247970128 0.014806851527544239
3.024879883901285 -4.979260978545257 0.016131846308044005
3.024879883901285 -4.567502072844396 0.018250738451012164
3.024879883901285 -4.168257066832499 0.02102590879184324
3.024879883901285 -3.7792067534352225 0.024327973576229813
3.024879883901285 -3.3985582658596285 0.028041213894868976
3.024879883901285 -3.0248798839012845 0.032037149344251434
3.024879883901285 -2.6569959984428952 0.03619580270476538
3.024879883901285 -2.2939171418750837 0.04036307989148018
3.024879883901285 -1.9347914722822965 0.044405178986338126
3.024879883901285 -1.578869894931614 0.04812585404705219
3.024879883901285 -1.225480109046289 0.051390836682870256
3.024879883901285 -0.8740066123570872 0.05398380395485059
3.024879883901285 -0.5238747138322762 0.05581609480786488
3.024879883901285 -0.17453721459758154 0.05674308992911257
3.024879883901285 0.17453721459758323 0.05674308992911364
3.024879883901285 0.5238747138322778 0.05581609480785723
3.024879883901285 0.8740066123570885 0.053983803954846546
3.024879883901285 1.2254801090462892 0.05139083668287233
3.024879883901285 1.578869894931614 0.04812585404705938
3.024879883901285 1.9347914722822956 0.04440517898635077
3.024879883901285 2.2939171418750837 0.040363079891496345
3.024879883901285 2.656995998442896 0.036195802704783626
3.024879883901285 3.024879883901285 0.03203714934427056
3.024879883901285 3.398558265859627 0.028041213894888232
3.024879883901285 3.779206753435224 0.02432797357625052
3.024879883901285 4.168257066832501 0.021025908791862037
3.024879883901285 4.5675020728443965 0.01825073845102436
3.024879883901285 4.9792609785452555 0.01613184630807376
3.024879883901285 5.406654247970126 0.014806851527784168
3.024879883901285 5.854095056030399 0.014450308937073438
3.024879883901285 6.328255351220081 0.015287473648870484
3.024879883901285 6.840237305249354 0.017668868625344145
3.024879883901285 7.411582531485466 0.022190105171664608
3.024879883901285 8.098761139250847 0.030380899700868887
3.398558265859627 -8.09876113925085 0.032384111331178356
3.398558265859627 -7.411582531485468 0.023741636712232367
3.398558265859627 -6.840237305249354 0.01876577215106788
3.398558265859627 -6.3282553512200845 0.01592387708445606
3.398558265859627 -5.8540950560304035 0.014608402057628688
3.398558265859627 -5.406654247970128 0.014464461413603552
3.398558265859627 -4.979260978545257 0.015261000301559358
3.398558265859627 -4.567502072844396 0.016821265873971522
3.398558265859627 -4.168257066832499 0.019003860232756867
3.398558265859627 -3.7792067534352225 0.021680154859181344
3.398558265859627 -3.3985582658596285 0.024732916391901897
3.398558265859627 -3.0248798839012845 0.02804121389487124
3.398558265859627 -2.6569959984428952 0.03148761789472806
3.398558265859627 -2.2939171418750837 0.03494126814806321
3.398558265859627 -1.9347914722822965 0.03827673004135813
3.398558265859627 -1.578869894931614 0.04134960299497542
3.398558265859627 -1.225480109046289 0.04403343875353369
3.398558265859627 -0.8740066123570872 0.046185267198197114
3.398558265859627 -0.5238747138322762 0.04770054698233492
3.398558265859627 -0.17453721459758154 0.04847995228990785
3.398558265859627 0.17453721459758323 0.048479952289908375
3.398558265859627 0.5238747138322778 0.04770054698233564
3.398558265859627 0.8740066123570885 0.04618526719820032
3.398558265859627 1.2254801090462892 0.044033438753538726
3.398558265859627 1.578869894931614 0.04134960299498437
3.398558265859627 1.9347914722822956 0.03827673004137008
3.398558265859627 2.2939171418750837 0.03494126814807739
3.398558265859627 2.656995998442896 0.03148761789474423
3.398558265859627 3.024879883901285 0.028041213894888523
3.398558265859627 3.398558265859627 0.02473291639191959
3.398558265859627 3.779206753435224 0.02168015485920078
3.398558265859627 4.168257066832501 0.01900386023277452
3.398558265859627 4.5675020728443965 0.016821265873982718
3.398558265859627 4.9792609785452555 0.015261000301588053
3.398558265859627 5.406654247970126 0.014464461413840345
3.398558265859627 5.854095056030399 0.014608402057182565
3.398558265859627 6.328255351220081 0.015923877045690496
3.398558265859627 6.840237305249354 0.018765771884925106
3.398558265859627 7.411582531485466 0.023741633226489332
3.398558265859627 8.098761139250847 0.03238409535515329
3.779206753435224 -8.09876113925085 0.03478812143458798
3.779206753435224 -7.411582531485468 0.025657502494031415
3.779206753435224 -6.840237305249354 0.020196166308680326
3.779206753435224 -6.3282553512200845 0.01686609855030164
3.779206753435224 -5.8540950560304035 0.01504816718529074
3.779206753435224 -5.406654247970128 0.014383223812064291
3.779206753435224 -4.979260978545257 0.01463563596960756
3.779206753435224 -4.567502072844396 0.015627168462490123
3.779206753435224 -4.168257066832499 0.017214634920869762
3.779206753435224 -3.7792067534352225 0.019270932983745694
3.779206753435224 -3.3985582658596285 0.021680154859185015
3.779206753435224 -3.0248798839012845 0.024327973576235642
3.779206753435224 -2.6569959984428952 0.0271028572553036
3.779206753435224 -2.2939171418750837 0.02988892245264816
3.779206753435224 -1.9347914722822965 0.03257245739125215
3.779206753435224 -1.578869894931614 0.03503578519907459
3.779206753435224 -1.225480109046289 0.03717039799579363
3.779206753435224 -0.8740066123570872 0.03887211422726611
3.779206753435224 -0.5238747138322762 0.04005896848941051
3.779206753435224 -0.17453721459758154 0.04066780287292664
3.779206753435224 0.17453721459758323 0.04066780287292815
3.779206753435224 0.5238747138322778 0.040058968489414065
3.779206753435224 0.8740066123570885 0.03887211422727085
3.779206753435224 1.2254801090462892 0.03717039799580068
3.779206753435224 1.578869894931614 0.03503578519908388
3.779206753435224 1.9347914722822956 0.03257245739126343
3.779206753435224 2.2939171418750837 0.029888922452661268
3.779206753435224 2.656995998442896 0.027102857255318247
3.779206753435224 3.024879883901285 0.024327973576251292
3.779206753435224 3.398558265859627 0.021680154859201113
3.779206753435224 3.779206753435224 0.019270932983763672
3.779206753435224 4.168257066832501 0.017214634920886172
3.779206753435224 4.5675020728443965 0.01562716846250029
3.779206753435224 4.9792609785452555 0.014635635969635094
3.779206753435224 5.406654247970126 0.014383223812297433
3.779206753435224 5.854095056030399 0.01504816718484988
3.779206753435224 6.328255351220081 0.016866098512093333
3.779206753435224 6.840237305249354 0.02019616604681442
3.779206753435224 7.411582531485466 0.025657499073417297
3.779206753435224 8.098761139250847 0.03478810583283862
4.168257066832501 -8.09876113925085 0.03765777277384007
4.168257066832501 -7.411582531485468 0.028005902344555085
4.168257066832501 -6.840237305249354 0.022032279804681115
4.168257066832501 -6.3282553512200845 0.018190888117231383
4.168257066832501 -5.8540950560304035 0.015851428936212685
4.168257066832501 -5.406654247970128 0.0146506599197049
4.168257066832501 -4.979260978545257 0.014349464132200819
4.168257066832501 -4.567502072844396 0.014768861581521055
4.168257066832501 -4.168257066832499 0.01576547045821975
4.168257066832501 -3.7792067534352225 0.017214634920869894
4.168257066832501 -3.3985582658596285 0.019003860232760576
4.168257066832501 -3.0248798839012845 0.02102590879184903
4.168257066832501 -2.6569959984428952 0.023177727308687047
4.168257066832501 -2.2939171418750837 0.025357111791199802
4.168257066832501 -1.9347914722822965 0.027464964453213978
4.168257066832501 -1.578869894931614 0.029404201548795958
4.168257066832501 -1.225480109046289 0.03108500567116773
4.168257066832501 -0.8740066123570872 0.032425747133949114
4.168257066832501 -0.5238747138322762 0.033360220283385665
4.168257066832501 -0.17453721459758154 0.0338399214832255
4.168257066832501 0.17453721459758323 0.033839921483226724
4.168257066832501 0.5238747138322778 0.03336022028338919
4.168257066832501 0.8740066123570885 0.03242574713395456
4.168257066832501 1.2254801090462892 0.031085005671174858
4.168257066832501 1.578869894931614 0.029404201548804836
4.168257066832501 1.9347914722822956 0.02746496445322444
4.168257066832501 2.2939171418750837 0.025357111791211667
4.168257066832501 2.656995998442896 0.023177727308700186
4.168257066832501 3.024879883901285 0.021025908791863127
4.168257066832501 3.398558265859627 0.019003860232775182
4.168257066832501 3.779206753435224 0.017214634920886488
4.168257066832501 4.168257066832501 0.015765470458234874
4.168257066832501 4.5675020728443965 0.014768861581530134
4.168257066832501 4.9792609785452555 0.014349464132227083
4.168257066832501 5.406654247970126 0.01465065991993374
4.168257066832501 5.854095056030399 0.015851428935778174
4.168257066832501 6.328255351220081 0.018190888079689466
4.168257066832501 6.840237305249354 0.022032279547909674
4.168257066832501 7.411582531485466 0.02800589900101384
4.168257066832501 8.098761139250847 0.037657757608997526
4.5675020728443965 -8.09876113925085 0.041072094432899206
4.5675020728443965 -7.411582531485468 0.030869077952488676
4.5675020728443965 -6.840237305249354 0.024359951295227302
4.5675020728443965 -6.3282553512200845 0.019988011555940783
4.5675020728443965 -5.8540950560304035 0.017112214935723534
4.5675020728443965 -5.406654247970128 0.015365414238868988
4.5675020728443965 -4.979260978545257 0.014505898248985068
4.5675020728443965 -4.567502072844396 0.014354550907286047
4.5675020728443965 -4.168257066832499 0.01476886158151653
4.5675020728443965 -3.7792067534352225 0.01562716846248561
4.5675020728443965 -3.3985582658596285 0.016821265873970388
4.5675020728443965 -3.0248798839012845 0.018250738451012903
4.5675020728443965 -2.6569959984428952 0.019820955936230403
4.5675020728443965 -2.2939171418750837 0.021441109049244098
4.5675020728443965 -1.9347914722822965 0.023024921307677172
4.5675020728443965 -1.578869894931614 0.024490909689064706
4.5675020728443965 -1.225480109046289 0.025765047037074874
4.5675020728443965 -0.8740066123570872 0.02678259269668553
4.5675020728443965 -0.5238747138322762 0.027491705856243595
4.5675020728443965 -0.17453721459758154 0.027855692496150178
4.5675020728443965 0.17453721459758323 0.027855692496151174
4.5675020728443965 0.5238747138322778 0.027491705856246836
4.5675020728443965 0.8740066123570885 0.026782592696690637
4.5675020728443965 1.2254801090462892 0.02576504703708152
4.5675020728443965 1.578869894931614 0.024490909689072856
4.5675020728443965 1.9347914722822956 0.02302492130768666
4.5675020728443965 2.2939171418750837 0.021441109049254798
4.5675020728443965 2.656995998442896 0.019820955936242373
4.5675020728443965 3.024879883901285 0.01825073845102576
4.5675020728443965 3.398558265859627 0.016821265873983724
4.5675020728443965 3.779206753435224 0.015627168462500923
4.5675020728443965 4.168257066832501 0.014768861581530426
4.5675020728443965 4.5675020728443965 0.014354550907294017
4.5675020728443965 4.9792609785452555 0.01450589824900997
4.5675020728443965 5.406654247970126 0.015365414239092786
4.5675020728443965 5.854095056030399 0.0171122149352968
4.5675020728443965 6.328255351220081 0.019988011519200256
4.5675020728443965 6.840237305249354 0.024359951044554514
4.5675020728443965 7.411582531485466 0.0308690747005094
4.5675020728443965 8.098761139250847 0.04107207977910574
4.9792609785452555 -8.09876113925085 0.04512979839156096
4.9792609785452555 -7.411582531485468 0.03434863416138148
4.9792609785452555 -6.840237305249354 0.027283801199497196
4.9792609785452555 -6.3282553512200845 0.022365288880064924
4.9792609785452555 -5.8540950560304035 0.01894170844179032
4.9792609785452555 -5.406654247970128 0.016642204772490753
4.9792609785452555 -4.979260978545257 0.015223182797684753
4.9792609785452555 -4.567502072844396 0.014505898249003316
4.9792609785452555 -4.168257066832499 0.01434946413221494
4.9792609785452555 -3.7792067534352225 0.014635635969621906
4.9792609785452555 -3.3985582658596285 0.015261000301577107
4.9792609785452555 -3.0248798839012845 0.01613184630806362
4.9792609785452555 -2.6569959984428952 0.017161749146910783
4.9792609785452555 -2.2939171418750837 0.018270002507111093
4.9792609785452555 -1.9347914722822965 0.019381595072036198
4.9792609785452555 -1.578869894931614 0.020427523445843473
4.9792609785452555 -1.225480109046289 0.021346198114965253
4.9792609785452555 -0.8740066123570872 0.022084890820996416
4.9792609785452555 -0.5238747138322762 0.022601798738190185
4.9792609785452555 -0.17453721459758154 0.022867741212113962
4.9792609785452555 0.17453721459758323 0.022867741212114857
4.9792609785452555 0.5238747138322778 0.02260179873819295
4.9792609785452555 0.8740066123570885 0.02208489082100085
4.9792609785452555 1.2254801090462892 0.021346198114971193
4.9792609785452555 1.578869894931614 0.020427523445850727
4.9792609785452555 1.9347914722822956 0.019381595072044747
4.9792609785452555 2.2939171418750837 0.01827000250712077
4.9792609785452555 2.656995998442896 0.017161749146921673
4.9792609785452555 3.024879883901285 0.016131846308075404
4.9792609785452555 3.398558265859627 0.01526100030158935
4.9792609785452555 3.779206753435224 0.014635635969636006
4.9792609785452555 4.168257066832501 0.014349464132227643
4.9792609785452555 4.5675020728443965 0.014505898249010227
4.9792609785452555 4.9792609785452555 0.015223182797708243
4.9792609785452555 5.406654247970126 0.016642204772708582
4.9792609785452555 5.854095056030399 0.01894170844137325
4.9792609785452555 6.328255351220081 0.02236528884429768
4.9792609785452555 6.840237305249354 0.02728380095618944
4.9792609785452555 7.411582531485466 0.03434863101897008
4.9792609785452555 8.098761139250847 0.0451297843384798
5.406654247970126 -8.09876113925085 0.049958349072369915
5.406654247970126 -7.411582531485468 0.03857439022359652
5.406654247970126 -6.840237305249354 0.030935889953502323
5.406654247970126 -6.3282553512200845 0.025457059714917046
5.406654247970126 -5.8540950560304035 0.021476525154992408
5.406654247970126 -5.406654247970128 0.01861989576149308
5.406654247970126 -4.979260978545257 0.01664220477268677
5.406654247970126 -4.567502072844396 0.015365414239087348
5.406654247970126 -4.168257066832499 0.014650659919922988
5.406654247970126 -3.7792067534352225 0.014383223812285618
5.406654247970126 -3.3985582658596285 0.014464461413830716
5.406654247970126 -3.0248798839012845 0.014806851527775253
5.406654247970126 -2.6569959984428952 0.015331346437737413
5.406654247970126 -2.2939171418750837 0.015965843542996568
5.406654247970126 -1.9347914722822965 0.016644758013596366
5.406654247970126 -1.578869894931614 0.0173091224684285
5.406654247970126 -1.225480109046289 0.01790731562767006
5.406654247970126 -0.8740066123570872 0.01839599978758489
5.406654247970126 -0.5238747138322762 0.01874130875849304
5.406654247970126 -0.17453721459758154 0.01891991265574774
5.406654247970126 0.17453721459758323 0.018919912655748546
5.406654247970126 0.5238747138322778 0.018741308758495404
5.406654247970126 0.8740066123570885 0.01839599978758875
5.406654247970126 1.2254801090462892 0.017907315627675287
5.406654247970126 1.578869894931614 0.017309122468434975
5.406654247970126 1.9347914722822956 0.016644758013604065
5.406654247970126 2.2939171418750837 0.015965843543005315
5.406654247970126 2.656995998442896 0.015331346437747308
5.406654247970126 3.024879883901285 0.014806851527786014
5.406654247970126 3.398558265859627 0.01446446141384185
5.406654247970126 3.779206753435224 0.014383223812298578
5.406654247970126 4.168257066832501 0.014650659919934542
5.406654247970126 4.5675020728443965 0.01536541423909329
5.406654247970126 4.9792609785452555 0.01664220477270885
5.406654247970126 5.406654247970126 0.01861989576170383
5.406654247970126 5.854095056030399 0.021476525154587593
5.406654247970126 6.328255351220081 0.025457059680349465
5.406654247970126 6.840237305249354 0.03093588971920786
5.406654247970126 7.411582531485466 0.038574387213789155
5.406654247970126 8.098761139250847 0.04995833573124111
5.854095056030399 -8.09876113925085 0.055729925133203906
5.854095056030399 -7.411582531485468 0.04372003267630341
5.854095056030399 -6.840237305249354 0.035491119293291906
5.854095056030399 -6.3282553512200845 0.029439370976716908
5.854095056030399 -5.8540950560304035 0.024893759737086546
5.854095056030399 -5.406654247970128 0.021476525154385803
5.854095056030399 -4.979260978545257 0.018941708441353188
5.854095056030399 -4.567502072844396 0.01711221493529253
5.854095056030399 -4.168257066832499 0.01585142893576875
5.854095056030399 -3.7792067534352225 0.01504816718483941
5.854095056030399 -3.3985582658596285 0.014608402057174162
5.854095056030399 -3.0248798839012845 0.014450308937065687
5.854095056030399 -2.6569959984428952 0.01450142953038178
5.854095056030399 -2.2939171418750837 0.014697027793879252
5.854095056030399 -1.9347914722822965 0.014979353982858235
5.854095056030399 -1.578869894931614 0.015297455350662605
5.854095056030399 -1.225480109046289 0.015607443935391294
5.854095056030399 -0.8740066123570872 0.015873004964308473
5.854095056030399 -0.5238747138322762 0.01606606954999443
5.854095056030399 -0.17453721459758154 0.016167467795154936
5.854095056030399 0.17453721459758323 0.016167467795155627
5.854095056030399 0.5238747138322778 0.0160660695499965
5.854095056030399 0.8740066123570885 0.015873004964311908
5.854095056030399 1.2254801090462892 0.015607443935395938
5.854095056030399 1.578869894931614 0.015297455350668412
5.854095056030399 1.9347914722822956 0.014979353982865144
5.854095056030399 2.2939171418750837 0.014697027793887171
5.854095056030399 2.656995998442896 0.014501429530390733
5.854095056030399 3.024879883901285 0.01445030893707543
5.854095056030399 3.398558265859627 0.014608402057184246
5.854095056030399 3.779206753435224 0.015048167184851182
5.854095056030399 4.168257066832501 0.015851428935779153
5.854095056030399 4.5675020728443965 0.017112214935297503
5.854095056030399 4.9792609785452555 0.018941708441373734
5.854095056030399 5.406654247970126 0.021476525154587853
5.854095056030399 5.854095056030399 0.024893759736697607
5.854095056030399 6.328255351220081 0.029439370943659695
5.854095056030399 6.840237305249354 0.035491119070242924
5.854095056030399 7.411582531485466 0.04372002982967309
5.854095056030399 8.098761139250847 0.0557299126465851
6.328255351220081 -8.09876113925085 0.06269201167235601
6.328255351220081 -7.411582531485468 0.050033129336014066
6.328255351220081 -6.840237305249354 0.041196720412399905
6.328255351220081 -6.3282553512200845 0.034558928253441326
6.328255351220081 -5.8540950560304035 0.029439370944027772
6.328255351220081 -5.406654247970128 0.025457059680159055
6.328255351220081 -4.979260978545257 0.02236528884427952
6.328255351220081 -4.567502072844396 0.019988011519197074
6.328255351220081 -4.168257066832499 0.018190888079681333
6.328255351220081 -3.7792067534352225 0.016866098512084173
6.328255351220081 -3.3985582658596285 0.015923877045683286
6.328255351220081 -3.0248798839012845 0.015287473648863879
6.328255351220081 -2.6569959984428952 0.014890154969245777
6.328255351220081 -2.2939171418750837 0.014673411538821598
6.328255351220081 -1.9347914722822965 0.014585987686007636
6.328255351220081 -1.578869894931614 0.014583441206205736
6.328255351220081 -1.225480109046289 0.014628086211284448
6.328255351220081 -0.8740066123570872 0.01468916901803774
6.328255351220081 -0.5238747138322762 0.014743182921737374
6.328255351220081 -0.17453721459758154 0.014774209920652499
6.328255351220081 0.17453721459758323 0.01477420992065314
6.328255351220081 0.5238747138322778 0.014743182921739264
6.328255351220081 0.8740066123570885 0.014689169018040817
6.328255351220081 1.2254801090462892 0.01462808621128857
6.328255351220081 1.578869894931614 0.014583441206210876
6.328255351220081 1.9347914722822956 0.0145859876860138
6.328255351220081 2.2939171418750837 0.014673411538828602
6.328255351220081 2.656995998442896 0.014890154969253734
6.328255351220081 3.024879883901285 0.015287473648872535
6.328255351220081 3.398558265859627 0.015923877045692238
6.328255351220081 3.779206753435224 0.016866098512094738
6.328255351220081 4.168257066832501 0.018190888079690545
6.328255351220081 4.5675020728443965 0.019988011519201064
6.328255351220081 4.9792609785452555 0.022365288844298357
6.328255351220081 5.406654247970126 0.025457059680349853
6.328255351220081 5.854095056030399 0.02943937094365971
6.328255351220081 6.328255351220081 0.03455892822234462
6.328255351220081 6.840237305249354 0.04119672020378157
6.328255351220081 7.411582531485466 0.05003312669514912
6.328255351220081 8.098761139250847 0.0626920002310645
6.840237305249354 -8.09876113925085 0.07123399635407854
6.840237305249354 -7.411582531485468 0.0579005739045171
6.840237305249354 -6.840237305249354 0.04843672850476867
6.840237305249354 -6.3282553512200845 0.04119672023221179
6.840237305249354 -5.8540950560304035 0.035491119070582056
6.840237305249354 -5.406654247970128 0.030935889719032616
6.840237305249354 -4.979260978545257 0.027283800956173318
6.840237305249354 -4.567502072844396 0.024359951044552314
6.840237305249354 -4.168257066832499 0.022032279547902916
6.840237305249354 -3.7792067534352225 0.020196166046806754
6.840237305249354 -3.3985582658596285 0.01876577188491924
6.840237305249354 -3.0248798839012845 0.01766886862533878
6.840237305249354 -2.6569959984428952 0.016843677584015868
6.840237305249354 -2.2939171418750837 0.016236915474601148
6.840237305249354 -1.9347914722822965 0.01580262691570314
6.840237305249354 -1.578869894931614 0.015501535552435901
6.840237305249354 -1.225480109046289 0.015300754971905254
6.840237305249354 -0.8740066123570872 0.015173735230694091
6.840237305249354 -0.5238747138322762 0.015100354421209815
6.840237305249354 -0.17453721459758154 0.015067071159089108
6.840237305249354 0.17453721459758323 0.015067071159089654
6.840237305249354 0.5238747138322778 0.015100354421211453
6.840237305249354 0.8740066123570885 0.015173735230696707
6.840237305249354 1.2254801090462892 0.015300754971908795
6.840237305249354 1.578869894931614 0.01550153555244032
6.840237305249354 1.9347914722822956 0.015802626915708422
6.840237305249354 2.2939171418750837 0.016236915474607184
6.840237305249354 2.656995998442896 0.016843677584022672
6.840237305249354 3.024879883901285 0.017668868625346168
6.840237305249354 3.398558265859627 0.01876577188492685
6.840237305249354 3.779206753435224 0.020196166046815834
6.840237305249354 4.168257066832501 0.0220322795479107
6.840237305249354 4.5675020728443965 0.02435995104455526
6.840237305249354 4.9792609785452555 0.027283800956189905
6.840237305249354 5.406654247970126 0.030935889719207906
6.840237305249354 5.854095056030399 0.0354911190702427
6.840237305249354 6.328255351220081 0.04119672020378168
6.840237305249354 6.840237305249354 0.04843672831547445
6.840237305249354 7.411582531485466 0.0579005715329541
6.840237305249354 8.098761139250847 0.07123398623010524
7.411582531485466 -8.09876113925085 0.08206289694991543
7.411582531485466 -7.411582531485468 0.06802061612209313
7.411582531485466 -6.840237305249354 0.057900571694499595
7.411582531485466 -6.3282553512200845 0.050033126719665484
7.411582531485466 -5.8540950560304035 0.04372002982996909
7.411582531485466 -5.406654247970128 0.03857438721363633
7.411582531485466 -4.979260978545257 0.03434863101895638
7.411582531485466 -4.567502072844396 0.030869074700508047
7.411582531485466 -4.168257066832499 0.028005899001008472
7.411582531485466 -3.7792067534352225 0.025657499073411333
7.411582531485466 -3.3985582658596285 0.02374163322648498
7.411582531485466 -3.0248798839012845 0.022190105171660753
7.411582531485466 -2.6569959984428952 0.020945455086683086
7.411582531485466 -2.2939171418750837 0.019958858665832902
7.411582531485466 -1.9347914722822965 0.019188800344091653
7.411582531485466 -1.578869894931614 0.018600260067622786
7.411582531485466 -1.225480109046289 0.01816425277482255
7.411582531485466 -0.8740066123570872 0.017857606996696675
7.411582531485466 -0.5238747138322762 0.017662898270231278
7.411582531485466 -0.17453721459758154 0.017568467352504193
7.411582531485466 0.17453721459758323 0.017568467352504624
7.411582531485466 0.5238747138322778 0.017662898270232538
7.411582531485466 0.8740066123570885 0.017857606996698683
7.411582531485466 1.2254801090462892 0.018164252774825255
7.411582531485466 1.578869894931614 0.018600260067626228
7.411582531485466 1.9347914722822956 0.019188800344095883
7.411582531485466 2.2939171418750837 0.01995885866583777
7.411582531485466 2.656995998442896 0.020945455086688543
7.411582531485466 3.024879883901285 0.022190105171666592
7.411582531485466 3.398558265859627 0.02374163322649102
7.411582531485466 3.779206753435224 0.025657499073418633
7.411582531485466 4.168257066832501 0.028005899001014703
7.411582531485466 4.5675020728443965 0.03086907470050984
7.411582531485466 4.9792609785452555 0.034348631018969934
7.411582531485466 5.406654247970126 0.03857438721378829
7.411582531485466 5.854095056030399 0.0437200298296724
7.411582531485466 6.328255351220081 0.050033126695151205
7.411582531485466 6.840237305249354 0.05790057153295826
7.411582531485466 7.411582531485466 0.06802061412534012
7.411582531485466 8.098761139250847 0.08206288857236102
8.098761139250847 -8.09876113925085 0.09687541392528967
8.098761139250847 -7.411582531485468 0.08206288997964842
8.098761139250847 -6.840237305249354 0.07123398634596456
8.098761139250847 -6.3282553512200845 0.06269200024890681
8.098761139250847 -5.8540950560304035 0.055729912646802666
8.098761139250847 -5.406654247970128 0.0499583357311263
8.098761139250847 -4.979260978545257 0.04512978433846916
8.098761139250847 -4.567502072844396 0.04107207977910481
8.098761139250847 -4.168257066832499 0.037657757608993925
8.098761139250847 -3.7792067534352225 0.03478810583283448
8.098761139250847 -3.3985582658596285 0.032384095355150466
8.098761139250847 -3.0248798839012845 0.03038089970086661
8.098761139250847 -2.6569959984428952 0.02872444865746875
8.098761139250847 -2.2939171418750837 0.027369211774163252
8.098761139250847 -1.9347914722822965 0.026276771035338476
8.098761139250847 -1.578869894931614 0.025414922424116672
8.098761139250847 -1.225480109046289 0.02475714254489912
8.098761139250847 -0.8740066123570872 0.024282306484759635
8.098761139250847 -0.5238747138322762 0.023974571055038498
8.098761139250847 -0.17453721459758154 0.02382335402893124
8.098761139250847 0.17453721459758323 0.02382335402893152
8.098761139250847 0.5238747138322778 0.023974571055039307
8.098761139250847 0.8740066123570885 0.024282306484760846
8.098761139250847 1.2254801090462892 0.024757142544900752
8.098761139250847 1.578869894931614 0.025414922424118865
8.098761139250847 1.9347914722822956 0.02627677103534128
8.098761139250847 2.2939171418750837 0.027369211774166544
8.098761139250847 2.656995998442896 0.028724448657472465
8.098761139250847 3.024879883901285 0.030380899700870545
8.098761139250847 3.398558265859627 0.032384095355154525
8.098761139250847 3.779206753435224 0.03478810583283957
8.098761139250847 4.168257066832501 0.037657757608998095
8.098761139250847 4.5675020728443965 0.041072079779105826
8.098761139250847 4.9792609785452555 0.04512978433847818
8.098761139250847 5.406654247970126 0.04995833573123772
8.098761139250847 5.854095056030399 0.05572991264657999
8.098761139250847 6.328255351220081 0.06269200023106107
8.098761139250847 6.840237305249354 0.0712339862301185
8.098761139250847 7.411582531485466 0.0820628885723116
8.098761139250847 8.098761139250847 0.09687540812038009
