-8.09876113925085 -8.09876113925085 0.19024636195155292
-8.09876113925085 -7.411582531485468 0.16193988050734162
-8.09876113925085 -6.840237305249354 0.14113868014123998
-8.09876113925085 -6.3282553512200845 0.12467002099327926
-8.09876113925085 -5.8540950560304035 0.11120862237348526
-8.09876113925085 -5.406654247970128 0.10002285635691355
-8.09876113925085 -4.979260978545257 0.09064653146233374
-8.09876113925085 -4.567502072844396 0.08275434341107438
-8.09876113925085 -4.168257066832499 0.07610465061223531
-8.09876113925085 -3.7792067534352225 0.07050963338894953
-8.09876113925085 -3.3985582658596285 0.0658183524613336
-8.09876113925085 -3.0248798839012845 0.06190652695454721
-8.09876113925085 -2.6569959984428952 0.05867011915486969
-8.09876113925085 -2.2939171418750837 0.056021223287363815
-8.09876113925085 -1.9347914722822965 0.0538854339719979
-8.09876113925085 -1.578869894931614 0.05220020811282127
-8.09876113925085 -1.225480109046289 0.05091391266625129
-8.09876113925085 -0.8740066123570872 0.04998534353384853
-8.09876113925085 -0.5238747138322762 0.04938355165763767
-8.09876113925085 -0.17453721459758154 0.049087842697134454
-8.09876113925085 0.17453721459758323 0.04908784269713475
-8.09876113925085 0.5238747138322778 0.04938355165763835
-8.09876113925085 0.8740066123570885 0.049985343533849765
-8.09876113925085 1.2254801090462892 0.05091391266625308
-8.09876113925085 1.578869894931614 0.052200208112823665
-8.09876113925085 1.9347914722822956 0.053885433972000976
-8.09876113925085 2.2939171418750837 0.05602122328736745
-8.09876113925085 2.656995998442896 0.05867011915487369
-8.09876113925085 3.024879883901285 0.06190652695455116
-8.09876113925085 3.398558265859627 0.06581835246133697
-8.09876113925085 3.779206753435224 0.07050963338895372
-8.09876113925085 4.168257066832501 0.0761046506122375
-8.09876113925085 4.5675020728443965 0.08275434341107137
-8.09876113925085 4.9792609785452555 0.09064653146234598
-8.09876113925085 5.406654247970126 0.100022856357072
-8.09876113925085 5.854095056030399 0.11120862237319723
-8.09876113925085 6.328255351220081 0.12467002097175016
-8.09876113925085 6.840237305249354 0.14113868001612734
-8.09876113925085 7.411582531485466 0.16193987919514438
-8.09876113925085 8.098761139250847 0.19024635754544506
-7.411582531485468 -8.09876113925085 0.16193988050732158
-7.411582531485468 -7.411582531485468 0.13516773890553113
-7.411582531485468 -6.840237305249354 0.11568901893575208
-7.411582531485468 -6.3282553512200845 0.10044588985865245
-7.411582531485468 -5.8540950560304035 0.08815356078777875
-7.411582531485468 -5.406654247970128 0.07809529798257482
-7.411582531485468 -4.979260978545257 0.06980903568637578
-7.411582531485468 -4.567502072844396 0.06296808328461917
-7.411582531485468 -4.168257066832499 0.057326412963576545
-7.411582531485468 -3.7792067534352225 0.052690119601146924
-7.411582531485468 -3.3985582658596285 0.04890127042264268
-7.411582531485468 -3.0248798839012845 0.04582819775533266
-7.411582531485468 -2.6569959984428952 0.043359456687109686
-7.411582531485468 -2.2939171418750837 0.0413999932934593
-7.411582531485468 -1.9347914722822965 0.039868733110787695
-7.411582531485468 -1.578869894931614 0.03869711658543878
-7.411582531485468 -1.225480109046289 0.037828286959619234
-7.411582531485468 -0.8740066123570872 0.0372167217664926
-7.411582531485468 -0.5238747138322762 0.03682814984471781
-7.411582531485468 -0.17453721459758154 0.03663962110346708
-7.411582531485468 0.17453721459758323 0.036639621103467676
-7.411582531485468 0.5238747138322778 0.0368281498447196
-7.411582531485468 0.8740066123570885 0.03721672176649553
-7.411582531485468 1.2254801090462892 0.03782828695962316
-7.411582531485468 1.578869894931614 0.03869711658544375
-7.411582531485468 1.9347914722822956 0.0398687331107937
-7.411582531485468 2.2939171418750837 0.04139999329346615
-7.411582531485468 2.656995998442896 0.043359456687117444
-7.411582531485468 3.024879883901285 0.04582819775534079
-7.411582531485468 3.398558265859627 0.04890127042265043
-7.411582531485468 3.779206753435224 0.05269011960115657
-7.411582531485468 4.168257066832501 0.05732641296358318
-7.411582531485468 4.5675020728443965 0.06296808328461687
-7.411582531485468 4.9792609785452555 0.06980903568639604
-7.411582531485468 5.406654247970126 0.0780952979828436
-7.411582531485468 5.854095056030399 0.08815356078727361
-7.411582531485468 6.328255351220081 0.10044588982044778
-7.411582531485468 6.840237305249354 0.11568901871027215
-7.411582531485468 7.411582531485466 0.13516773652546696
-7.411582531485468 8.098761139250847 0.16193987269598417
-6.840237305249354 -8.09876113925085 0.14113868014122274
-6.840237305249354 -7.411582531485468 0.11568901893574723
-6.840237305249354 -6.840237305249354 0.09739181653914086
-6.840237305249354 -6.3282553512200845 0.0832756205142062
-6.840237305249354 -5.8540950560304035 0.07208352418177455
-6.840237305249354 -5.406654247970128 0.06310643434087568
-6.840237305249354 -4.979260978545257 0.055882168016324216
-6.840237305249354 -4.567502072844396 0.050080005591204846
-6.840237305249354 -4.168257066832499 0.045447720252919606
-6.840237305249354 -3.7792067534352225 0.041783795576333244
-6.840237305249354 -3.3985582658596285 0.038921735928472506
-6.840237305249354 -3.0248798839012845 0.036720662675741006
-6.840237305249354 -2.6569959984428952 0.03505955242474283
-6.840237305249354 -2.2939171418750837 0.03383367674509786
-6.840237305249354 -1.9347914722822965 0.03295248509285449
-6.840237305249354 -1.578869894931614 0.0323384469192103
-6.840237305249354 -1.225480109046289 0.031926560825109265
-6.840237305249354 -0.8740066123570872 0.031664302453793425
-6.840237305249354 -0.5238747138322762 0.03151183985295138
-6.840237305249354 -0.17453721459758154 0.03144235714072721
-6.840237305249354 0.17453721459758323 0.031442357140728114
-6.840237305249354 0.5238747138322778 0.03151183985295397
-6.840237305249354 0.8740066123570885 0.03166430245379763
-6.840237305249354 1.2254801090462892 0.0319265608251149
-6.840237305249354 1.578869894931614 0.03233844691921734
-6.840237305249354 1.9347914722822956 0.03295248509286288
-6.840237305249354 2.2939171418750837 0.03383367674510735
-6.840237305249354 2.656995998442896 0.03505955242475351
-6.840237305249354 3.024879883901285 0.03672066267575227
-6.840237305249354 3.398558265859627 0.03892173592848355
-6.840237305249354 3.779206753435224 0.041783795576346865
-6.840237305249354 4.168257066832501 0.04544772025292963
-6.840237305249354 4.5675020728443965 0.05008000559120369
-6.840237305249354 4.9792609785452555 0.05588216801635158
-6.840237305249354 5.406654247970126 0.06310643434122387
-6.840237305249354 5.854095056030399 0.0720835241811132
-6.840237305249354 6.328255351220081 0.08327562046311551
-6.840237305249354 6.840237305249354 0.09739181623144913
-6.840237305249354 7.411582531485466 0.11568901562567656
-6.840237305249354 8.098761139250847 0.1411386692088293
-6.3282553512200845 -8.09876113925085 0.12467002099328248
-6.3282553512200845 -7.411582531485468 0.10044588985865122
-6.3282553512200845 -6.840237305249354 0.08327562051420599
-6.3282553512200845 -6.3282553512200845 0.07025304527184861
-6.3282553512200845 -5.8540950560304035 0.060141186723825825
-6.3282553512200845 -5.406654247970128 0.052234674982792176
-6.3282553512200845 -4.979260978545257 0.04606943799928515
-6.3282553512200845 -4.567502072844396 0.04130985457111042
-6.3282553512200845 -4.168257066832499 0.03769700921396478
-6.3282553512200845 -3.7792067534352225 0.0350213051361969
-6.3282553512200845 -3.3985582658596285 0.03310707541993241
-6.3282553512200845 -3.0248798839012845 0.03180337143191242
-6.3282553512200845 -2.6569959984428952 0.03097845886217738
-6.3282553512200845 -2.2939171418750837 0.030516535213309146
-6.3282553512200845 -1.9347914722822965 0.03031597066776189
-6.3282553512200845 -1.578869894931614 0.030288542038704482
-6.3282553512200845 -1.225480109046289 0.030359383595385536
-6.3282553512200845 -0.8740066123570872 0.030467376771522642
-6.3282553512200845 -0.5238747138322762 0.030565795735283667
-6.3282553512200845 -0.17453721459758154 0.03062299694637651
-6.3282553512200845 0.17453721459758323 0.03062299694637762
-6.3282553512200845 0.5238747138322778 0.030565795735286894
-6.3282553512200845 0.8740066123570885 0.03046737677152786
-6.3282553512200845 1.2254801090462892 0.03035938359539256
-6.3282553512200845 1.578869894931614 0.030288542038713256
-6.3282553512200845 1.9347914722822956 0.030315970667772325
-6.3282553512200845 2.2939171418750837 0.030516535213320945
-6.3282553512200845 2.656995998442896 0.03097845886219055
-6.3282553512200845 3.024879883901285 0.03180337143192636
-6.3282553512200845 3.398558265859627 0.03310707541994615
-6.3282553512200845 3.779206753435224 0.03502130513621368
-6.3282553512200845 4.168257066832501 0.03769700921397771
-6.3282553512200845 4.5675020728443965 0.04130985457111076
-6.3282553512200845 4.9792609785452555 0.04606943799931841
-6.3282553512200845 5.406654247970126 0.05223467498319877
-6.3282553512200845 5.854095056030399 0.06014118672304819
-6.3282553512200845 6.328255351220081 0.07025304521073145
-6.3282553512200845 6.840237305249354 0.08327562013937101
-6.3282553512200845 7.411582531485466 0.10044588574404165
-6.3282553512200845 8.098761139250847 0.12467000718887007
-5.8540950560304035 -8.09876113925085 0.11120862237348879
-5.8540950560304035 -7.411582531485468 0.0881535607877788
-5.8540950560304035 -6.840237305249354 0.07208352418177502
-5.8540950560304035 -6.3282553512200845 0.060141186723826186
-5.8540950560304035 -5.8540950560304035 0.05110504517166712
-5.8540950560304035 -5.406654247970128 0.044271819520110965
-5.8540950560304035 -4.979260978545257 0.03917530671175566
-5.8540950560304035 -4.567502072844396 0.03547505994783986
-5.8540950560304035 -4.168257066832499 0.03290559141753135
-5.8540950560304035 -3.7792067534352225 0.031249091386500782
-5.8540950560304035 -3.3985582658596285 0.030320261163176286
-5.8540950560304035 -3.0248798839012845 0.029957173925649633
-5.8540950560304035 -2.6569959984428952 0.03001601556672556
-5.8540950560304035 -2.2939171418750837 0.030368053480006863
-5.8540950560304035 -1.9347914722822965 0.03089830645001358
-5.8540950560304035 -1.578869894931614 0.031505260212311786
-5.8540950560304035 -1.225480109046289 0.032101447249127175
-5.8540950560304035 -0.8740066123570872 0.032614490257880914
-5.8540950560304035 -0.5238747138322762 0.032988449078355346
-5.8540950560304035 -0.17453721459758154 0.03318512409097999
-5.8540950560304035 0.17453721459758323 0.033185124090981295
-5.8540950560304035 0.5238747138322778 0.03298844907835918
-5.8540950560304035 0.8740066123570885 0.0326144902578871
-5.8540950560304035 1.2254801090462892 0.03210144724913549
-5.8540950560304035 1.578869894931614 0.03150526021232212
-5.8540950560304035 1.9347914722822956 0.030898306450025878
-5.8540950560304035 2.2939171418750837 0.03036805348002073
-5.8540950560304035 2.656995998442896 0.030016015566741047
-5.8540950560304035 3.024879883901285 0.029957173925666044
-5.8540950560304035 3.398558265859627 0.030320261163192485
-5.8540950560304035 3.779206753435224 0.031249091386520395
-5.8540950560304035 4.168257066832501 0.03290559141754691
-5.8540950560304035 4.5675020728443965 0.035475059947841815
-5.8540950560304035 4.9792609785452555 0.0391753067117937
-5.8540950560304035 5.406654247970126 0.04427181952056175
-5.8540950560304035 5.854095056030399 0.05110504517080092
-5.8540950560304035 6.328255351220081 0.06014118665480905
-5.8540950560304035 6.840237305249354 0.07208352375196
-5.8540950560304035 7.411582531485466 0.08815355598093083
-5.8540950560304035 8.098761139250847 0.11120860594391001
-5.406654247970128 -8.09876113925085 0.1000228563569157
-5.406654247970128 -7.411582531485468 0.07809529798257554
-5.406654247970128 -6.840237305249354 0.06310643434087618
-5.406654247970128 -6.3282553512200845 0.05223467498279272
-5.406654247970128 -5.8540950560304035 0.044271819520111416
-5.406654247970128 -5.406654247970128 0.038516243801766076
-5.406654247970128 -4.979260978545257 0.034500088644447494
-5.406654247970128 -4.567502072844396 0.031878499987715816
-5.406654247970128 -4.168257066832499 0.030379725392400837
-5.406654247970128 -3.7792067534352225 0.029777641111637325
-5.406654247970128 -3.3985582658596285 0.02987681228073625
-5.406654247970128 -3.0248798839012845 0.03050326399544778
-5.406654247970128 -2.6569959984428952 0.03149951172550442
-5.406654247970128 -2.2939171418750837 0.0327217269157565
-5.406654247970128 -1.9347914722822965 0.03403898241389835
-5.406654247970128 -1.578869894931614 0.03533353695014206
-5.406654247970128 -1.225480109046289 0.036502313121876996
-5.406654247970128 -0.8740066123570872 0.03745879688902332
-5.406654247970128 -0.5238747138322762 0.03813539658770289
-5.406654247970128 -0.17453721459758154 0.03848556500042354
-5.406654247970128 0.17453721459758323 0.038485565000425
-5.406654247970128 0.5238747138322778 0.038135396587707225
-5.406654247970128 0.8740066123570885 0.03745879688903044
-5.406654247970128 1.2254801090462892 0.03650231312188652
-5.406654247970128 1.578869894931614 0.0353335369501539
-5.406654247970128 1.9347914722822956 0.0340389824139124
-5.406654247970128 2.2939171418750837 0.03272172691577234
-5.406654247970128 2.656995998442896 0.03149951172552203
-5.406654247970128 3.024879883901285 0.03050326399546641
-5.406654247970128 3.398558265859627 0.029876812280754794
-5.406654247970128 3.779206753435224 0.029777641111659592
-5.406654247970128 4.168257066832501 0.030379725392418892
-5.406654247970128 4.5675020728443965 0.03187849998771949
-5.406654247970128 4.9792609785452555 0.03450008864448958
-5.406654247970128 5.406654247970126 0.03851624380225104
-5.406654247970128 5.854095056030399 0.044271819519176636
-5.406654247970128 6.328255351220081 0.05223467490747087
-5.406654247970128 6.840237305249354 0.06310643386581789
-5.406654247970128 7.411582531485466 0.07809529258184711
-5.406654247970128 8.098761139250847 0.10002283754560136
-4.979260978545257 -8.09876113925085 0.09064653146233509
-4.979260978545257 -7.411582531485468 0.06980903568637616
-4.979260978545257 -6.840237305249354 0.05588216801632481
-4.979260978545257 -6.3282553512200845 0.046069437999285826
-4.979260978545257 -5.8540950560304035 0.03917530671175628
-4.979260978545257 -5.406654247970128 0.03450008864444784
-4.979260978545257 -4.979260978545257 0.03157529197334506
-4.979260978545257 -4.567502072844396 0.030052437135645583
-4.979260978545257 -4.168257066832499 0.029654224878711687
-4.979260978545257 -3.7792067534352225 0.030146457129296488
-4.979260978545257 -3.3985582658596285 0.03132342960828979
-4.979260978545257 -3.0248798839012845 0.03299827503867467
-4.979260978545257 -2.6569959984428952 0.0349983674438933
-4.979260978545257 -2.2939171418750837 0.03716239895072989
-4.979260978545257 -1.9347914722822965 0.0393403767040226
-4.979260978545257 -1.578869894931614 0.04139434836268758
-4.979260978545257 -1.225480109046289 0.04320119272224186
-4.979260978545257 -0.8740066123570872 0.044655559218156886
-4.979260978545257 -0.5238747138322762 0.045673943519191976
-4.979260978545257 -0.17453721459758154 0.0461980859485227
-4.979260978545257 0.17453721459758323 0.046198085948524405
-4.979260978545257 0.5238747138322778 0.04567394351919693
-4.979260978545257 0.8740066123570885 0.04465555921816488
-4.979260978545257 1.2254801090462892 0.043201192722252584
-4.979260978545257 1.578869894931614 0.041394348362700804
-4.979260978545257 1.9347914722822956 0.03934037670403833
-4.979260978545257 2.2939171418750837 0.03716239895074763
-4.979260978545257 2.656995998442896 0.034998367443913
-4.979260978545257 3.024879883901285 0.03299827503869549
-4.979260978545257 3.398558265859627 0.031323429608310575
-4.979260978545257 3.779206753435224 0.0301464571293212
-4.979260978545257 4.168257066832501 0.029654224878732118
-4.979260978545257 4.5675020728443965 0.030052437135651058
-4.979260978545257 4.9792609785452555 0.03157529197339083
-4.979260978545257 5.406654247970126 0.034500088644960146
-4.979260978545257 5.854095056030399 0.039175306710767625
-4.979260978545257 6.328255351220081 0.04606943791887399
-4.979260978545257 6.840237305249354 0.05588216750383495
-4.979260978545257 7.411582531485466 0.06980902977687103
-4.979260978545257 8.098761139250847 0.09064651050468298
-4.567502072844396 -8.09876113925085 0.08275434341107393
-4.567502072844396 -7.411582531485468 0.06296808328461961
-4.567502072844396 -6.840237305249354 0.05008000559120562
-4.567502072844396 -6.3282553512200845 0.04130985457111121
-4.567502072844396 -5.8540950560304035 0.035475059947840636
-4.567502072844396 -5.406654247970128 0.031878499987716455
-4.567502072844396 -4.979260978545257 0.03005243713564592
-4.567502072844396 -4.567502072844396 0.0296457527452662
-4.567502072844396 -4.168257066832499 0.03037663910247409
-4.567502072844396 -3.7792067534352225 0.032003234580775516
-4.567502072844396 -3.3985582658596285 0.034309652533757166
-4.567502072844396 -3.0248798839012845 0.03709521935299747
-4.567502072844396 -2.6569959984428952 0.040170580833869936
-4.567502072844396 -2.2939171418750837 0.04335402454813738
-4.567502072844396 -1.9347914722822965 0.046472843714432555
-4.567502072844396 -1.578869894931614 0.049364037027157255
-4.567502072844396 -1.225480109046289 0.05187950859603846
-4.567502072844396 -0.8740066123570872 0.0538898690666849
-4.567502072844396 -0.5238747138322762 0.05529150727727413
-4.567502072844396 -0.17453721459758154 0.056011159632553945
-4.567502072844396 0.17453721459758323 0.056011159632555686
-4.567502072844396 0.5238747138322778 0.05529150727727953
-4.567502072844396 0.8740066123570885 0.05388986906669369
-4.567502072844396 1.2254801090462892 0.05187950859605048
-4.567502072844396 1.578869894931614 0.04936403702717205
-4.567502072844396 1.9347914722822956 0.04647284371444999
-4.567502072844396 2.2939171418750837 0.043354024548156955
-4.567502072844396 2.656995998442896 0.04017058083389165
-4.567502072844396 3.024879883901285 0.037095219353020466
-4.567502072844396 3.398558265859627 0.034309652533780224
-4.567502072844396 3.779206753435224 0.03200323458080264
-4.567502072844396 4.168257066832501 0.030376639102496893
-4.567502072844396 4.5675020728443965 0.029645752745273583
-4.567502072844396 4.9792609785452555 0.030052437135694995
-4.567502072844396 5.406654247970126 0.03187849998825095
-4.567502072844396 5.854095056030399 0.03547505994680894
-4.567502072844396 6.328255351220081 0.04130985448655043
-4.567502072844396 6.840237305249354 0.050080005047596694
-4.567502072844396 7.411582531485466 0.06296807693960109
-4.567502072844396 8.098761139250847 0.08275432053093988
-4.168257066832499 -8.09876113925085 0.07610465061223438
-4.168257066832499 -7.411582531485468 0.0573264129635773
-4.168257066832499 -6.840237305249354 0.0454477202529208
-4.168257066832499 -6.3282553512200845 0.037697009213965946
-4.168257066832499 -5.8540950560304035 0.03290559141753251
-4.168257066832499 -5.406654247970128 0.03037972539240183
-4.168257066832499 -4.979260978545257 0.029654224878712405
-4.168257066832499 -4.567502072844396 0.030376639102474477
-4.168257066832499 -4.168257066832499 0.032262356473945895
-4.168257066832499 -3.7792067534352225 0.03506285833038407
-4.168257066832499 -3.3985582658596285 0.03855317443706046
-4.168257066832499 -3.0248798839012845 0.04251868732193179
-4.168257066832499 -2.6569959984428952 0.04675290988374669
-4.168257066832499 -2.2939171418750837 0.05105122208579419
-4.168257066832499 -1.9347914722822965 0.05521508467133668
-4.168257066832499 -1.578869894931614 0.05905029808952353
-4.168257066832499 -1.225480109046289 0.062377061119167194
-4.168257066832499 -0.8740066123570872 0.06503229370085933
-4.168257066832499 -0.5238747138322762 0.06688358803631703
-4.168257066832499 -0.17453721459758154 0.06783414824302411
-4.168257066832499 0.17453721459758323 0.06783414824302594
-4.168257066832499 0.5238747138322778 0.06688358803632229
-4.168257066832499 0.8740066123570885 0.06503229370086878
-4.168257066832499 1.2254801090462892 0.062377061119180455
-4.168257066832499 1.578869894931614 0.05905029808953998
-4.168257066832499 1.9347914722822956 0.05521508467135598
-4.168257066832499 2.2939171418750837 0.051051222085815674
-4.168257066832499 2.656995998442896 0.04675290988377047
-4.168257066832499 3.024879883901285 0.04251868732195696
-4.168257066832499 3.398558265859627 0.03855317443708574
-4.168257066832499 3.779206753435224 0.03506285833041362
-4.168257066832499 4.168257066832501 0.032262356473971056
-4.168257066832499 4.5675020728443965 0.03037663910248384
-4.168257066832499 4.9792609785452555 0.029654224878764547
-4.168257066832499 5.406654247970126 0.030379725392954436
-4.168257066832499 5.854095056030399 0.03290559141646594
-4.168257066832499 6.328255351220081 0.037697009125998264
-4.168257066832499 6.840237305249354 0.04544771968334484
-4.168257066832499 7.411582531485466 0.05732640624609525
-4.168257066832499 8.098761139250847 0.07610462601999991
-3.7792067534352225 -8.09876113925085 0.07050963338894907
-3.7792067534352225 -7.411582531485468 0.05269011960114808
-3.7792067534352225 -6.840237305249354 0.04178379557633486
-3.7792067534352225 -6.3282553512200845 0.03502130513619861
-3.7792067534352225 -5.8540950560304035 0.031249091386502434
-3.7792067534352225 -5.406654247970128 0.029777641111638865
-3.7792067534352225 -4.979260978545257 0.0301464571292977
-3.7792067534352225 -4.567502072844396 0.03200323458077639
-3.7792067534352225 -4.168257066832499 0.03506285833038453
-3.7792067534352225 -3.7792067534352225 0.03907139501361231
-3.7792067534352225 -3.3985582658596285 0.043796610752096635
-3.7792067534352225 -3.0248798839012845 0.04900952963725134
-3.7792067534352225 -2.6569959984428952 0.05448641688849804
-3.7792067534352225 -2.2939171418750837 0.05999532020536761
-3.7792067534352225 -1.9347914722822965 0.0653081772859249
-3.7792067534352225 -1.578869894931614 0.07018979365369617
-3.7792067534352225 -1.225480109046289 0.07442261458953749
-3.7792067534352225 -0.8740066123570872 0.07779876756510089
-3.7792067534352225 -0.5238747138322762 0.08015398043974212
-3.7792067534352225 -0.17453721459758154 0.08136244865377609
-3.7792067534352225 0.17453721459758323 0.08136244865377608
-3.7792067534352225 0.5238747138322778 0.0801539804397465
-3.7792067534352225 0.8740066123570885 0.07779876756511048
-3.7792067534352225 1.2254801090462892 0.07442261458955195
-3.7792067534352225 1.578869894931614 0.07018979365371482
-3.7792067534352225 1.9347914722822956 0.06530817728594633
-3.7792067534352225 2.2939171418750837 0.059995320205391015
-3.7792067534352225 2.656995998442896 0.05448641688852391
-3.7792067534352225 3.024879883901285 0.04900952963727869
-3.7792067534352225 3.398558265859627 0.043796610752124265
-3.7792067534352225 3.779206753435224 0.039071395013644296
-3.7792067534352225 4.168257066832501 0.035062858330412006
-3.7792067534352225 4.5675020728443965 0.03200323458078765
-3.7792067534352225 4.9792609785452555 0.03014645712935256
-3.7792067534352225 5.406654247970126 0.029777641112206397
-3.7792067534352225 5.854095056030399 0.03124909138540754
-3.7792067534352225 6.328255351220081 0.03502130504541929
-3.7792067534352225 6.840237305249354 0.0417837949850428
-3.7792067534352225 7.411582531485466 0.0526901125656015
-3.7792067534352225 8.098761139250847 0.07050960728085474
-3.3985582658596285 -8.09876113925085 0.06581835246133372
-3.3985582658596285 -7.411582531485468 0.04890127042264421
-3.3985582658596285 -6.840237305249354 0.03892173592847455
-3.3985582658596285 -6.3282553512200845 0.03310707541993468
-3.3985582658596285 -5.8540950560304035 0.030320261163178607
-3.3985582658596285 -5.406654247970128 0.029876812280738407
-3.3985582658596285 -4.979260978545257 0.03132342960829163
-3.3985582658596285 -4.567502072844396 0.03430965253375873
-3.3985582658596285 -4.168257066832499 0.03855317443706158
-3.3985582658596285 -3.7792067534352225 0.04379661075209719
-3.3985582658596285 -3.3985582658596285 0.04980464064967887
-3.3985582658596285 -3.0248798839012845 0.056335015542367056
-3.3985582658596285 -2.6569959984428952 0.063151750998981
-3.3985582658596285 -2.2939171418750837 0.06999319609474418
-3.3985582658596285 -1.9347914722822965 0.07660710001823576
-3.3985582658596285 -1.578869894931614 0.08270563231897154
-3.3985582658596285 -1.225480109046289 0.08803421592195285
-3.3985582658596285 -0.8740066123570872 0.09230895593309581
-3.3985582658596285 -0.5238747138322762 0.09531916651411418
-3.3985582658596285 -0.17453721459758154 0.09686816727828293
-3.3985582658596285 0.17453721459758323 0.09686816727828308
-3.3985582658596285 0.5238747138322778 0.09531916651411633
-3.3985582658596285 0.8740066123570885 0.09230895593310455
-3.3985582658596285 1.2254801090462892 0.08803421592196738
-3.3985582658596285 1.578869894931614 0.0827056323189915
-3.3985582658596285 1.9347914722822956 0.07660710001825838
-3.3985582658596285 2.2939171418750837 0.06999319609476982
-3.3985582658596285 2.656995998442896 0.06315175099900948
-3.3985582658596285 3.024879883901285 0.056335015542397185
-3.3985582658596285 3.398558265859627 0.049804640649709166
-3.3985582658596285 3.779206753435224 0.04379661075213183
-3.3985582658596285 4.168257066832501 0.03855317443709141
-3.3985582658596285 4.5675020728443965 0.03430965253377189
-3.3985582658596285 4.9792609785452555 0.03132342960834899
-3.3985582658596285 5.406654247970126 0.029876812281318395
-3.3985582658596285 5.854095056030399 0.03032026116206066
-3.3985582658596285 6.328255351220081 0.03310707532682935
-3.3985582658596285 6.840237305249354 0.03892173531901382
-3.3985582658596285 7.411582531485466 0.04890126311618015
-3.3985582658596285 8.098761139250847 0.06581832501971084
-3.0248798839012845 -8.09876113925085 0.06190652695454788
-3.0248798839012845 -7.411582531485468 0.04582819775533449
-3.0248798839012845 -6.840237305249354 0.03672066267574344
-3.0248798839012845 -6.3282553512200845 0.03180337143191515
-3.0248798839012845 -5.8540950560304035 0.029957173925652537
-3.0248798839012845 -5.406654247970128 0.030503263995450596
-3.0248798839012845 -4.979260978545257 0.03299827503867727
-3.0248798839012845 -4.567502072844396 0.03709521935299975
-3.0248798839012845 -4.168257066832499 0.04251868732193366
-3.0248798839012845 -3.7792067534352225 0.049009529637252594
-3.0248798839012845 -3.3985582658596285 0.05633501554236776
-3.0248798839012845 -3.0248798839012845 0.0642380257531795
-3.0248798839012845 -2.6569959984428952 0.0724768182495421
-3.0248798839012845 -2.2939171418750837 0.08074442369822613
-3.0248798839012845 -1.9347914722822965 0.08877016304593506
-3.0248798839012845 -1.578869894931614 0.09616556408971473
-3.0248798839012845 -1.225480109046289 0.10265608067962977
-3.0248798839012845 -0.8740066123570872 0.10781630176495123
-3.0248798839012845 -0.5238747138322762 0.11146045196241437
-3.0248798839012845 -0.17453721459758154 0.11330634791322841
-3.0248798839012845 0.17453721459758323 0.11330634791322564
-3.0248798839012845 0.5238747138322778 0.11146045196241397
-3.0248798839012845 0.8740066123570885 0.10781630176495659
-3.0248798839012845 1.2254801090462892 0.10265608067964026
-3.0248798839012845 1.578869894931614 0.09616556408973094
-3.0248798839012845 1.9347914722822956 0.0887701630459582
-3.0248798839012845 2.2939171418750837 0.08074442369825509
-3.0248798839012845 2.656995998442896 0.07247681824957393
-3.0248798839012845 3.024879883901285 0.06423802575321262
-3.0248798839012845 3.398558265859627 0.056335015542400974
-3.0248798839012845 3.779206753435224 0.04900952963729002
-3.0248798839012845 4.168257066832501 0.04251868732196584
-3.0248798839012845 4.5675020728443965 0.037095219353014755
-3.0248798839012845 4.9792609785452555 0.03299827503873694
-3.0248798839012845 5.406654247970126 0.03050326399604111
-3.0248798839012845 5.854095056030399 0.029957173924516012
-3.0248798839012845 6.328255351220081 0.031803371336885836
-3.0248798839012845 6.840237305249354 0.03672066205110783
-3.0248798839012845 7.411582531485466 0.04582819021905602
-3.0248798839012845 8.098761139250847 0.061906498348643146
-2.6569959984428952 -8.09876113925085 0.058670119154870734
-2.6569959984428952 -7.411582531485468 0.043359456687111775
-2.6569959984428952 -6.840237305249354 0.03505955242474564
-2.6569959984428952 -6.3282553512200845 0.030978458862180636
-2.6569959984428952 -5.8540950560304035 0.030016015566729046
-2.6569959984428952 -5.406654247970128 0.031499511725507884
-2.6569959984428952 -4.979260978545257 0.03499836744389668
-2.6569959984428952 -4.567502072844396 0.04017058083387303
-2.6569959984428952 -4.168257066832499 0.0467529098837494
-2.6569959984428952 -3.7792067534352225 0.05448641688850019
-2.6569959984428952 -3.3985582658596285 0.06315175099898251
-2.6569959984428952 -3.0248798839012845 0.07247681824954325
-2.6569959984428952 -2.6569959984428952 0.08224189255178194
-2.6569959984428952 -2.2939171418750837 0.09208325719240418
-2.6569959984428952 -1.9347914722822965 0.10179693432804196
-2.6569959984428952 -1.578869894931614 0.11083420243836756
-2.6569959984428952 -1.225480109046289 0.11910655119941395
-2.6569959984428952 -0.8740066123570872 0.1257828675565486
-2.6569959984428952 -0.5238747138322762 0.13088824456729833
-2.6569959984428952 -0.17453721459758154 0.13346377142716315
-2.6569959984428952 0.17453721459758323 0.13346377142716545
-2.6569959984428952 0.5238747138322778 0.13088824456730014
-2.6569959984428952 0.8740066123570885 0.12578286755651172
-2.6569959984428952 1.2254801090462892 0.1191065511994137
-2.6569959984428952 1.578869894931614 0.1108342024383776
-2.6569959984428952 1.9347914722822956 0.10179693432806483
-2.6569959984428952 2.2939171418750837 0.09208325719243594
-2.6569959984428952 2.656995998442896 0.08224189255181684
-2.6569959984428952 3.024879883901285 0.07247681824958019
-2.6569959984428952 3.398558265859627 0.06315175099901903
-2.6569959984428952 3.779206753435224 0.05448641688854047
-2.6569959984428952 4.168257066832501 0.046752909883783826
-2.6569959984428952 4.5675020728443965 0.04017058083388983
-2.6569959984428952 4.9792609785452555 0.03499836744395844
-2.6569959984428952 5.406654247970126 0.0314995117261072
-2.6569959984428952 5.854095056030399 0.030016015565577463
-2.6569959984428952 6.328255351220081 0.030978458765564706
-2.6569959984428952 6.840237305249354 0.03505955178749085
-2.6569959984428952 7.411582531485466 0.04335944895711152
-2.6569959984428952 8.098761139250847 0.058670089542051135
-2.2939171418750837 -8.09876113925085 0.05602122328736503
-2.2939171418750837 -7.411582531485468 0.04139999329346166
-2.2939171418750837 -6.840237305249354 0.033833676745101064
-2.2939171418750837 -6.3282553512200845 0.03051653521331293
-2.2939171418750837 -5.8540950560304035 0.03036805348001096
-2.2939171418750837 -5.406654247970128 0.03272172691576069
-2.2939171418750837 -4.979260978545257 0.037162398950734074
-2.2939171418750837 -4.567502072844396 0.04335402454814144
-2.2939171418750837 -4.168257066832499 0.05105122208579803
-2.2939171418750837 -3.7792067534352225 0.05999532020537106
-2.2939171418750837 -3.3985582658596285 0.06999319609474694
-2.2939171418750837 -3.0248798839012845 0.08074442369822787
-2.2939171418750837 -2.6569959984428952 0.09208325719240287
-2.2939171418750837 -2.2939171418750837 0.10348845521528144
-2.2939171418750837 -1.9347914722822965 0.11491261080335319
-2.2939171418750837 -1.578869894931614 0.12516590872080813
-2.2939171418750837 -1.225480109046289 0.13467721622832005
-2.2939171418750837 -0.8740066123570872 0.14119043492434977
-2.2939171418750837 -0.5238747138322762 0.146252469758976
-2.2939171418750837 -0.17453721459758154 0.14813725174764383
-2.2939171418750837 0.17453721459758323 0.1481372517476435
-2.2939171418750837 0.5238747138322778 0.1462524697590005
-2.2939171418750837 0.8740066123570885 0.14119043492440997
-2.2939171418750837 1.2254801090462892 0.1346772162282856
-2.2939171418750837 1.578869894931614 0.12516590872079184
-2.2939171418750837 1.9347914722822956 0.11491261080336386
-2.2939171418750837 2.2939171418750837 0.10348845521531459
-2.2939171418750837 2.656995998442896 0.09208325719244455
-2.2939171418750837 3.024879883901285 0.08074442369826923
-2.2939171418750837 3.398558265859627 0.06999319609478567
-2.2939171418750837 3.779206753435224 0.05999532020541329
-2.2939171418750837 4.168257066832501 0.05105122208583419
-2.2939171418750837 4.5675020728443965 0.04335402454815981
-2.2939171418750837 4.9792609785452555 0.037162398950797815
-2.2939171418750837 5.406654247970126 0.03272172691636739
-2.2939171418750837 5.854095056030399 0.030368053478847253
-2.2939171418750837 6.328255351220081 0.03051653511539768
-2.2939171418750837 6.840237305249354 0.033833676097434234
-2.2939171418750837 7.411582531485466 0.04139998540170475
-2.2939171418750837 8.098761139250847 0.05602119281454264
-1.9347914722822965 -8.09876113925085 0.05388543397199916
-1.9347914722822965 -7.411582531485468 0.03986873311079028
-1.9347914722822965 -6.840237305249354 0.032952485092858114
-1.9347914722822965 -6.3282553512200845 0.030315970667766156
-1.9347914722822965 -5.8540950560304035 0.03089830645001826
-1.9347914722822965 -5.406654247970128 0.03403898241390322
-1.9347914722822965 -4.979260978545257 0.039340376704027555
-1.9347914722822965 -4.567502072844396 0.04647284371443734
-1.9347914722822965 -4.168257066832499 0.0552150846713414
-1.9347914722822965 -3.7792067534352225 0.06530817728592966
-1.9347914722822965 -3.3985582658596285 0.07660710001824046
-1.9347914722822965 -3.0248798839012845 0.0887701630459382
-1.9347914722822965 -2.6569959984428952 0.10179693432804097
-1.9347914722822965 -2.2939171418750837 0.1149126108033468
-1.9347914722822965 -1.9347914722822965 0.12894402001528588
-1.9347914722822965 -1.578869894931614 0.14135411300031447
-1.9347914722822965 -1.225480109046289 0.15738924478461883
-1.9347914722822965 -0.8740066123570872 0.16586316723906852
-1.9347914722822965 -0.5238747138322762 0.17787820957416745
-1.9347914722822965 -0.17453721459758154 0.17474997268917764
-1.9347914722822965 0.17453721459758323 0.17474997268834863
-1.9347914722822965 0.5238747138322778 0.17787820957369838
-1.9347914722822965 0.8740066123570885 0.16586316723963207
-1.9347914722822965 1.2254801090462892 0.15738924478456642
-1.9347914722822965 1.578869894931614 0.1413541130002764
-1.9347914722822965 1.9347914722822956 0.1289440200152892
-1.9347914722822965 2.2939171418750837 0.11491261080338222
-1.9347914722822965 2.656995998442896 0.1017969343280851
-1.9347914722822965 3.024879883901285 0.0887701630459807
-1.9347914722822965 3.398558265859627 0.07660710001828085
-1.9347914722822965 3.779206753435224 0.06530817728597399
-1.9347914722822965 4.168257066832501 0.05521508467137949
-1.9347914722822965 4.5675020728443965 0.04647284371445748
-1.9347914722822965 4.9792609785452555 0.0393403767040931
-1.9347914722822965 5.406654247970126 0.03403898241451594
-1.9347914722822965 5.854095056030399 0.03089830644884484
-1.9347914722822965 6.328255351220081 0.030315970568799533
-1.9347914722822965 6.840237305249354 0.032952484436709444
-1.9347914722822965 7.411582531485466 0.03986872508587675
-1.9347914722822965 8.098761139250847 0.0538854027771638
-1.578869894931614 -8.09876113925085 0.05220020811282266
-1.578869894931614 -7.411582531485468 0.038697116585441685
-1.578869894931614 -6.840237305249354 0.03233844691921431
-1.578869894931614 -6.3282553512200845 0.030288542038709253
-1.578869894931614 -5.8540950560304035 0.03150526021231711
-1.578869894931614 -5.406654247970128 0.03533353695014766
-1.578869894931614 -4.979260978545257 0.04139434836269325
-1.578869894931614 -4.567502072844396 0.04936403702716291
-1.578869894931614 -4.168257066832499 0.0590502980895289
-1.578869894931614 -3.7792067534352225 0.07018979365370115
-1.578869894931614 -3.3985582658596285 0.08270563231897565
-1.578869894931614 -3.0248798839012845 0.09616556408971391
-1.578869894931614 -2.6569959984428952 0.11083420243836589
-1.578869894931614 -2.2939171418750837 0.1251659087207967
-1.578869894931614 -1.9347914722822965 0.14135411300025336
-1.578869894931614 -1.578869894931614 0.1515901187800382
-1.578869894931614 -1.225480109046289 0.1642051979402061
-1.578869894931614 -0.8740066123570872 0.16408696693921632
-1.578869894931614 -0.5238747138322762 0.16733091735708872
-1.578869894931614 -0.17453721459758154 0.1666144793946787
-1.578869894931614 0.17453721459758323 0.166614479394313
-1.578869894931614 0.5238747138322778 0.16733091735749842
-1.578869894931614 0.8740066123570885 0.164086966939195
-1.578869894931614 1.2254801090462892 0.16420519793995425
-1.578869894931614 1.578869894931614 0.15159011877982909
-1.578869894931614 1.9347914722822956 0.14135411300028944
-1.578869894931614 2.2939171418750837 0.12516590872084113
-1.578869894931614 2.656995998442896 0.11083420243840614
-1.578869894931614 3.024879883901285 0.09616556408975714
-1.578869894931614 3.398558265859627 0.08270563231901874
-1.578869894931614 3.779206753435224 0.07018979365374763
-1.578869894931614 4.168257066832501 0.05905029808956902
-1.578869894931614 4.5675020728443965 0.04936403702718466
-1.578869894931614 4.9792609785452555 0.04139434836276046
-1.578869894931614 5.406654247970126 0.035333536950765215
-1.578869894931614 5.854095056030399 0.031505260211136046
-1.578869894931614 6.328255351220081 0.030288541938908398
-1.578869894931614 6.840237305249354 0.03233844625629509
-1.578869894931614 7.411582531485466 0.038697108453270165
-1.578869894931614 8.098761139250847 0.0522001763265945
-1.225480109046289 -8.09876113925085 0.05091391266625281
-1.225480109046289 -7.411582531485468 0.037828286959622516
-1.225480109046289 -6.840237305249354 0.03192656082511367
-1.225480109046289 -6.3282553512200845 0.030359383595390792
-1.225480109046289 -5.8540950560304035 0.032101447249133074
-1.225480109046289 -5.406654247970128 0.036502313121883304
-1.225480109046289 -4.979260978545257 0.04320119272224837
-1.225480109046289 -4.567502072844396 0.05187950859604499
-1.225480109046289 -4.168257066832499 0.06237706111917343
-1.225480109046289 -3.7792067534352225 0.07442261458954265
-1.225480109046289 -3.3985582658596285 0.08803421592195707
-1.225480109046289 -3.0248798839012845 0.10265608067963719
-1.225480109046289 -2.6569959984428952 0.11910655119942962
-1.225480109046289 -2.2939171418750837 0.1346772162283032
-1.225480109046289 -1.9347914722822965 0.15738924478474697
-1.225480109046289 -1.578869894931614 0.16420519794013316
-1.225480109046289 -1.225480109046289 0.17153177038082512
-1.225480109046289 -0.8740066123570872 0.17017714523668287
-1.225480109046289 -0.5238747138322762 0.16870025788237894
-1.225480109046289 -0.17453721459758154 0.1689992166380896
-1.225480109046289 0.17453721459758323 0.1689992166377862
-1.225480109046289 0.5238747138322778 0.1687002578820771
-1.225480109046289 0.8740066123570885 0.17017714523691965
-1.225480109046289 1.2254801090462892 0.1715317703806638
-1.225480109046289 1.578869894931614 0.1642051979397856
-1.225480109046289 1.9347914722822956 0.15738924478458882
-1.225480109046289 2.2939171418750837 0.13467721622837625
-1.225480109046289 2.656995998442896 0.11910655119946374
-1.225480109046289 3.024879883901285 0.10265608067967608
-1.225480109046289 3.398558265859627 0.08803421592199966
-1.225480109046289 3.779206753435224 0.07442261458959128
-1.225480109046289 4.168257066832501 0.06237706111921544
-1.225480109046289 4.5675020728443965 0.05187950859606827
-1.225480109046289 4.9792609785452555 0.04320119272231704
-1.225480109046289 5.406654247970126 0.03650231312250468
-1.225480109046289 5.854095056030399 0.03210144724794632
-1.225480109046289 6.328255351220081 0.03035938349494896
-1.225480109046289 6.840237305249354 0.031926560156964996
-1.225480109046289 7.411582531485466 0.037828278743974625
-1.225480109046289 8.098761139250847 0.05091388041338787
-0.8740066123570872 -8.09876113925085 0.04998534353385022
-0.8740066123570872 -7.411582531485468 0.037216721766496264
-0.8740066123570872 -6.840237305249354 0.03166430245379832
-0.8740066123570872 -6.3282553512200845 0.03046737677152838
-0.8740066123570872 -5.8540950560304035 0.03261449025788735
-0.8740066123570872 -5.406654247970128 0.037458796889030345
-0.8740066123570872 -4.979260978545257 0.0446555592181641
-0.8740066123570872 -4.567502072844396 0.05388986906669208
-0.8740066123570872 -4.168257066832499 0.06503229370086606
-0.8740066123570872 -3.7792067534352225 0.07779876756510655
-0.8740066123570872 -3.3985582658596285 0.09230895593310252
-0.8740066123570872 -3.0248798839012845 0.10781630176496754
-0.8740066123570872 -2.6569959984428952 0.1257828675565776
-0.8740066123570872 -2.2939171418750837 0.14119043492446193
-0.8740066123570872 -1.9347914722822965 0.16586316723953448
-0.8740066123570872 -1.578869894931614 0.1640869669391699
-0.8740066123570872 -1.225480109046289 0.1701771452366963
-0.8740066123570872 -0.8740066123570872 0.1680642316106728
-0.8740066123570872 -0.5238747138322762 0.1692093355956463
-0.8740066123570872 -0.17453721459758154 0.1685676710862482
-0.8740066123570872 0.17453721459758323 0.16856767108551501
-0.8740066123570872 0.5238747138322778 0.16920933559546944
-0.8740066123570872 0.8740066123570885 0.1680642316109153
-0.8740066123570872 1.2254801090462892 0.17017714523674934
-0.8740066123570872 1.578869894931614 0.16408696693910998
-0.8740066123570872 1.9347914722822956 0.1658631672399306
-0.8740066123570872 2.2939171418750837 0.14119043492448413
-0.8740066123570872 2.656995998442896 0.12578286755659135
-0.8740066123570872 3.024879883901285 0.10781630176499846
-0.8740066123570872 3.398558265859627 0.09230895593314417
-0.8740066123570872 3.779206753435224 0.07779876756515688
-0.8740066123570872 4.168257066832501 0.06503229370090972
-0.8740066123570872 4.5675020728443965 0.053889869066716715
-0.8740066123570872 4.9792609785452555 0.04465555921823395
-0.8740066123570872 5.406654247970126 0.03745879688965454
-0.8740066123570872 5.854095056030399 0.03261449025669653
-0.8740066123570872 6.328255351220081 0.030467376670620664
-0.8740066123570872 6.840237305249354 0.0316643017818329
-0.8740066123570872 7.411582531485466 0.037216713489552855
-0.8740066123570872 8.098761139250847 0.04998531093464778
-0.5238747138322762 -8.09876113925085 0.049383551657639475
-0.5238747138322762 -7.411582531485468 0.03682814984472182
-0.5238747138322762 -6.840237305249354 0.03151183985295669
-0.5238747138322762 -6.3282553512200845 0.030565795735289874
-0.5238747138322762 -5.8540950560304035 0.032988449078362306
-0.5238747138322762 -5.406654247970128 0.03813539658771041
-0.5238747138322762 -4.979260978545257 0.045673943519199914
-0.5238747138322762 -4.567502072844396 0.05529150727728207
-0.5238747138322762 -4.168257066832499 0.06688358803632521
-0.5238747138322762 -3.7792067534352225 0.08015398043975056
-0.5238747138322762 -3.3985582658596285 0.09531916651412099
-0.5238747138322762 -3.0248798839012845 0.11146045196243176
-0.5238747138322762 -2.6569959984428952 0.13088824456731324
-0.5238747138322762 -2.2939171418750837 0.146252469759017
-0.5238747138322762 -1.9347914722822965 0.17787820957400538
-0.5238747138322762 -1.578869894931614 0.1673309173578129
-0.5238747138322762 -1.225480109046289 0.16870025788214066
-0.5238747138322762 -0.8740066123570872 0.16920933559534884
-0.5238747138322762 -0.5238747138322762 0.16856730304979736
-0.5238747138322762 -0.17453721459758154 0.16884253274669017
-0.5238747138322762 0.17453721459758323 0.16884253274649216
-0.5238747138322762 0.5238747138322778 0.1685673030498618
-0.5238747138322762 0.8740066123570885 0.16920933559549178
-0.5238747138322762 1.2254801090462892 0.16870025788222637
-0.5238747138322762 1.578869894931614 0.1673309173576139
-0.5238747138322762 1.9347914722822956 0.1778782095735422
-0.5238747138322762 2.2939171418750837 0.14625246975908351
-0.5238747138322762 2.656995998442896 0.13088824456732887
-0.5238747138322762 3.024879883901285 0.11146045196245186
-0.5238747138322762 3.398558265859627 0.0953191665141611
-0.5238747138322762 3.779206753435224 0.08015398043979952
-0.5238747138322762 4.168257066832501 0.06688358803636933
-0.5238747138322762 4.5675020728443965 0.0552915072773074
-0.5238747138322762 4.9792609785452555 0.045673943519270344
-0.5238747138322762 5.406654247970126 0.03813539658833644
-0.5238747138322762 5.854095056030399 0.03298844907716883
-0.5238747138322762 6.328255351220081 0.030565795634078526
-0.5238747138322762 6.840237305249354 0.03151183917849563
-0.5238747138322762 7.411582531485466 0.036828141527521494
-0.5238747138322762 8.098761139250847 0.04938351882922321
-0.17453721459758154 -8.09876113925085 0.049087842697136515
-0.17453721459758154 -7.411582531485468 0.03663962110347131
-0.17453721459758154 -6.840237305249354 0.031442357140732846
-0.17453721459758154 -6.3282553512200845 0.03062299694638308
-0.17453721459758154 -5.8540950560304035 0.033185124090987304
-0.17453721459758154 -5.406654247970128 0.0384855650004314
-0.17453721459758154 -4.979260978545257 0.046198085948531135
-0.17453721459758154 -4.567502072844396 0.05601115963256285
-0.17453721459758154 -4.168257066832499 0.0678341482430335
-0.17453721459758154 -3.7792067534352225 0.08136244865378696
-0.17453721459758154 -3.3985582658596285 0.09686816727829563
-0.17453721459758154 -3.0248798839012845 0.1133063479132429
-0.17453721459758154 -2.6569959984428952 0.1334637714271448
-0.17453721459758154 -2.2939171418750837 0.14813725174769285
-0.17453721459758154 -1.9347914722822965 0.17474997268919343
-0.17453721459758154 -1.578869894931614 0.16661447939477464
-0.17453721459758154 -1.225480109046289 0.16899921663786
-0.17453721459758154 -0.8740066123570872 0.16856767108569903
-0.17453721459758154 -0.5238747138322762 0.16884253274707733
-0.17453721459758154 -0.17453721459758154 0.16870593761857405
-0.17453721459758154 0.17453721459758323 0.1687059376186848
-0.17453721459758154 0.5238747138322778 0.16884253274700345
-0.17453721459758154 0.8740066123570885 0.16856767108560056
-0.17453721459758154 1.2254801090462892 0.16899921663761786
-0.17453721459758154 1.578869894931614 0.16661447939486806
-0.17453721459758154 1.9347914722822956 0.17474997268977938
-0.17453721459758154 2.2939171418750837 0.14813725174758538
-0.17453721459758154 2.656995998442896 0.13346377142714935
-0.17453721459758154 3.024879883901285 0.1133063479132568
-0.17453721459758154 3.398558265859627 0.09686816727833385
-0.17453721459758154 3.779206753435224 0.0813624486538343
-0.17453721459758154 4.168257066832501 0.06783414824307724
-0.17453721459758154 4.5675020728443965 0.056011159632588146
-0.17453721459758154 4.9792609785452555 0.046198085948601864
-0.17453721459758154 5.406654247970126 0.03848556500105847
-0.17453721459758154 5.854095056030399 0.03318512408979257
-0.17453721459758154 6.328255351220081 0.03062299684502196
-0.17453721459758154 6.840237305249354 0.03144235646503837
-0.17453721459758154 7.411582531485466 0.036639612766320905
-0.17453721459758154 8.098761139250847 0.04908780975460454
0.17453721459758323 -8.09876113925085 0.04908784269713698
0.17453721459758323 -7.411582531485468 0.036639621103472096
0.17453721459758323 -6.840237305249354 0.03144235714073398
0.17453721459758323 -6.3282553512200845 0.030622996946384495
0.17453721459758323 -5.8540950560304035 0.03318512409098894
0.17453721459758323 -5.406654247970128 0.03848556500043324
0.17453721459758323 -4.979260978545257 0.04619808594853323
0.17453721459758323 -4.567502072844396 0.056011159632565276
0.17453721459758323 -4.168257066832499 0.06783414824303696
0.17453721459758323 -3.7792067534352225 0.08136244865379087
0.17453721459758323 -3.3985582658596285 0.09686816727830445
0.17453721459758323 -3.0248798839012845 0.11330634791323647
0.17453721459758323 -2.6569959984428952 0.13346377142718427
0.17453721459758323 -2.2939171418750837 0.14813725174774062
0.17453721459758323 -1.9347914722822965 0.17474997268950251
0.17453721459758323 -1.578869894931614 0.1666144793948473
0.17453721459758323 -1.225480109046289 0.1689992166381812
0.17453721459758323 -0.8740066123570872 0.16856767108568305
0.17453721459758323 -0.5238747138322762 0.16884253274713526
0.17453721459758323 -0.17453721459758154 0.16870593761859723
0.17453721459758323 0.17453721459758323 0.16870593761865557
0.17453721459758323 0.5238747138322778 0.16884253274678732
0.17453721459758323 0.8740066123570885 0.16856767108564194
0.17453721459758323 1.2254801090462892 0.1689992166372243
0.17453721459758323 1.578869894931614 0.1666144793950368
0.17453721459758323 1.9347914722822956 0.17474997268920858
0.17453721459758323 2.2939171418750837 0.14813725174756623
0.17453721459758323 2.656995998442896 0.1334637714271067
0.17453721459758323 3.024879883901285 0.11330634791324717
0.17453721459758323 3.398558265859627 0.09686816727833135
0.17453721459758323 3.779206753435224 0.08136244865383623
0.17453721459758323 4.168257066832501 0.06783414824307978
0.17453721459758323 4.5675020728443965 0.056011159632590395
0.17453721459758323 4.9792609785452555 0.04619808594860392
0.17453721459758323 5.406654247970126 0.03848556500106029
0.17453721459758323 5.854095056030399 0.03318512408979422
0.17453721459758323 6.328255351220081 0.03062299684502338
0.17453721459758323 6.840237305249354 0.03144235646503957
0.17453721459758323 7.411582531485466 0.03663961276632178
0.17453721459758323 8.098761139250847 0.049087809754605076
0.5238747138322778 -8.09876113925085 0.04938355165764083
0.5238747138322778 -7.411582531485468 0.03682814984472419
0.5238747138322778 -6.840237305249354 0.0315118398529601
0.5238747138322778 -6.3282553512200845 0.030565795735294117
0.5238747138322778 -5.8540950560304035 0.032988449078367205
0.5238747138322778 -5.406654247970128 0.03813539658771588
0.5238747138322778 -4.979260978545257 0.04567394351920609
0.5238747138322778 -4.567502072844396 0.05529150727728928
0.5238747138322778 -4.168257066832499 0.06688358803633404
0.5238747138322778 -3.7792067534352225 0.08015398043976177
0.5238747138322778 -3.3985582658596285 0.09531916651413765
0.5238747138322778 -3.0248798839012845 0.11146045196243369
0.5238747138322778 -2.6569959984428952 0.1308882445673297
0.5238747138322778 -2.2939171418750837 0.14625246975892237
0.5238747138322778 -1.9347914722822965 0.17787820957365394
0.5238747138322778 -1.578869894931614 0.16733091735749975
0.5238747138322778 -1.225480109046289 0.16870025788261472
0.5238747138322778 -0.8740066123570872 0.1692093355953696
0.5238747138322778 -0.5238747138322762 0.16856730304965908
0.5238747138322778 -0.17453721459758154 0.168842532746424
0.5238747138322778 0.17453721459758323 0.16884253274671607
0.5238747138322778 0.5238747138322778 0.1685673030499773
0.5238747138322778 0.8740066123570885 0.16920933559553505
0.5238747138322778 1.2254801090462892 0.1687002578823056
0.5238747138322778 1.578869894931614 0.16733091735752753
0.5238747138322778 1.9347914722822956 0.17787820957387765
0.5238747138322778 2.2939171418750837 0.14625246975895795
0.5238747138322778 2.656995998442896 0.13088824456729942
0.5238747138322778 3.024879883901285 0.1114604519624468
0.5238747138322778 3.398558265859627 0.09531916651416875
0.5238747138322778 3.779206753435224 0.08015398043980712
0.5238747138322778 4.168257066832501 0.06688358803637656
0.5238747138322778 4.5675020728443965 0.05529150727731422
0.5238747138322778 4.9792609785452555 0.045673943519276526
0.5238747138322778 5.406654247970126 0.03813539658834194
0.5238747138322778 5.854095056030399 0.032988449077173715
0.5238747138322778 6.328255351220081 0.03056579563408273
0.5238747138322778 6.840237305249354 0.0315118391784991
0.5238747138322778 7.411582531485466 0.0368281415275241
0.5238747138322778 8.098761139250847 0.04938351882922483
0.8740066123570885 -8.09876113925085 0.04998534353385241
0.8740066123570885 -7.411582531485468 0.037216721766500295
0.8740066123570885 -6.840237305249354 0.03166430245380402
0.8740066123570885 -6.3282553512200845 0.030467376771535416
0.8740066123570885 -5.8540950560304035 0.0326144902578955
0.8740066123570885 -5.406654247970128 0.0374587968890395
0.8740066123570885 -4.979260978545257 0.04465555921817453
0.8740066123570885 -4.567502072844396 0.05388986906670377
0.8740066123570885 -4.168257066832499 0.06503229370087944
0.8740066123570885 -3.7792067534352225 0.0777987675651225
0.8740066123570885 -3.3985582658596285 0.09230895593312013
0.8740066123570885 -3.0248798839012845 0.10781630176497556
0.8740066123570885 -2.6569959984428952 0.12578286755654586
0.8740066123570885 -2.2939171418750837 0.14119043492439773
0.8740066123570885 -1.9347914722822965 0.16586316723999203
0.8740066123570885 -1.578869894931614 0.16408696693899685
0.8740066123570885 -1.225480109046289 0.17017714523653535
0.8740066123570885 -0.8740066123570872 0.16806423161064737
0.8740066123570885 -0.5238747138322762 0.16920933559607168
0.8740066123570885 -0.17453721459758154 0.16856767108606716
0.8740066123570885 0.17453721459758323 0.16856767108513368
0.8740066123570885 0.5238747138322778 0.169209335595678
0.8740066123570885 0.8740066123570885 0.1680642316109569
0.8740066123570885 1.2254801090462892 0.17017714523665323
0.8740066123570885 1.578869894931614 0.16408696693893665
0.8740066123570885 1.9347914722822956 0.16586316723917366
0.8740066123570885 2.2939171418750837 0.1411904349243095
0.8740066123570885 2.656995998442896 0.12578286755652926
0.8740066123570885 3.024879883901285 0.10781630176499742
0.8740066123570885 3.398558265859627 0.09230895593315581
0.8740066123570885 3.779206753435224 0.07779876756516957
0.8740066123570885 4.168257066832501 0.0650322937009223
0.8740066123570885 4.5675020728443965 0.05388986906672825
0.8740066123570885 4.9792609785452555 0.04465555921824436
0.8740066123570885 5.406654247970126 0.03745879688966378
0.8740066123570885 5.854095056030399 0.032614490256704626
0.8740066123570885 6.328255351220081 0.030467376670627603
0.8740066123570885 6.840237305249354 0.03166430178183858
0.8740066123570885 7.411582531485466 0.0372167134895571
0.8740066123570885 8.098761139250847 0.04998531093465035
1.2254801090462892 -8.09876113925085 0.05091391266625569
1.2254801090462892 -7.411582531485468 0.03782828695962806
1.2254801090462892 -6.840237305249354 0.03192656082512148
1.2254801090462892 -6.3282553512200845 0.030359383595400396
1.2254801090462892 -5.8540950560304035 0.0321014472491442
1.2254801090462892 -5.406654247970128 0.036502313121895946
1.2254801090462892 -4.979260978545257 0.043201192722262687
1.2254801090462892 -4.567502072844396 0.051879508596060796
1.2254801090462892 -4.168257066832499 0.0623770611191912
1.2254801090462892 -3.7792067534352225 0.07442261458956258
1.2254801090462892 -3.3985582658596285 0.0880342159219795
1.2254801090462892 -3.0248798839012845 0.10265608067965719
1.2254801090462892 -2.6569959984428952 0.11910655119945311
1.2254801090462892 -2.2939171418750837 0.13467721622834153
1.2254801090462892 -1.9347914722822965 0.15738924478466867
1.2254801090462892 -1.578869894931614 0.1642051979399478
1.2254801090462892 -1.225480109046289 0.17153177038069709
1.2254801090462892 -0.8740066123570872 0.170177145236534
1.2254801090462892 -0.5238747138322762 0.1687002578827042
1.2254801090462892 -0.17453721459758154 0.16899921663794973
1.2254801090462892 0.17453721459758323 0.16899921663796313
1.2254801090462892 0.5238747138322778 0.1687002578824045
1.2254801090462892 0.8740066123570885 0.17017714523658667
1.2254801090462892 1.2254801090462892 0.17153177038035247
1.2254801090462892 1.578869894931614 0.16420519794016508
1.2254801090462892 1.9347914722822956 0.15738924478434305
1.2254801090462892 2.2939171418750837 0.13467721622826828
1.2254801090462892 2.656995998442896 0.11910655119944322
1.2254801090462892 3.024879883901285 0.10265608067968536
1.2254801090462892 3.398558265859627 0.08803421592201692
1.2254801090462892 3.779206753435224 0.0744226145896104
1.2254801090462892 4.168257066832501 0.06237706111923372
1.2254801090462892 4.5675020728443965 0.05187950859608461
1.2254801090462892 4.9792609785452555 0.04320119272233152
1.2254801090462892 5.406654247970126 0.036502313122517414
1.2254801090462892 5.854095056030399 0.03210144724795742
1.2254801090462892 6.328255351220081 0.030359383494958397
1.2254801090462892 6.840237305249354 0.03192656015697265
1.2254801090462892 7.411582531485466 0.03782827874398023
1.2254801090462892 8.098761139250847 0.05091388041339106
1.578869894931614 -8.09876113925085 0.0522002081128262
1.578869894931614 -7.411582531485468 0.03869711658544867
1.578869894931614 -6.840237305249354 0.032338446919224016
1.578869894931614 -6.3282553512200845 0.03028854203872119
1.578869894931614 -5.8540950560304035 0.031505260212331014
1.578869894931614 -5.406654247970128 0.03533353695016357
1.578869894931614 -4.979260978545257 0.041394348362711206
1.578869894931614 -4.567502072844396 0.04936403702718287
1.578869894931614 -4.168257066832499 0.059050298089551014
1.578869894931614 -3.7792067534352225 0.07018979365372566
1.578869894931614 -3.3985582658596285 0.08270563231900231
1.578869894931614 -3.0248798839012845 0.09616556408974347
1.578869894931614 -2.6569959984428952 0.1108342024384008
1.578869894931614 -2.2939171418750837 0.12516590872082073
1.578869894931614 -1.9347914722822965 0.14135411300034031
1.578869894931614 -1.578869894931614 0.15159011878009954
1.578869894931614 -1.225480109046289 0.16420519794027894
1.578869894931614 -0.8740066123570872 0.164086966939481
1.578869894931614 -0.5238747138322762 0.16733091735735411
1.578869894931614 -0.17453721459758154 0.1666144793947645
1.578869894931614 0.17453721459758323 0.1666144793947114
1.578869894931614 0.5238747138322778 0.16733091735753577
1.578869894931614 0.8740066123570885 0.164086966938986
1.578869894931614 1.2254801090462892 0.16420519793976088
1.578869894931614 1.578869894931614 0.15159011877999717
1.578869894931614 1.9347914722822956 0.14135411300027273
1.578869894931614 2.2939171418750837 0.12516590872083125
1.578869894931614 2.656995998442896 0.11083420243841596
1.578869894931614 3.024879883901285 0.09616556408977812
1.578869894931614 3.398558265859627 0.08270563231904199
1.578869894931614 3.779206753435224 0.07018979365377143
1.578869894931614 4.168257066832501 0.05905029808959186
1.578869894931614 4.5675020728443965 0.04936403702720538
1.578869894931614 4.9792609785452555 0.04139434836277888
1.578869894931614 5.406654247970126 0.03533353695078136
1.578869894931614 5.854095056030399 0.031505260211150014
1.578869894931614 6.328255351220081 0.03028854193892023
1.578869894931614 6.840237305249354 0.0323384462563046
1.578869894931614 7.411582531485466 0.03869710845327696
1.578869894931614 8.098761139250847 0.052200176326598
1.9347914722822956 -8.09876113925085 0.053885433972003446
1.9347914722822956 -7.411582531485468 0.03986873311079856
1.9347914722822956 -6.840237305249354 0.03295248509286959
1.9347914722822956 -6.3282553512200845 0.030315970667780266
1.9347914722822956 -5.8540950560304035 0.03089830645003485
1.9347914722822956 -5.406654247970128 0.0340389824139223
1.9347914722822956 -4.979260978545257 0.03934037670404908
1.9347914722822956 -4.567502072844396 0.0464728437144614
1.9347914722822956 -4.168257066832499 0.05521508467136778
1.9347914722822956 -3.7792067534352225 0.06530817728595877
1.9347914722822956 -3.3985582658596285 0.07660710001827165
1.9347914722822956 -3.0248798839012845 0.08877016304597123
1.9347914722822956 -2.6569959984428952 0.10179693432807808
1.9347914722822956 -2.2939171418750837 0.11491261080337731
1.9347914722822956 -1.9347914722822965 0.12894402001532707
1.9347914722822956 -1.578869894931614 0.14135411300034498
1.9347914722822956 -1.225480109046289 0.15738924478470404
1.9347914722822956 -0.8740066123570872 0.16586316723991332
1.9347914722822956 -0.5238747138322762 0.1778782095737611
1.9347914722822956 -0.17453721459758154 0.17474997268893502
1.9347914722822956 0.17453721459758323 0.17474997268923506
1.9347914722822956 0.5238747138322778 0.17787820957370257
1.9347914722822956 0.8740066123570885 0.16586316723930086
1.9347914722822956 1.2254801090462892 0.15738924478431093
1.9347914722822956 1.578869894931614 0.14135411300028708
1.9347914722822956 1.9347914722822956 0.12894402001532304
1.9347914722822956 2.2939171418750837 0.11491261080340773
1.9347914722822956 2.656995998442896 0.10179693432810968
1.9347914722822956 3.024879883901285 0.0887701630460085
1.9347914722822956 3.398558265859627 0.0766071000183102
1.9347914722822956 3.779206753435224 0.06530817728600272
1.9347914722822956 4.168257066832501 0.05521508467140662
1.9347914722822956 4.5675020728443965 0.04647284371448208
1.9347914722822956 4.9792609785452555 0.03934037670411511
1.9347914722822956 5.406654247970126 0.034038982414535235
1.9347914722822956 5.854095056030399 0.030898306448861563
1.9347914722822956 6.328255351220081 0.03031597056881366
1.9347914722822956 6.840237305249354 0.03295248443672071
1.9347914722822956 7.411582531485466 0.03986872508588458
1.9347914722822956 8.098761139250847 0.05388540277716749
2.2939171418750837 -8.09876113925085 0.056021223287369755
2.2939171418750837 -7.411582531485468 0.04139999329347091
2.2939171418750837 -6.840237305249354 0.03383367674511398
2.2939171418750837 -6.3282553512200845 0.030516535213328914
2.2939171418750837 -5.8540950560304035 0.030368053480029803
2.2939171418750837 -5.406654247970128 0.03272172691578239
2.2939171418750837 -4.979260978545257 0.037162398950758575
2.2939171418750837 -4.567502072844396 0.043354024548168675
2.2939171418750837 -4.168257066832499 0.05105122208582817
2.2939171418750837 -3.7792067534352225 0.059995320205404205
2.2939171418750837 -3.3985582658596285 0.06999319609478341
2.2939171418750837 -3.0248798839012845 0.0807444236982685
2.2939171418750837 -2.6569959984428952 0.092083257192448
2.2939171418750837 -2.2939171418750837 0.10348845521532422
2.2939171418750837 -1.9347914722822965 0.11491261080338751
2.2939171418750837 -1.578869894931614 0.12516590872084768
2.2939171418750837 -1.225480109046289 0.13467721622837908
2.2939171418750837 -0.8740066123570872 0.14119043492442657
2.2939171418750837 -0.5238747138322762 0.14625246975900963
2.2939171418750837 -0.17453721459758154 0.14813725174765655
2.2939171418750837 0.17453721459758323 0.14813725174761364
2.2939171418750837 0.5238747138322778 0.14625246975895193
2.2939171418750837 0.8740066123570885 0.141190434924383
2.2939171418750837 1.2254801090462892 0.1346772162282847
2.2939171418750837 1.578869894931614 0.12516590872083505
2.2939171418750837 1.9347914722822956 0.11491261080340738
2.2939171418750837 2.2939171418750837 0.10348845521535174
2.2939171418750837 2.656995998442896 0.09208325719248303
2.2939171418750837 3.024879883901285 0.08074442369830513
2.2939171418750837 3.398558265859627 0.06999319609482126
2.2939171418750837 3.779206753435224 0.05999532020544636
2.2939171418750837 4.168257066832501 0.05105122208586476
2.2939171418750837 4.5675020728443965 0.04335402454818758
2.2939171418750837 4.9792609785452555 0.03716239895082271
2.2939171418750837 5.406654247970126 0.03272172691638936
2.2939171418750837 5.854095056030399 0.030368053478866303
2.2939171418750837 6.328255351220081 0.030516535115413766
2.2939171418750837 6.840237305249354 0.03383367609744703
2.2939171418750837 7.411582531485466 0.04139998540171353
2.2939171418750837 8.098761139250847 0.0560211928145465
2.656995998442896 -8.09876113925085 0.058670119154875876
2.656995998442896 -7.411582531485468 0.043359456687121996
2.656995998442896 -6.840237305249354 0.03505955242476001
2.656995998442896 -6.3282553512200845 0.030978458862198553
2.656995998442896 -5.8540950560304035 0.03001601556675023
2.656995998442896 -5.406654247970128 0.03149951172553225
2.656995998442896 -4.979260978545257 0.03499836744392417
2.656995998442896 -4.567502072844396 0.040170580833903555
2.656995998442896 -4.168257066832499 0.04675290988378318
2.656995998442896 -3.7792067534352225 0.054486416888537476
2.656995998442896 -3.3985582658596285 0.06315175099902337
2.656995998442896 -3.0248798839012845 0.07247681824958753
2.656995998442896 -2.6569959984428952 0.08224189255182704
2.656995998442896 -2.2939171418750837 0.09208325719245444
2.656995998442896 -1.9347914722822965 0.10179693432809378
2.656995998442896 -1.578869894931614 0.1108342024384296
2.656995998442896 -1.225480109046289 0.11910655119948528
2.656995998442896 -0.8740066123570872 0.1257828675566004
2.656995998442896 -0.5238747138322762 0.13088824456735831
2.656995998442896 -0.17453721459758154 0.1334637714272007
2.656995998442896 0.17453721459758323 0.13346377142720642
2.656995998442896 0.5238747138322778 0.13088824456730755
2.656995998442896 0.8740066123570885 0.1257828675565751
2.656995998442896 1.2254801090462892 0.11910655119949316
2.656995998442896 1.578869894931614 0.11083420243842892
2.656995998442896 1.9347914722822956 0.10179693432811687
2.656995998442896 2.2939171418750837 0.09208325719248521
2.656995998442896 2.656995998442896 0.08224189255186412
2.656995998442896 3.024879883901285 0.07247681824962439
2.656995998442896 3.398558265859627 0.06315175099905997
2.656995998442896 3.779206753435224 0.0544864168885777
2.656995998442896 4.168257066832501 0.04675290988381784
2.656995998442896 4.5675020728443965 0.040170580833920694
2.656995998442896 4.9792609785452555 0.03499836744398623
2.656995998442896 5.406654247970126 0.03149951172613191
2.656995998442896 5.854095056030399 0.03001601556559898
2.656995998442896 6.328255351220081 0.030978458765582896
2.656995998442896 6.840237305249354 0.035059551787505285
2.656995998442896 7.411582531485466 0.04335944895712137
2.656995998442896 8.098761139250847 0.05867008954205543
3.024879883901285 -8.09876113925085 0.06190652695455339
3.024879883901285 -7.411582531485468 0.045828197755345176
3.024879883901285 -6.840237305249354 0.036720662675758735
3.024879883901285 -6.3282553512200845 0.0318033714319344
3.024879883901285 -5.8540950560304035 0.029957173925675314
3.024879883901285 -5.406654247970128 0.030503263995476808
3.024879883901285 -4.979260978545257 0.0329982750387068
3.024879883901285 -4.567502072844396 0.03709521935303254
3.024879883901285 -4.168257066832499 0.04251868732196976
3.024879883901285 -3.7792067534352225 0.04900952963729222
3.024879883901285 -3.3985582658596285 0.05633501554241074
3.024879883901285 -3.0248798839012845 0.06423802575322621
3.024879883901285 -2.6569959984428952 0.07247681824959216
3.024879883901285 -2.2939171418750837 0.08074442369827958
3.024879883901285 -1.9347914722822965 0.08877016304599214
3.024879883901285 -1.578869894931614 0.09616556408977531
3.024879883901285 -1.225480109046289 0.10265608067969792
3.024879883901285 -0.8740066123570872 0.10781630176502012
3.024879883901285 -0.5238747138322762 0.11146045196248433
3.024879883901285 -0.17453721459758154 0.11330634791328194
3.024879883901285 0.17453721459758323 0.11330634791328416
3.024879883901285 0.5238747138322778 0.11146045196246972
3.024879883901285 0.8740066123570885 0.10781630176501206
3.024879883901285 1.2254801090462892 0.10265608067970142
3.024879883901285 1.578869894931614 0.09616556408978832
3.024879883901285 1.9347914722822956 0.08877016304601539
3.024879883901285 2.2939171418750837 0.08074442369830921
3.024879883901285 2.656995998442896 0.07247681824962564
3.024879883901285 3.024879883901285 0.06423802575326108
3.024879883901285 3.398558265859627 0.056335015542445334
3.024879883901285 3.779206753435224 0.0490095296373303
3.024879883901285 4.168257066832501 0.04251868732200246
3.024879883901285 4.5675020728443965 0.037095219353047874
3.024879883901285 4.9792609785452555 0.03299827503876679
3.024879883901285 5.406654247970126 0.030503263996067703
3.024879883901285 5.854095056030399 0.029957173924539247
3.024879883901285 6.328255351220081 0.031803371336905466
3.024879883901285 6.840237305249354 0.036720662051123426
3.024879883901285 7.411582531485466 0.0458281902190667
3.024879883901285 8.098761139250847 0.06190649834864797
3.398558265859627 -8.09876113925085 0.06581835246133921
3.398558265859627 -7.411582531485468 0.048901270422654734
3.398558265859627 -6.840237305249354 0.038921735928489944
3.398558265859627 -6.3282553512200845 0.03310707541995417
3.398558265859627 -5.8540950560304035 0.030320261163201787
3.398558265859627 -5.406654247970128 0.029876812280765205
3.398558265859627 -4.979260978545257 0.0313234296083219
3.398558265859627 -4.567502072844396 0.03430965253379232
3.398558265859627 -4.168257066832499 0.038553174437098436
3.398558265859627 -3.7792067534352225 0.04379661075213748
3.398558265859627 -3.3985582658596285 0.04980464064972272
3.398558265859627 -3.0248798839012845 0.05633501554241446
3.398558265859627 -2.6569959984428952 0.06315175099903209
3.398558265859627 -2.2939171418750837 0.06999319609479863
3.398558265859627 -1.9347914722822965 0.07660710001829414
3.398558265859627 -1.578869894931614 0.08270563231903447
3.398558265859627 -1.225480109046289 0.08803421592201915
3.398558265859627 -0.8740066123570872 0.09230895593316382
3.398558265859627 -0.5238747138322762 0.09531916651418257
3.398558265859627 -0.17453721459758154 0.09686816727834853
3.398558265859627 0.17453721459758323 0.09686816727834954
3.398558265859627 0.5238747138322778 0.0953191665141837
3.398558265859627 0.8740066123570885 0.09230895593316951
3.398558265859627 1.2254801090462892 0.08803421592202816
3.398558265859627 1.578869894931614 0.08270563231905069
3.398558265859627 1.9347914722822956 0.07660710001831596
3.398558265859627 2.2939171418750837 0.06999319609482445
3.398558265859627 2.656995998442896 0.06315175099906159
3.398558265859627 3.024879883901285 0.056335015542445854
3.398558265859627 3.398558265859627 0.04980464064975431
3.398558265859627 3.779206753435224 0.04379661075217309
3.398558265859627 4.168257066832501 0.03855317443712893
3.398558265859627 4.5675020728443965 0.03430965253380581
3.398558265859627 4.9792609785452555 0.031323429608379603
3.398558265859627 5.406654247970126 0.029876812281345706
3.398558265859627 5.854095056030399 0.030320261162084482
3.398558265859627 6.328255351220081 0.033107075326849464
3.398558265859627 6.840237305249354 0.03892173531902972
3.398558265859627 7.411582531485466 0.048901263116191
3.398558265859627 8.098761139250847 0.06581832501971593
3.779206753435224 -8.09876113925085 0.07050963338895609
3.779206753435224 -7.411582531485468 0.0526901196011608
3.779206753435224 -6.840237305249354 0.04178379557635322
3.779206753435224 -6.3282553512200845 0.0350213051362217
3.779206753435224 -5.8540950560304035 0.03124909138652966
3.779206753435224 -5.406654247970128 0.02977764111166994
3.779206753435224 -4.979260978545257 0.03014645712933246
3.779206753435224 -4.567502072844396 0.03200323458081462
3.779206753435224 -4.168257066832499 0.03506285833042605
3.779206753435224 -3.7792067534352225 0.039071395013657285
3.779206753435224 -3.3985582658596285 0.04379661075214515
3.779206753435224 -3.0248798839012845 0.049009529637303456
3.779206753435224 -2.6569959984428952 0.05448641688855345
3.779206753435224 -2.2939171418750837 0.05999532020542629
3.779206753435224 -1.9347914722822965 0.0653081772859875
3.779206753435224 -1.578869894931614 0.07018979365376195
3.779206753435224 -1.225480109046289 0.07442261458960633
3.779206753435224 -0.8740066123570872 0.07779876756517237
3.779206753435224 -0.5238747138322762 0.0801539804398135
3.779206753435224 -0.17453721459758154 0.08136244865384758
3.779206753435224 0.17453721459758323 0.0813624486538504
3.779206753435224 0.5238747138322778 0.08015398043982001
3.779206753435224 0.8740066123570885 0.07779876756518099
3.779206753435224 1.2254801090462892 0.07442261458961912
3.779206753435224 1.578869894931614 0.07018979365377884
3.779206753435224 1.9347914722822956 0.06530817728600803
3.779206753435224 2.2939171418750837 0.059995320205450044
3.779206753435224 2.656995998442896 0.05448641688858004
3.779206753435224 3.024879883901285 0.0490095296373317
3.779206753435224 3.398558265859627 0.04379661075217368
3.779206753435224 3.779206753435224 0.03907139501369003
3.779206753435224 4.168257066832501 0.03506285833045412
3.779206753435224 4.5675020728443965 0.0320032345808262
3.779206753435224 4.9792609785452555 0.03014645712938763
3.779206753435224 5.406654247970126 0.02977764111223796
3.779206753435224 5.854095056030399 0.03124909138543536
3.779206753435224 6.328255351220081 0.03502130504544303
3.779206753435224 6.840237305249354 0.04178379498506191
3.779206753435224 7.411582531485466 0.05269011256561493
3.779206753435224 8.098761139250847 0.07050960728086118
4.168257066832501 -8.09876113925085 0.07610465061224019
4.168257066832501 -7.411582531485468 0.05732641296358729
4.168257066832501 -6.840237305249354 0.0454477202529359
4.168257066832501 -6.3282553512200845 0.03769700921398561
4.168257066832501 -5.8540950560304035 0.032905591417556085
4.168257066832501 -5.406654247970128 0.030379725392429092
4.168257066832501 -4.979260978545257 0.02965422487874324
4.168257066832501 -4.567502072844396 0.030376639102508637
4.168257066832501 -4.168257066832499 0.032262356473983275
4.168257066832501 -3.7792067534352225 0.03506285833042467
4.168257066832501 -3.3985582658596285 0.03855317443710449
4.168257066832501 -3.0248798839012845 0.04251868732197919
4.168257066832501 -2.6569959984428952 0.04675290988379704
4.168257066832501 -2.2939171418750837 0.051051222085847385
4.168257066832501 -1.9347914722822965 0.055215084671392606
4.168257066832501 -1.578869894931614 0.059050298089582134
4.168257066832501 -1.225480109046289 0.0623770611192284
4.168257066832501 -0.8740066123570872 0.06503229370092217
4.168257066832501 -0.5238747138322762 0.06688358803638111
4.168257066832501 -0.17453721459758154 0.06783414824308888
4.168257066832501 0.17453721459758323 0.06783414824309109
4.168257066832501 0.5238747138322778 0.06688358803638755
4.168257066832501 0.8740066123570885 0.06503229370093208
4.168257066832501 1.2254801090462892 0.06237706111924136
4.168257066832501 1.578869894931614 0.05905029808959822
4.168257066832501 1.9347914722822956 0.05521508467141155
4.168257066832501 2.2939171418750837 0.051051222085868736
4.168257066832501 2.656995998442896 0.046752909883820686
4.168257066832501 3.024879883901285 0.04251868732200441
4.168257066832501 3.398558265859627 0.03855317443713009
4.168257066832501 3.779206753435224 0.03506285833045466
4.168257066832501 4.168257066832501 0.032262356474008796
4.168257066832501 4.5675020728443965 0.03037663910251822
4.168257066832501 4.9792609785452555 0.02965422487879558
4.168257066832501 5.406654247970126 0.030379725392982032
4.168257066832501 5.854095056030399 0.03290559141648994
4.168257066832501 6.328255351220081 0.037697009126018415
4.168257066832501 6.840237305249354 0.04544771968336082
4.168257066832501 7.411582531485466 0.05732640624610632
4.168257066832501 8.098761139250847 0.07610462602000462
4.5675020728443965 -8.09876113925085 0.0827543434110748
4.5675020728443965 -7.411582531485468 0.0629680832846209
4.5675020728443965 -6.840237305249354 0.050080005591209835
4.5675020728443965 -6.3282553512200845 0.04130985457111852
4.5675020728443965 -5.8540950560304035 0.03547505994785078
4.5675020728443965 -5.406654247970128 0.03187849998772948
4.5675020728443965 -4.979260978545257 0.030052437135661875
4.5675020728443965 -4.567502072844396 0.029645752745284987
4.5675020728443965 -4.168257066832499 0.030376639102495658
4.5675020728443965 -3.7792067534352225 0.03200323458079991
4.5675020728443965 -3.3985582658596285 0.034309652533784506
4.5675020728443965 -3.0248798839012845 0.03709521935302761
4.5675020728443965 -2.6569959984428952 0.04017058083390263
4.5675020728443965 -2.2939171418750837 0.04335402454817254
4.5675020728443965 -1.9347914722822965 0.046472843714469976
4.5675020728443965 -1.578869894931614 0.049364037027196786
4.5675020728443965 -1.225480109046289 0.0518795085960799
4.5675020728443965 -0.8740066123570872 0.05388986906672768
4.5675020728443965 -0.5238747138322762 0.055291507277318026
4.5675020728443965 -0.17453721459758154 0.05601115963259862
4.5675020728443965 0.17453721459758323 0.05601115963260042
4.5675020728443965 0.5238747138322778 0.05529150727732389
4.5675020728443965 0.8740066123570885 0.05388986906673694
4.5675020728443965 1.2254801090462892 0.051879508596091896
4.5675020728443965 1.578869894931614 0.04936403702721145
4.5675020728443965 1.9347914722822956 0.04647284371448702
4.5675020728443965 2.2939171418750837 0.0433540245481916
4.5675020728443965 2.656995998442896 0.04017058083392396
4.5675020728443965 3.024879883901285 0.03709521935305035
4.5675020728443965 3.398558265859627 0.03430965253380758
4.5675020728443965 3.779206753435224 0.0320032345808273
4.5675020728443965 4.168257066832501 0.030376639102518727
4.5675020728443965 4.5675020728443965 0.029645752745292544
4.5675020728443965 4.9792609785452555 0.030052437135711114
4.5675020728443965 5.406654247970126 0.03187849998826421
4.5675020728443965 5.854095056030399 0.03547505994681931
4.5675020728443965 6.328255351220081 0.04130985448655807
4.5675020728443965 6.840237305249354 0.050080005047601704
4.5675020728443965 7.411582531485466 0.0629680769396035
4.5675020728443965 8.098761139250847 0.08275432053093915
4.9792609785452555 -8.09876113925085 0.0906465314623497
4.9792609785452555 -7.411582531485468 0.06980903568640008
4.9792609785452555 -6.840237305249354 0.05588216801635745
4.9792609785452555 -6.3282553512200845 0.04606943799932586
4.9792609785452555 -5.8540950560304035 0.039175306711802346
4.9792609785452555 -5.406654247970128 0.03450008864449916
4.9792609785452555 -4.979260978545257 0.03157529197340117
4.9792609785452555 -4.567502072844396 0.03005243713570592
4.9792609785452555 -4.168257066832499 0.02965422487877589
4.9792609785452555 -3.7792067534352225 0.030146457129364326
4.9792609785452555 -3.3985582658596285 0.031323429608361014
4.9792609785452555 -3.0248798839012845 0.03299827503874911
4.9792609785452555 -2.6569959984428952 0.03499836744397064
4.9792609785452555 -2.2939171418750837 0.03716239895080986
4.9792609785452555 -1.9347914722822965 0.03934037670410485
4.9792609785452555 -1.578869894931614 0.041394348362771824
4.9792609785452555 -1.225480109046289 0.04320119272232786
4.9792609785452555 -0.8740066123570872 0.04465555921824429
4.9792609785452555 -0.5238747138322762 0.0456739435192803
4.9792609785452555 -0.17453721459758154 0.04619808594861152
4.9792609785452555 0.17453721459758323 0.046198085948613125
4.9792609785452555 0.5238747138322778 0.045673943519285255
4.9792609785452555 0.8740066123570885 0.04465555921825223
4.9792609785452555 1.2254801090462892 0.043201192722338466
4.9792609785452555 1.578869894931614 0.04139434836278473
4.9792609785452555 1.9347914722822956 0.039340376704120016
4.9792609785452555 2.2939171418750837 0.03716239895082689
4.9792609785452555 2.656995998442896 0.03499836744398981
4.9792609785452555 3.024879883901285 0.03299827503876967
4.9792609785452555 3.398558265859627 0.031323429608381866
4.9792609785452555 3.779206753435224 0.030146457129389192
4.9792609785452555 4.168257066832501 0.029654224878796535
4.9792609785452555 4.5675020728443965 0.030052437135711544
4.9792609785452555 4.9792609785452555 0.03157529197344706
4.9792609785452555 5.406654247970126 0.0345000886450117
4.9792609785452555 5.854095056030399 0.03917530671081397
4.9792609785452555 6.328255351220081 0.0460694379189144
4.9792609785452555 6.840237305249354 0.05588216750386848
4.9792609785452555 7.411582531485466 0.06980902977689615
4.9792609785452555 8.098761139250847 0.09064651050469626
5.406654247970126 -8.09876113925085 0.1000228563570773
5.406654247970126 -7.411582531485468 0.07809529798284758
5.406654247970126 -6.840237305249354 0.06310643434122916
5.406654247970126 -6.3282553512200845 0.05223467498320577
5.406654247970126 -5.8540950560304035 0.044271819520569876
5.406654247970126 -5.406654247970128 0.038516243802260014
5.406654247970126 -4.979260978545257 0.03450008864496979
5.406654247970126 -4.567502072844396 0.03187849998826114
5.406654247970126 -4.168257066832499 0.030379725392965122
5.406654247970126 -3.7792067534352225 0.02977764111221748
5.406654247970126 -3.3985582658596285 0.02987681228132972
5.406654247970126 -3.0248798839012845 0.03050326399605245
5.406654247970126 -2.6569959984428952 0.03149951172611854
5.406654247970126 -2.2939171418750837 0.03272172691637854
5.406654247970126 -1.9347914722822965 0.03403898241452685
5.406654247970126 -1.578869894931614 0.03533353695077583
5.406654247970126 -1.225480109046289 0.03650231312251488
5.406654247970126 -0.8740066123570872 0.037458796889664324
5.406654247970126 -0.5238747138322762 0.038135396588345784
5.406654247970126 -0.17453721459758154 0.0384855650010674
5.406654247970126 0.17453721459758323 0.03848556500106883
5.406654247970126 0.5238747138322778 0.038135396588349975
5.406654247970126 0.8740066123570885 0.037458796889671124
5.406654247970126 1.2254801090462892 0.03650231312252405
5.406654247970126 1.578869894931614 0.03533353695078717
5.406654247970126 1.9347914722822956 0.03403898241454028
5.406654247970126 2.2939171418750837 0.03272172691639369
5.406654247970126 2.656995998442896 0.031499511726135666
5.406654247970126 3.024879883901285 0.03050326399607089
5.406654247970126 3.398558265859627 0.029876812281348274
5.406654247970126 3.779206753435224 0.02977764111223988
5.406654247970126 4.168257066832501 0.03037972539298336
5.406654247970126 4.5675020728443965 0.03187849998826504
5.406654247970126 4.9792609785452555 0.03450008864501214
5.406654247970126 5.406654247970126 0.038516243802745355
5.406654247970126 5.854095056030399 0.044271819519635686
5.406654247970126 6.328255351220081 0.05223467490788479
5.406654247970126 6.840237305249354 0.06310643386617243
5.406654247970126 7.411582531485466 0.07809529258212006
5.406654247970126 8.098761139250847 0.10002283754575826
5.854095056030399 -8.09876113925085 0.1112086223732051
5.854095056030399 -7.411582531485468 0.08815356078727685
5.854095056030399 -6.840237305249354 0.0720835241811178
5.854095056030399 -6.3282553512200845 0.060141186723054456
5.854095056030399 -5.8540950560304035 0.05110504517080839
5.854095056030399 -5.406654247970128 0.04427181951918486
5.854095056030399 -4.979260978545257 0.03917530671077637
5.854095056030399 -4.567502072844396 0.035475059946818176
5.854095056030399 -4.168257066832499 0.032905591416475706
5.854095056030399 -3.7792067534352225 0.03124909138541769
5.854095056030399 -3.3985582658596285 0.030320261162070976
5.854095056030399 -3.0248798839012845 0.029957173924526365
5.854095056030399 -2.6569959984428952 0.030016015565587712
5.854095056030399 -2.2939171418750837 0.030368053478857345
5.854095056030399 -1.9347914722822965 0.03089830644885481
5.854095056030399 -1.578869894931614 0.03150526021114578
5.854095056030399 -1.225480109046289 0.03210144724795574
5.854095056030399 -0.8740066123570872 0.03261449025670552
5.854095056030399 -0.5238747138322762 0.032988449077177476
5.854095056030399 -0.17453721459758154 0.03318512408980084
5.854095056030399 0.17453721459758323 0.03318512408980203
5.854095056030399 0.5238747138322778 0.03298844907718107
5.854095056030399 0.8740066123570885 0.03261449025671148
5.854095056030399 1.2254801090462892 0.03210144724796373
5.854095056030399 1.578869894931614 0.03150526021115572
5.854095056030399 1.9347914722822956 0.030898306448866594
5.854095056030399 2.2939171418750837 0.03036805347887073
5.854095056030399 2.656995998442896 0.030016015565602825
5.854095056030399 3.024879883901285 0.02995717392454261
5.854095056030399 3.398558265859627 0.03032026116208728
5.854095056030399 3.779206753435224 0.03124909138543751
5.854095056030399 4.168257066832501 0.03290559141649152
5.854095056030399 4.5675020728443965 0.03547505994682042
5.854095056030399 4.9792609785452555 0.03917530671081471
5.854095056030399 5.406654247970126 0.044271819519636074
5.854095056030399 5.854095056030399 0.05110504516994315
5.854095056030399 6.328255351220081 0.06014118665403921
5.854095056030399 6.840237305249354 0.07208352375130524
5.854095056030399 7.411582531485466 0.088153555980429
5.854095056030399 8.098761139250847 0.1112086059436141
6.328255351220081 -8.09876113925085 0.12467002097175567
6.328255351220081 -7.411582531485468 0.10044588982045002
6.328255351220081 -6.840237305249354 0.08327562046311884
6.328255351220081 -6.3282553512200845 0.07025304521073689
6.328255351220081 -5.8540950560304035 0.060141186654815756
6.328255351220081 -5.406654247970128 0.05223467490747817
6.328255351220081 -4.979260978545257 0.046069437918881656
6.328255351220081 -4.567502072844396 0.041309854486558585
6.328255351220081 -4.168257066832499 0.03769700912600681
6.328255351220081 -3.7792067534352225 0.03502130504542817
6.328255351220081 -3.3985582658596285 0.03310707532683844
6.328255351220081 -3.0248798839012845 0.03180337133689494
6.328255351220081 -2.6569959984428952 0.03097845876557375
6.328255351220081 -2.2939171418750837 0.030516535115406668
6.328255351220081 -1.9347914722822965 0.030315970568808387
6.328255351220081 -1.578869894931614 0.030288541938917075
6.328255351220081 -1.225480109046289 0.03035938349495731
6.328255351220081 -0.8740066123570872 0.03046737667062866
6.328255351220081 -0.5238747138322762 0.030565795634086144
6.328255351220081 -0.17453721459758154 0.030622996845029258
6.328255351220081 0.17453721459758323 0.03062299684503033
6.328255351220081 0.5238747138322778 0.03056579563408934
6.328255351220081 0.8740066123570885 0.030467376670633855
6.328255351220081 1.2254801090462892 0.0303593834949642
6.328255351220081 1.578869894931614 0.030288541938925596
6.328255351220081 1.9347914722822956 0.03031597056881857
6.328255351220081 2.2939171418750837 0.030516535115418072
6.328255351220081 2.656995998442896 0.03097845876558668
6.328255351220081 3.024879883901285 0.03180337133690879
6.328255351220081 3.398558265859627 0.03310707532685226
6.328255351220081 3.779206753435224 0.035021305045445233
6.328255351220081 4.168257066832501 0.03769700912602006
6.328255351220081 4.5675020728443965 0.04130985448655927
6.328255351220081 4.9792609785452555 0.04606943791891539
6.328255351220081 5.406654247970126 0.052234674907885324
6.328255351220081 5.854095056030399 0.06014118665403918
6.328255351220081 6.328255351220081 0.0702530451496224
6.328255351220081 6.840237305249354 0.08327562008828691
6.328255351220081 7.411582531485466 0.10044588570583761
6.328255351220081 8.098761139250847 0.12467000716732492
6.840237305249354 -8.09876113925085 0.14113868001611637
6.840237305249354 -7.411582531485468 0.11568901871026602
6.840237305249354 -6.840237305249354 0.09739181623144695
6.840237305249354 -6.3282553512200845 0.08327562013937384
6.840237305249354 -5.8540950560304035 0.07208352375196535
6.840237305249354 -5.406654247970128 0.06310643386582386
6.840237305249354 -4.979260978545257 0.05588216750384124
6.840237305249354 -4.567502072844396 0.050080005047603446
6.840237305249354 -4.168257066832499 0.04544771968335201
6.840237305249354 -3.7792067534352225 0.0417837949850503
6.840237305249354 -3.3985582658596285 0.03892173531902141
6.840237305249354 -3.0248798839012845 0.036720662051115446
6.840237305249354 -2.6569959984428952 0.035059551787498505
6.840237305249354 -2.2939171418750837 0.03383367609744184
6.840237305249354 -1.9347914722822965 0.03295248443671693
6.840237305249354 -1.578869894931614 0.032338446256302396
6.840237305249354 -1.225480109046289 0.03192656015697208
6.840237305249354 -0.8740066123570872 0.0316643017818397
6.840237305249354 -0.5238747138322762 0.03151183917850208
6.840237305249354 -0.17453721459758154 0.03144235646504454
6.840237305249354 0.17453721459758323 0.03144235646504542
6.840237305249354 0.5238747138322778 0.031511839178504725
6.840237305249354 0.8740066123570885 0.03166430178184389
6.840237305249354 1.2254801090462892 0.031926560156977694
6.840237305249354 1.578869894931614 0.03233844625630934
6.840237305249354 1.9347914722822956 0.032952484436725195
6.840237305249354 2.2939171418750837 0.03383367609745112
6.840237305249354 2.656995998442896 0.0350595517875089
6.840237305249354 3.024879883901285 0.03672066205112653
6.840237305249354 3.398558265859627 0.03892173531903234
6.840237305249354 3.779206753435224 0.04178379498506397
6.840237305249354 4.168257066832501 0.045447719683362246
6.840237305249354 4.5675020728443965 0.05008000504760268
6.840237305249354 4.9792609785452555 0.05588216750386903
6.840237305249354 5.406654247970126 0.06310643386617236
6.840237305249354 5.854095056030399 0.07208352375130495
6.840237305249354 6.328255351220081 0.08327562008828711
6.840237305249354 6.840237305249354 0.09739181592375803
6.840237305249354 7.411582531485466 0.11568901540018721
6.840237305249354 8.098761139250847 0.14113866908370504
7.411582531485466 -8.09876113925085 0.16193987919497677
7.411582531485466 -7.411582531485468 0.13516773652543634
7.411582531485466 -6.840237305249354 0.11568901562566601
7.411582531485466 -6.3282553512200845 0.10044588574403987
7.411582531485466 -5.8540950560304035 0.08815355598093372
7.411582531485466 -5.406654247970128 0.07809529258185116
7.411582531485466 -4.979260978545257 0.06980902977687563
7.411582531485466 -4.567502072844396 0.06296807693960592
7.411582531485466 -4.168257066832499 0.05732640624610033
7.411582531485466 -3.7792067534352225 0.052690112565606954
7.411582531485466 -3.3985582658596285 0.04890126311618569
7.411582531485466 -3.0248798839012845 0.045828190219061725
7.411582531485466 -2.6569959984428952 0.043359448957117165
7.411582531485466 -2.2939171418750837 0.04139998540171037
7.411582531485466 -1.9347914722822965 0.03986872508588231
7.411582531485466 -1.578869894931614 0.038697108453275696
7.411582531485466 -1.225480109046289 0.03782827874398009
7.411582531485466 -0.8740066123570872 0.03721671348955813
7.411582531485466 -0.5238747138322762 0.036828141527526496
7.411582531485466 -0.17453721459758154 0.03663961276632564
7.411582531485466 0.17453721459758323 0.036639612766326275
7.411582531485466 0.5238747138322778 0.03682814152752834
7.411582531485466 0.8740066123570885 0.03721671348956103
7.411582531485466 1.2254801090462892 0.037828278743983965
7.411582531485466 1.578869894931614 0.03869710845328059
7.411582531485466 1.9347914722822956 0.03986872508588829
7.411582531485466 2.2939171418750837 0.04139998540171711
7.411582531485466 2.656995998442896 0.04335944895712464
7.411582531485466 3.024879883901285 0.04582819021906948
7.411582531485466 3.398558265859627 0.04890126311619329
7.411582531485466 3.779206753435224 0.052690112565616655
7.411582531485466 4.168257066832501 0.05732640624610731
7.411582531485466 4.5675020728443965 0.06296807693960392
7.411582531485466 4.9792609785452555 0.06980902977689583
7.411582531485466 5.406654247970126 0.07809529258211878
7.411582531485466 5.854095056030399 0.08815355598042815
7.411582531485466 6.328255351220081 0.10044588570584081
7.411582531485466 6.840237305249354 0.11568901540019176
7.411582531485466 7.411582531485466 0.1351677341453624
7.411582531485466 8.098761139250847 0.1619398713838094
8.098761139250847 -8.09876113925085 0.19024635754472954
8.098761139250847 -7.411582531485468 0.16193987269594093
8.098761139250847 -6.840237305249354 0.14113866920882112
8.098761139250847 -6.3282553512200845 0.12467000718885411
8.098761139250847 -5.8540950560304035 0.11120860594390561
8.098761139250847 -5.406654247970128 0.10002283754560086
8.098761139250847 -4.979260978545257 0.09064651050468425
8.098761139250847 -4.567502072844396 0.08275432053094113
8.098761139250847 -4.168257066832499 0.0761046260200018
8.098761139250847 -3.7792067534352225 0.07050960728085702
8.098761139250847 -3.3985582658596285 0.06581832501971341
8.098761139250847 -3.0248798839012845 0.061906498348645825
8.098761139250847 -2.6569959984428952 0.05867008954205378
8.098761139250847 -2.2939171418750837 0.05602119281454536
8.098761139250847 -1.9347914722822965 0.05388540277716667
8.098761139250847 -1.578869894931614 0.05220017632659756
8.098761139250847 -1.225480109046289 0.05091388041339104
8.098761139250847 -0.8740066123570872 0.04998531093465086
8.098761139250847 -0.5238747138322762 0.049383518829226036
8.098761139250847 -0.17453721459758154 0.04908780975460713
8.098761139250847 0.17453721459758323 0.049087809754607435
8.098761139250847 0.5238747138322778 0.04938351882922692
8.098761139250847 0.8740066123570885 0.04998531093465219
8.098761139250847 1.2254801090462892 0.05091388041339284
8.098761139250847 1.578869894931614 0.05220017632660006
8.098761139250847 1.9347914722822956 0.05388540277716985
8.098761139250847 2.2939171418750837 0.05602119281454901
8.098761139250847 2.656995998442896 0.05867008954205784
8.098761139250847 3.024879883901285 0.06190649834864992
8.098761139250847 3.398558265859627 0.06581832501971728
8.098761139250847 3.779206753435224 0.07050960728086217
8.098761139250847 4.168257066832501 0.07610462602000506
8.098761139250847 4.5675020728443965 0.08275432053093924
8.098761139250847 4.9792609785452555 0.0906465105046944
8.098761139250847 5.406654247970126 0.1000228375457551
8.098761139250847 5.854095056030399 0.11120860594361028
8.098761139250847 6.328255351220081 0.12467000716732216
8.098761139250847 6.840237305249354 0.14113866908372608
8.098761139250847 7.411582531485466 0.1619398713837309
8.098761139250847 8.098761139250847 0.19024635313902236
